0 0.486000 0.085452 0.036000 0.029661
0 0.609000 0.131356 0.018000 0.014124
0 0.528000 0.151130 0.020000 0.016949
0 0.185000 0.279661 0.018000 0.016949
0 0.787000 0.280367 0.018000 0.018362
0 0.158000 0.316384 0.020000 0.016949
0 0.493000 0.334040 0.018000 0.018362
0 0.157000 0.353814 0.018000 0.015537
0 0.599000 0.448446 0.018000 0.018362
0 0.680000 0.744350 0.016000 0.016949
0 0.405000 0.798023 0.018000 0.016949
0 0.572000 0.817090 0.020000 0.018362
0 0.609000 0.817797 0.018000 0.016949
0 0.598000 0.836158 0.016000 0.016949
0 0.122000 0.854520 0.020000 0.022599
0 0.775000 0.759887 0.018000 0.014124
