0 0.535000 0.079096 0.026000 0.033898
0 0.601000 0.270480 0.022000 0.018362
0 0.792000 0.297316 0.020000 0.018362
0 0.662000 0.326271 0.020000 0.022599
0 0.298000 0.382062 0.020000 0.018362
0 0.137000 0.406073 0.022000 0.024011
0 0.601000 0.437853 0.018000 0.016949
0 0.198000 0.465395 0.020000 0.021186
0 0.541000 0.463983 0.022000 0.018362
0 0.722000 0.464689 0.020000 0.022599
0 0.298000 0.492232 0.020000 0.021186
0 0.712000 0.547316 0.020000 0.024011
0 0.218000 0.573446 0.020000 0.019774
0 0.359000 0.629237 0.022000 0.024011
0 0.662000 0.630650 0.024000 0.018362
0 0.802000 0.632062 0.020000 0.021186
0 0.198000 0.658192 0.020000 0.019774
0 0.459000 0.658192 0.022000 0.019774
0 0.580000 0.658898 0.020000 0.021186
0 0.339000 0.740819 0.022000 0.021186
0 0.580000 0.741525 0.020000 0.019774
0 0.620000 0.769068 0.020000 0.018362
0 0.864000 0.769774 0.020000 0.019774
0 0.380000 0.796610 0.020000 0.019774
0 0.358000 0.851695 0.020000 0.022599
0 0.118000 0.879944 0.024000 0.016949
