0 0.508000 0.102401 0.032000 0.035311
0 0.725000 0.101695 0.034000 0.031073
0 0.421000 0.141243 0.026000 0.022599
0 0.609000 0.239407 0.026000 0.021186
0 0.679000 0.238701 0.026000 0.022599
0 0.293000 0.273305 0.026000 0.026836
0 0.763000 0.271893 0.026000 0.024011
0 0.835000 0.272599 0.030000 0.025424
0 0.610000 0.303672 0.024000 0.025424
0 0.609000 0.595339 0.026000 0.024011
0 0.691000 0.629944 0.026000 0.025424
0 0.303000 0.659605 0.026000 0.022599
0 0.278000 0.725282 0.024000 0.024011
0 0.562000 0.820621 0.028000 0.022599
0 0.292000 0.854520 0.024000 0.028249
