0 0.508000 0.095339 0.016000 0.012712
0 0.212000 0.129237 0.016000 0.012712
0 0.424000 0.214689 0.016000 0.014124
0 0.265000 0.235876 0.018000 0.014124
0 0.389000 0.257062 0.018000 0.014124
0 0.159000 0.278249 0.018000 0.014124
0 0.337000 0.278249 0.018000 0.014124
0 0.248000 0.300141 0.016000 0.012712
0 0.195000 0.320621 0.018000 0.014124
0 0.301000 0.320621 0.018000 0.014124
0 0.380000 0.343220 0.016000 0.014124
0 0.310000 0.363701 0.016000 0.015537
0 0.521000 0.470339 0.018000 0.014124
0 0.284000 0.491525 0.020000 0.014124
0 0.502000 0.491525 0.016000 0.014124
0 0.425000 0.512712 0.018000 0.014124
0 0.247000 0.533898 0.018000 0.014124
0 0.671000 0.533898 0.018000 0.014124
0 0.389000 0.555085 0.018000 0.014124
0 0.601000 0.555085 0.018000 0.014124
0 0.301000 0.576977 0.018000 0.012712
0 0.300000 0.619350 0.016000 0.012712
0 0.389000 0.619350 0.018000 0.012712
0 0.424000 0.640537 0.016000 0.012712
0 0.424000 0.725282 0.016000 0.012712
