0 0.159000 0.117938 0.018000 0.018362
0 0.530000 0.116525 0.016000 0.015537
0 0.424000 0.159605 0.016000 0.014124
0 0.195000 0.202684 0.018000 0.015537
0 0.519000 0.201977 0.018000 0.016949
0 0.665000 0.223870 0.018000 0.015537
0 0.548000 0.308616 0.016000 0.015537
0 0.668000 0.350989 0.016000 0.015537
0 0.284000 0.330508 0.016000 0.014124
0 0.406000 0.372881 0.016000 0.014124
0 0.672000 0.478814 0.016000 0.014124
0 0.336000 0.500000 0.016000 0.014124
0 0.389000 0.521186 0.018000 0.014124
0 0.459000 0.542373 0.018000 0.014124
0 0.637000 0.542373 0.018000 0.014124
0 0.761000 0.564972 0.018000 0.014124
0 0.407000 0.778249 0.018000 0.014124
0 0.407000 0.798023 0.018000 0.014124
0 0.461000 0.820621 0.018000 0.014124
0 0.603000 0.841102 0.018000 0.015537
0 0.479000 0.884887 0.018000 0.015537
0 0.435000 0.734463 0.018000 0.014124
