0 0.523000 0.141243 0.022000 0.025424
0 0.244000 0.325565 0.020000 0.021186
0 0.781000 0.322740 0.018000 0.024011
0 0.630000 0.348870 0.020000 0.019774
0 0.344000 0.456921 0.016000 0.018362
0 0.648000 0.456921 0.020000 0.018362
0 0.765000 0.456921 0.018000 0.018362
0 0.748000 0.498588 0.016000 0.014124
0 0.277000 0.524011 0.018000 0.016949
0 0.730000 0.524011 0.016000 0.016949
0 0.259000 0.549435 0.018000 0.019774
0 0.311000 0.591102 0.018000 0.021186
0 0.748000 0.590395 0.016000 0.022599
0 0.833000 0.656780 0.018000 0.016949
0 0.193000 0.774718 0.018000 0.018362
0 0.395000 0.774718 0.018000 0.018362
0 0.293000 0.841808 0.018000 0.025424
0 0.529000 0.842514 0.018000 0.021186
