0 0.473000 0.177966 0.026000 0.022599
0 0.580000 0.177260 0.024000 0.029661
0 0.267000 0.252119 0.026000 0.026836
0 0.444000 0.252119 0.024000 0.021186
0 0.415000 0.399718 0.026000 0.028249
0 0.416000 0.509887 0.024000 0.025424
0 0.775000 0.658192 0.026000 0.028249
0 0.444000 0.694209 0.028000 0.026836
0 0.315000 0.805085 0.026000 0.025424
0 0.718000 0.805791 0.024000 0.029661
0 0.290000 0.842514 0.024000 0.024011
0 0.794000 0.843220 0.024000 0.025424
0 0.339000 0.878531 0.026000 0.025424
0 0.592000 0.882062 0.024000 0.026836
