0 0.298000 0.095339 0.020000 0.015537
0 0.299000 0.132062 0.022000 0.018362
0 0.562000 0.132062 0.020000 0.015537
0 0.198000 0.149718 0.024000 0.016949
0 0.460000 0.151130 0.020000 0.016949
0 0.298000 0.187147 0.020000 0.015537
0 0.662000 0.187147 0.020000 0.015537
0 0.420000 0.206215 0.020000 0.016949
0 0.278000 0.242938 0.020000 0.016949
0 0.540000 0.243644 0.020000 0.018362
0 0.278000 0.299435 0.020000 0.016949
0 0.622000 0.317090 0.020000 0.015537
0 0.380000 0.354520 0.020000 0.016949
0 0.662000 0.354520 0.020000 0.016949
0 0.400000 0.391243 0.020000 0.016949
0 0.662000 0.390537 0.020000 0.018362
0 0.420000 0.427966 0.020000 0.016949
0 0.783000 0.428672 0.022000 0.018362
0 0.278000 0.484463 0.020000 0.016949
0 0.340000 0.483757 0.020000 0.015537
0 0.440000 0.484463 0.020000 0.016949
