0 0.251000 0.069083 0.018000 0.015048
0 0.232000 0.106019 0.020000 0.015048
0 0.329000 0.105335 0.018000 0.013680
0 0.319000 0.142955 0.018000 0.015048
0 0.359000 0.179891 0.018000 0.015048
0 0.232000 0.198358 0.020000 0.016416
0 0.209000 0.235294 0.018000 0.013680
0 0.227000 0.290698 0.018000 0.015048
0 0.270000 0.309166 0.020000 0.013680
0 0.403000 0.326949 0.018000 0.013680
0 0.423000 0.364569 0.018000 0.015048
0 0.311000 0.401505 0.018000 0.015048
0 0.133000 0.437756 0.018000 0.016416
0 0.076000 0.493844 0.020000 0.013680
0 0.134000 0.512312 0.020000 0.015048
0 0.259000 0.566347 0.018000 0.016416
0 0.255000 0.586867 0.018000 0.016416
0 0.373000 0.603967 0.018000 0.015048
0 0.403000 0.621751 0.018000 0.015048
0 0.077000 0.660055 0.018000 0.015048
0 0.358000 0.768810 0.016000 0.013680
0 0.284000 0.806430 0.020000 0.015048
0 0.674000 0.906293 0.016000 0.012312
0 0.732000 0.104651 0.016000 0.015048
0 0.577000 0.142271 0.018000 0.013680
0 0.517000 0.160739 0.018000 0.015048
0 0.823000 0.199042 0.026000 0.017784
0 0.823000 0.261286 0.018000 0.016416
0 0.680000 0.279070 0.020000 0.016416
0 0.649000 0.296854 0.018000 0.013680
0 0.686000 0.350889 0.020000 0.015048
0 0.846000 0.350889 0.020000 0.015048
0 0.828000 0.406293 0.020000 0.016416
0 0.627000 0.441860 0.018000 0.016416
0 0.846000 0.440492 0.016000 0.013680
0 0.556000 0.460328 0.020000 0.015048
0 0.905000 0.459644 0.022000 0.016416
0 0.556000 0.479480 0.020000 0.015048
0 0.555000 0.515048 0.018000 0.015048
0 0.686000 0.515048 0.020000 0.015048
0 0.800000 0.587551 0.020000 0.015048
0 0.828000 0.606019 0.020000 0.016416
0 0.643000 0.641587 0.018000 0.013680
0 0.575000 0.678523 0.018000 0.016416
0 0.611000 0.695622 0.018000 0.015048
0 0.556000 0.714774 0.020000 0.017784
0 0.761000 0.714090 0.018000 0.016416
0 0.857000 0.714090 0.018000 0.016416
0 0.740000 0.731874 0.020000 0.016416
0 0.632000 0.805746 0.020000 0.016416
0 0.829000 0.803694 0.018000 0.015048
0 0.829000 0.822161 0.018000 0.013680
0 0.518000 0.842681 0.020000 0.013680
0 0.500000 0.859781 0.024000 0.015048
0 0.799000 0.877565 0.018000 0.015048
0 0.329000 0.253762 0.022000 0.012312
0 0.057000 0.696306 0.022000 0.016416
0 0.443000 0.640219 0.018000 0.013680
0 0.536000 0.569083 0.020000 0.016416
