0 0.163000 0.103814 0.026000 0.024011
0 0.259000 0.213277 0.030000 0.022599
0 0.162000 0.252119 0.024000 0.024011
0 0.541000 0.288136 0.026000 0.022599
0 0.245000 0.324859 0.026000 0.019774
0 0.755000 0.325565 0.026000 0.021186
0 0.460000 0.362994 0.024000 0.022599
0 0.299000 0.399011 0.030000 0.024011
0 0.514000 0.399718 0.028000 0.022599
0 0.824000 0.399718 0.028000 0.025424
0 0.271000 0.472458 0.026000 0.024011
0 0.191000 0.510593 0.026000 0.024011
0 0.446000 0.510593 0.024000 0.021186
0 0.689000 0.511299 0.022000 0.022599
0 0.190000 0.546610 0.024000 0.022599
0 0.380000 0.546610 0.024000 0.022599
0 0.419000 0.583333 0.026000 0.022599
0 0.380000 0.622881 0.024000 0.022599
0 0.541000 0.622175 0.026000 0.021186
0 0.433000 0.658192 0.026000 0.022599
0 0.675000 0.659605 0.026000 0.022599
0 0.164000 0.695621 0.028000 0.024011
0 0.163000 0.732345 0.030000 0.024011
0 0.553000 0.769774 0.026000 0.022599
0 0.703000 0.807203 0.026000 0.021186
0 0.164000 0.843927 0.028000 0.024011
0 0.244000 0.883475 0.028000 0.024011
0 0.406000 0.881356 0.024000 0.022599
