0 0.500000 0.099010 0.036000 0.028289
0 0.378000 0.154880 0.024000 0.018388
0 0.692000 0.154173 0.024000 0.019802
0 0.209000 0.181047 0.022000 0.016973
0 0.280000 0.209335 0.024000 0.019802
0 0.378000 0.208628 0.024000 0.018388
0 0.787000 0.236209 0.022000 0.019802
0 0.448000 0.263083 0.024000 0.019802
0 0.569000 0.263083 0.022000 0.019802
0 0.264000 0.318246 0.024000 0.016973
0 0.503000 0.317539 0.022000 0.018388
0 0.503000 0.345120 0.022000 0.019802
0 0.787000 0.345120 0.022000 0.019802
0 0.210000 0.373409 0.024000 0.019802
0 0.497000 0.373409 0.026000 0.019802
0 0.784000 0.372702 0.024000 0.018388
0 0.266000 0.427864 0.024000 0.018388
0 0.668000 0.427864 0.024000 0.018388
0 0.186000 0.455446 0.024000 0.019802
0 0.540000 0.455446 0.024000 0.019802
0 0.377000 0.482320 0.022000 0.019802
0 0.784000 0.482320 0.024000 0.019802
0 0.258000 0.537482 0.024000 0.019802
0 0.186000 0.565064 0.024000 0.018388
0 0.809000 0.564356 0.022000 0.016973
0 0.264000 0.647100 0.024000 0.018388
0 0.456000 0.647100 0.024000 0.018388
0 0.498000 0.673267 0.024000 0.019802
0 0.784000 0.673267 0.024000 0.019802
0 0.316000 0.701556 0.024000 0.019802
0 0.580000 0.700849 0.024000 0.018388
0 0.622000 0.729137 0.024000 0.018388
0 0.257000 0.755304 0.022000 0.019802
0 0.785000 0.755304 0.022000 0.019802
0 0.210000 0.782885 0.024000 0.018388
0 0.330000 0.782885 0.024000 0.018388
0 0.268000 0.811881 0.024000 0.019802
0 0.679000 0.811174 0.022000 0.018388
0 0.258000 0.836634 0.024000 0.018388
0 0.496000 0.837341 0.024000 0.019802
0 0.784000 0.837341 0.024000 0.019802
0 0.378000 0.864922 0.024000 0.018388
