0 0.222000 0.148305 0.036000 0.031073
0 0.591000 0.148305 0.038000 0.028249
0 0.317000 0.303672 0.030000 0.025424
0 0.351000 0.379944 0.026000 0.025424
0 0.360000 0.418079 0.028000 0.022599
0 0.374000 0.454802 0.028000 0.022599
0 0.317000 0.492938 0.030000 0.022599
0 0.374000 0.493644 0.028000 0.024011
0 0.582000 0.569209 0.028000 0.022599
0 0.262000 0.682910 0.032000 0.021186
0 0.288000 0.759181 0.028000 0.024011
0 0.619000 0.758475 0.034000 0.022599
0 0.823000 0.759181 0.030000 0.026836
0 0.385000 0.796610 0.034000 0.022599
0 0.647000 0.798023 0.030000 0.025424
0 0.171000 0.834746 0.034000 0.022599
0 0.261000 0.873588 0.030000 0.024011
0 0.431000 0.874294 0.030000 0.022599
0 0.661000 0.873588 0.030000 0.021186
