0 0.342000 0.225768 0.048000 0.068558
0 0.677000 0.465721 0.022000 0.037825
0 0.230000 0.511820 0.024000 0.035461
0 0.318000 0.510638 0.024000 0.033097
0 0.452000 0.513002 0.024000 0.033097
0 0.564000 0.513002 0.020000 0.037825
0 0.676000 0.514184 0.020000 0.030733
0 0.853000 0.515366 0.022000 0.033097
0 0.164000 0.563830 0.024000 0.040189
0 0.363000 0.560284 0.022000 0.033097
0 0.497000 0.557920 0.022000 0.033097
0 0.764000 0.563830 0.020000 0.040189
0 0.185000 0.644208 0.026000 0.044917
0 0.452000 0.643026 0.024000 0.033097
0 0.563000 0.691489 0.022000 0.035461
0 0.876000 0.690307 0.024000 0.033097
0 0.319000 0.737589 0.022000 0.037825
0 0.697000 0.735225 0.022000 0.042553
0 0.298000 0.783688 0.024000 0.040189
0 0.675000 0.783688 0.022000 0.035461
0 0.362000 0.867612 0.024000 0.037825
0 0.653000 0.865248 0.022000 0.042553
0 0.853000 0.866430 0.022000 0.040189
0 0.386000 0.913712 0.024000 0.040189
0 0.809000 0.916076 0.026000 0.040189
0 0.498000 0.959811 0.024000 0.037825
