0 0.405000 0.102401 0.026000 0.024011
0 0.257000 0.139124 0.022000 0.018362
0 0.433000 0.139124 0.022000 0.018362
0 0.594000 0.103814 0.024000 0.021186
0 0.328000 0.214689 0.024000 0.019774
0 0.563000 0.214689 0.022000 0.019774
0 0.445000 0.250706 0.022000 0.018362
0 0.633000 0.214689 0.022000 0.016949
0 0.728000 0.214689 0.024000 0.019774
0 0.774000 0.251412 0.020000 0.019774
0 0.327000 0.361582 0.022000 0.016949
0 0.516000 0.362288 0.024000 0.021186
0 0.315000 0.399011 0.022000 0.021186
0 0.386000 0.473870 0.024000 0.018362
0 0.209000 0.547316 0.022000 0.021186
0 0.773000 0.547316 0.022000 0.018362
0 0.351000 0.585452 0.022000 0.018362
0 0.609000 0.584746 0.022000 0.016949
0 0.786000 0.695621 0.024000 0.018362
0 0.610000 0.733757 0.024000 0.018362
0 0.186000 0.769774 0.024000 0.019774
0 0.703000 0.770480 0.022000 0.018362
0 0.256000 0.807203 0.024000 0.018362
