0 0.503000 0.149923 0.022000 0.021638
0 0.203000 0.231839 0.022000 0.021638
0 0.343000 0.277434 0.022000 0.020093
0 0.389000 0.278980 0.022000 0.020093
0 0.515000 0.278207 0.022000 0.021638
0 0.607000 0.277434 0.018000 0.020093
0 0.699000 0.277434 0.022000 0.020093
0 0.229000 0.324575 0.022000 0.018547
0 0.435000 0.324575 0.022000 0.018547
0 0.317000 0.360124 0.022000 0.021638
0 0.501000 0.360124 0.022000 0.021638
0 0.340000 0.393354 0.020000 0.020093
0 0.523000 0.394127 0.022000 0.021638
0 0.271000 0.556414 0.022000 0.018547
0 0.295000 0.639104 0.022000 0.020093
0 0.390000 0.766615 0.020000 0.021638
0 0.317000 0.800618 0.022000 0.018547
0 0.477000 0.801391 0.022000 0.020093
0 0.593000 0.800618 0.022000 0.021638
0 0.799000 0.800618 0.022000 0.018547
0 0.251000 0.846986 0.022000 0.021638
0 0.389000 0.894127 0.022000 0.020093
