0 0.113000 0.085069 0.022000 0.024306
0 0.705000 0.153646 0.022000 0.026042
0 0.201000 0.251736 0.022000 0.024306
0 0.705000 0.677951 0.022000 0.022569
0 0.158000 0.701389 0.020000 0.020833
0 0.645000 0.771701 0.022000 0.022569
0 0.421000 0.888889 0.022000 0.024306
0 0.617000 0.889757 0.022000 0.022569
0 0.793000 0.910590 0.022000 0.019097
0 0.551000 0.933160 0.022000 0.019097
0 0.662000 0.934896 0.024000 0.019097
0 0.793000 0.935764 0.022000 0.020833
0 0.113000 0.958333 0.022000 0.020833
0 0.836000 0.959201 0.024000 0.026042
