0 0.376000 0.104520 0.024000 0.028249
0 0.486000 0.199153 0.020000 0.019774
0 0.749000 0.197034 0.022000 0.021186
0 0.362000 0.225989 0.020000 0.016949
0 0.532000 0.252825 0.020000 0.016949
0 0.758000 0.255650 0.020000 0.019774
0 0.210000 0.281073 0.020000 0.019774
0 0.527000 0.309322 0.022000 0.019774
0 0.200000 0.363701 0.020000 0.021186
0 0.242000 0.391949 0.020000 0.021186
0 0.533000 0.420198 0.022000 0.024011
0 0.281000 0.447740 0.022000 0.016949
0 0.342000 0.449859 0.020000 0.021186
0 0.564000 0.476695 0.020000 0.021186
0 0.462000 0.502825 0.020000 0.019774
0 0.322000 0.532486 0.020000 0.025424
0 0.684000 0.532486 0.020000 0.019774
0 0.462000 0.558616 0.020000 0.021186
0 0.543000 0.559322 0.022000 0.019774
0 0.322000 0.615113 0.020000 0.021186
0 0.523000 0.614407 0.022000 0.022599
0 0.827000 0.615819 0.022000 0.028249
0 0.463000 0.670198 0.022000 0.021186
0 0.422000 0.725989 0.020000 0.022599
0 0.564000 0.726695 0.020000 0.021186
0 0.240000 0.752825 0.020000 0.022599
0 0.261000 0.808616 0.022000 0.021186
0 0.261000 0.838983 0.022000 0.019774
0 0.502000 0.891243 0.024000 0.019774
0 0.664000 0.889124 0.020000 0.026836
