0 0.445000 0.101695 0.026000 0.019774
0 0.742000 0.101695 0.028000 0.025424
0 0.352000 0.129237 0.028000 0.021186
0 0.594000 0.187147 0.024000 0.024011
0 0.546000 0.271893 0.028000 0.024011
0 0.688000 0.300847 0.024000 0.022599
0 0.445000 0.471751 0.026000 0.022599
0 0.797000 0.471045 0.026000 0.021186
0 0.352000 0.500000 0.024000 0.019774
0 0.163000 0.528249 0.030000 0.022599
0 0.527000 0.557910 0.026000 0.025424
0 0.607000 0.557203 0.026000 0.021186
0 0.715000 0.555791 0.026000 0.021186
0 0.191000 0.612288 0.026000 0.021186
0 0.527000 0.643362 0.026000 0.026836
0 0.581000 0.642655 0.026000 0.025424
0 0.755000 0.671610 0.026000 0.021186
0 0.271000 0.699153 0.022000 0.019774
0 0.379000 0.699859 0.026000 0.021186
0 0.675000 0.699859 0.026000 0.021186
0 0.191000 0.728107 0.026000 0.021186
0 0.634000 0.757062 0.024000 0.019774
0 0.527000 0.841808 0.026000 0.019774
0 0.581000 0.842514 0.026000 0.021186
0 0.688000 0.842514 0.028000 0.024011
0 0.325000 0.870763 0.026000 0.018362
0 0.418000 0.898305 0.028000 0.022599
0 0.527000 0.899718 0.026000 0.025424
0 0.715000 0.755650 0.026000 0.022599
