0 0.470000 0.118644 0.028000 0.028249
0 0.314000 0.173023 0.024000 0.018362
0 0.454000 0.247881 0.024000 0.021186
0 0.378000 0.284605 0.024000 0.021186
0 0.164000 0.396186 0.024000 0.021186
0 0.378000 0.432910 0.024000 0.024011
0 0.630000 0.432910 0.024000 0.021186
0 0.530000 0.506356 0.024000 0.018362
0 0.680000 0.506356 0.024000 0.021186
0 0.278000 0.579802 0.024000 0.021186
0 0.378000 0.580508 0.024000 0.019774
0 0.378000 0.617938 0.024000 0.021186
0 0.756000 0.617232 0.024000 0.019774
0 0.517000 0.654661 0.026000 0.018362
