0 0.321000 0.120056 0.030000 0.025424
0 0.439000 0.174435 0.026000 0.021186
0 0.276000 0.209746 0.024000 0.021186
0 0.389000 0.207627 0.026000 0.019774
0 0.832000 0.208333 0.024000 0.024011
0 0.629000 0.281780 0.026000 0.021186
0 0.768000 0.319915 0.024000 0.024011
0 0.340000 0.357345 0.024000 0.019774
0 0.617000 0.358051 0.026000 0.021186
0 0.213000 0.394068 0.026000 0.019774
0 0.516000 0.430791 0.024000 0.019774
0 0.529000 0.468927 0.026000 0.022599
0 0.579000 0.505650 0.022000 0.019774
0 0.162000 0.543079 0.028000 0.018362
0 0.390000 0.542373 0.024000 0.019774
0 0.605000 0.617232 0.026000 0.016949
0 0.440000 0.653955 0.024000 0.019774
0 0.603000 0.691384 0.026000 0.021186
0 0.522000 0.727401 0.024000 0.019774
