0 0.485000 0.103814 0.026000 0.021186
0 0.432000 0.141243 0.024000 0.016949
0 0.644000 0.140537 0.024000 0.018362
0 0.608000 0.177260 0.024000 0.018362
0 0.679000 0.178672 0.022000 0.018362
0 0.350000 0.215395 0.024000 0.018362
0 0.361000 0.289548 0.022000 0.019774
0 0.184000 0.326977 0.024000 0.018362
0 0.773000 0.326271 0.022000 0.016949
0 0.396000 0.362994 0.024000 0.019774
0 0.490000 0.362994 0.024000 0.019774
0 0.750000 0.362994 0.024000 0.016949
0 0.279000 0.400424 0.022000 0.018362
0 0.160000 0.437853 0.024000 0.019774
0 0.267000 0.512006 0.022000 0.018362
0 0.538000 0.511299 0.024000 0.019774
0 0.279000 0.548729 0.022000 0.018362
0 0.609000 0.548729 0.022000 0.018362
0 0.538000 0.586158 0.024000 0.019774
0 0.703000 0.585452 0.022000 0.018362
0 0.186000 0.622881 0.024000 0.019774
0 0.302000 0.623588 0.024000 0.021186
0 0.538000 0.622175 0.024000 0.021186
0 0.703000 0.622175 0.022000 0.018362
0 0.255000 0.659605 0.022000 0.016949
0 0.608000 0.659605 0.024000 0.019774
0 0.772000 0.659605 0.024000 0.019774
0 0.280000 0.697034 0.024000 0.018362
0 0.443000 0.697034 0.022000 0.018362
0 0.620000 0.771186 0.024000 0.019774
0 0.326000 0.807203 0.024000 0.018362
0 0.303000 0.845339 0.022000 0.018362
