0 0.252000 0.094767 0.020000 0.014144
0 0.202000 0.113154 0.020000 0.016973
0 0.202000 0.149929 0.020000 0.014144
0 0.572000 0.150636 0.020000 0.015559
0 0.244000 0.205799 0.020000 0.015559
0 0.512000 0.205092 0.020000 0.016973
0 0.710000 0.205092 0.020000 0.016973
0 0.282000 0.242574 0.020000 0.015559
0 0.485000 0.242574 0.022000 0.015559
0 0.697000 0.242574 0.018000 0.015559
0 0.202000 0.297737 0.020000 0.015559
0 0.202000 0.316832 0.020000 0.014144
0 0.348000 0.354314 0.020000 0.018388
0 0.504000 0.372702 0.020000 0.015559
0 0.352000 0.409477 0.020000 0.015559
0 0.462000 0.576379 0.020000 0.015559
0 0.456000 0.594767 0.020000 0.015559
0 0.718000 0.724187 0.020000 0.016973
0 0.541000 0.743281 0.018000 0.015559
0 0.182000 0.761669 0.020000 0.015559
0 0.476000 0.761669 0.020000 0.015559
0 0.819000 0.760962 0.022000 0.014144
