0 0.552000 0.308642 0.024000 0.027778
0 0.246000 0.603395 0.020000 0.018519
0 0.334000 0.583333 0.020000 0.015432
0 0.294000 0.662037 0.020000 0.015432
0 0.784000 0.682099 0.020000 0.018519
0 0.256000 0.722222 0.020000 0.018519
0 0.657000 0.760031 0.018000 0.020062
0 0.736000 0.780093 0.020000 0.016975
0 0.676000 0.819444 0.020000 0.018519
0 0.402000 0.858025 0.020000 0.018519
0 0.813000 0.878086 0.018000 0.018519
0 0.667000 0.898148 0.018000 0.018519
0 0.579000 0.858796 0.022000 0.016975
0 0.540000 0.780864 0.020000 0.015432
0 0.530000 0.837963 0.020000 0.018519
