0 0.410635 0.066667 0.026588 0.066667
0 0.637371 0.068333 0.028065 0.070000
0 0.751846 0.066667 0.026588 0.073333
0 0.471935 0.153333 0.028065 0.066667
0 0.268095 0.395000 0.025111 0.070000
0 0.586411 0.391667 0.026588 0.070000
0 0.802806 0.390000 0.028065 0.080000
0 0.141064 0.500000 0.025111 0.073333
0 0.257016 0.503333 0.026588 0.073333
0 0.403250 0.500000 0.029542 0.066667
0 0.607829 0.500000 0.025111 0.073333
0 0.842688 0.498333 0.028065 0.083333
0 0.319793 0.816667 0.028065 0.073333
0 0.529542 0.818333 0.025111 0.063333
0 0.700886 0.820000 0.025111 0.073333
0 0.815362 0.818333 0.026588 0.076667
0 0.338257 0.906667 0.026588 0.073333
