0 0.253125 0.530946 0.018750 0.016799
0 0.382500 0.586649 0.017500 0.015031
0 0.454375 0.606543 0.018750 0.014147
0 0.270000 0.624668 0.020000 0.015031
0 0.401875 0.625111 0.018750 0.015915
0 0.199375 0.643236 0.018750 0.013263
0 0.232500 0.643236 0.017500 0.013263
0 0.322500 0.644120 0.017500 0.015031
0 0.392500 0.643236 0.017500 0.013263
0 0.411250 0.643236 0.015000 0.013263
0 0.127500 0.663130 0.020000 0.017683
0 0.145625 0.662688 0.016250 0.015031
0 0.233125 0.662688 0.016250 0.015031
0 0.322500 0.662688 0.017500 0.015031
0 0.357500 0.662246 0.017500 0.014147
0 0.455000 0.661804 0.020000 0.016799
0 0.182500 0.699381 0.020000 0.015915
0 0.363750 0.699823 0.017500 0.015031
0 0.198750 0.717507 0.017500 0.015031
0 0.401875 0.717507 0.018750 0.016799
0 0.251250 0.736958 0.020000 0.015031
0 0.357500 0.736958 0.017500 0.015031
0 0.180000 0.756410 0.017500 0.016799
0 0.216875 0.755968 0.018750 0.014147
0 0.305000 0.756852 0.017500 0.015915
0 0.375000 0.756410 0.017500 0.015031
0 0.393125 0.755526 0.018750 0.015031
0 0.127500 0.774536 0.020000 0.015915
0 0.145000 0.773652 0.017500 0.015915
0 0.216875 0.774536 0.018750 0.015915
0 0.321875 0.774536 0.018750 0.015915
0 0.322500 0.794430 0.020000 0.016799
0 0.180000 0.811229 0.017500 0.016799
0 0.600625 0.572944 0.013750 0.012378
0 0.573125 0.582228 0.011250 0.009726
0 0.671875 0.582228 0.013750 0.009726
0 0.770000 0.583112 0.012500 0.009726
0 0.792500 0.583112 0.012500 0.009726
0 0.621875 0.621574 0.013750 0.010610
0 0.644375 0.621574 0.011250 0.010610
0 0.698125 0.622016 0.011250 0.009726
0 0.752500 0.622016 0.010000 0.011494
0 0.764375 0.621574 0.011250 0.008842
0 0.566875 0.660920 0.011250 0.011494
0 0.676875 0.660477 0.011250 0.008842
0 0.719375 0.660477 0.011250 0.010610
0 0.731875 0.660477 0.011250 0.010610
0 0.785625 0.660920 0.011250 0.011494
0 0.676875 0.669761 0.011250 0.011494
0 0.698125 0.670203 0.011250 0.008842
0 0.566875 0.705128 0.011250 0.009726
0 0.775000 0.704244 0.012500 0.009726
0 0.600000 0.715296 0.012500 0.010610
0 0.753125 0.714412 0.011250 0.010610
0 0.775625 0.714412 0.011250 0.008842
