0 0.455000 0.096045 0.018000 0.016949
0 0.407000 0.171610 0.018000 0.018362
0 0.212000 0.192797 0.016000 0.018362
0 0.301000 0.213983 0.018000 0.018362
0 0.724000 0.213983 0.020000 0.018362
0 0.618000 0.234463 0.020000 0.016949
0 0.318000 0.256356 0.020000 0.018362
0 0.265000 0.277542 0.018000 0.015537
0 0.565000 0.278249 0.018000 0.016949
0 0.371000 0.299435 0.018000 0.016949
0 0.814000 0.320621 0.020000 0.016949
0 0.265000 0.384181 0.018000 0.016949
0 0.212000 0.406073 0.020000 0.018362
0 0.519000 0.404661 0.018000 0.018362
0 0.557000 0.448446 0.018000 0.018362
0 0.758000 0.533192 0.020000 0.018362
0 0.353000 0.596751 0.018000 0.018362
0 0.495000 0.597458 0.018000 0.016949
