0 0.584000 0.101080 0.024000 0.029321
0 0.470000 0.100309 0.024000 0.027778
0 0.310000 0.149691 0.024000 0.024691
0 0.539000 0.283951 0.026000 0.024691
0 0.226000 0.320216 0.024000 0.026235
0 0.341000 0.318673 0.022000 0.020062
0 0.446000 0.369599 0.024000 0.023148
0 0.562000 0.368056 0.020000 0.026235
0 0.676000 0.484568 0.024000 0.030864
0 0.585000 0.652778 0.022000 0.030864
0 0.524000 0.689815 0.024000 0.027778
0 0.638000 0.686728 0.024000 0.027778
0 0.272000 0.772377 0.024000 0.026235
0 0.661000 0.772377 0.026000 0.026235
0 0.775000 0.774691 0.026000 0.024691
