0 0.549879 0.106883 0.028416 0.026507
0 0.314994 0.279179 0.020556 0.015391
0 0.458888 0.278752 0.018138 0.017956
0 0.233374 0.307396 0.021765 0.017101
0 0.273277 0.333048 0.021765 0.019667
0 0.376663 0.359983 0.019347 0.016246
0 0.226119 0.578880 0.022975 0.018811
0 0.192563 0.686618 0.019952 0.016246
0 0.225212 0.713339 0.022370 0.017529
0 0.354595 0.740274 0.018742 0.017529
0 0.294740 0.768277 0.019952 0.016246
0 0.457981 0.767208 0.019952 0.015819
0 0.662938 0.766994 0.018742 0.017101
0 0.374244 0.795425 0.018138 0.016674
0 0.535973 0.822360 0.021161 0.016674
0 0.174123 0.877512 0.020556 0.015819
0 0.703144 0.903591 0.015719 0.015819
