0 0.546000 0.093927 0.032000 0.024011
0 0.648000 0.293079 0.020000 0.018362
0 0.376000 0.316384 0.024000 0.019774
0 0.798000 0.317090 0.020000 0.018362
0 0.536000 0.341808 0.020000 0.016949
0 0.286000 0.375706 0.024000 0.019774
0 0.345000 0.401130 0.022000 0.016949
0 0.193000 0.423729 0.022000 0.016949
0 0.274000 0.425141 0.020000 0.019774
0 0.638000 0.424435 0.020000 0.018362
0 0.800000 0.425141 0.020000 0.016949
0 0.477000 0.496469 0.018000 0.018362
0 0.729000 0.638418 0.022000 0.019774
0 0.436000 0.661723 0.020000 0.018362
0 0.658000 0.663136 0.020000 0.018362
0 0.840000 0.663136 0.020000 0.021186
0 0.376000 0.722458 0.020000 0.018362
0 0.194000 0.745763 0.020000 0.016949
0 0.244000 0.695621 0.020000 0.018362
0 0.305000 0.778249 0.022000 0.016949
0 0.728000 0.805085 0.020000 0.019774
0 0.808000 0.851695 0.020000 0.016949
0 0.214000 0.875706 0.020000 0.019774
0 0.436000 0.875000 0.020000 0.018362
0 0.720000 0.875706 0.024000 0.016949
0 0.274000 0.899718 0.020000 0.016949
0 0.598000 0.898305 0.020000 0.016949
