0 0.634000 0.108051 0.028000 0.024011
0 0.603000 0.168785 0.018000 0.018362
0 0.481000 0.390537 0.018000 0.018362
0 0.296000 0.446328 0.020000 0.019774
0 0.376000 0.473870 0.020000 0.021186
0 0.442000 0.530367 0.020000 0.018362
0 0.400000 0.556497 0.020000 0.016949
0 0.703000 0.557910 0.022000 0.019774
0 0.156000 0.584746 0.024000 0.019774
0 0.381000 0.585452 0.022000 0.018362
0 0.835000 0.585452 0.022000 0.021186
0 0.220000 0.612994 0.020000 0.019774
0 0.622000 0.612994 0.020000 0.019774
0 0.360000 0.641243 0.020000 0.019774
0 0.744000 0.667373 0.020000 0.015537
0 0.682000 0.668785 0.020000 0.018362
0 0.199000 0.695621 0.018000 0.018362
0 0.562000 0.696328 0.020000 0.019774
0 0.395000 0.723870 0.018000 0.021186
0 0.496000 0.721751 0.020000 0.014124
0 0.698000 0.723870 0.020000 0.015537
0 0.663000 0.778955 0.018000 0.018362
0 0.416000 0.807910 0.020000 0.019774
0 0.537000 0.808616 0.022000 0.021186
0 0.758000 0.807203 0.020000 0.018362
0 0.400000 0.834746 0.020000 0.016949
0 0.462000 0.836158 0.020000 0.019774
0 0.723000 0.835452 0.022000 0.021186
0 0.461000 0.862288 0.022000 0.018362
0 0.623000 0.891949 0.022000 0.021186
0 0.240000 0.752119 0.020000 0.018362
