0 0.281000 0.152542 0.026000 0.022599
0 0.368000 0.495056 0.024000 0.021186
0 0.733000 0.494350 0.022000 0.019774
0 0.561000 0.531073 0.026000 0.022599
0 0.328000 0.568503 0.024000 0.021186
0 0.398000 0.568503 0.024000 0.021186
0 0.656000 0.569209 0.028000 0.022599
0 0.186000 0.654661 0.024000 0.021186
0 0.397000 0.653955 0.026000 0.019774
0 0.455000 0.692090 0.026000 0.019774
0 0.514000 0.814266 0.024000 0.018362
0 0.257000 0.851695 0.022000 0.019774
0 0.327000 0.852401 0.026000 0.021186
0 0.827000 0.851695 0.022000 0.022599
0 0.208000 0.888418 0.024000 0.019774
