0 0.386000 0.135135 0.040000 0.036036
0 0.389000 0.259760 0.018000 0.015015
0 0.654000 0.259009 0.016000 0.016517
0 0.307000 0.280030 0.018000 0.013514
0 0.445000 0.280030 0.018000 0.013514
0 0.549000 0.280781 0.018000 0.015015
0 0.727000 0.279279 0.018000 0.015015
0 0.425000 0.298799 0.018000 0.015015
0 0.638000 0.300300 0.016000 0.015015
0 0.267000 0.319069 0.018000 0.016517
0 0.188000 0.635135 0.016000 0.015015
0 0.249000 0.674174 0.018000 0.015015
0 0.214000 0.714715 0.016000 0.015015
0 0.357000 0.734234 0.018000 0.015015
0 0.364000 0.792042 0.016000 0.013514
0 0.172000 0.811562 0.016000 0.013514
0 0.404000 0.870120 0.016000 0.016517
0 0.738000 0.630631 0.020000 0.018018
0 0.745000 0.655405 0.018000 0.016517
0 0.674000 0.694444 0.016000 0.016517
0 0.563000 0.733483 0.018000 0.016517
0 0.852000 0.754505 0.016000 0.013514
0 0.873000 0.774024 0.018000 0.013514
0 0.618000 0.793544 0.016000 0.013514
0 0.610000 0.872372 0.016000 0.015015
0 0.643000 0.891141 0.018000 0.013514
0 0.859000 0.891141 0.018000 0.013514
0 0.855000 0.888138 0.018000 0.013514
0 0.578000 0.891141 0.016000 0.013514
0 0.820000 0.792793 0.016000 0.015015
0 0.618000 0.754505 0.016000 0.013514
