0 0.510000 0.105226 0.032000 0.029661
0 0.441000 0.171610 0.018000 0.018362
0 0.151000 0.240819 0.022000 0.015537
0 0.402000 0.240819 0.020000 0.018362
0 0.686000 0.240819 0.020000 0.018362
0 0.437000 0.275424 0.018000 0.016949
0 0.352000 0.310734 0.020000 0.016949
0 0.547000 0.310028 0.018000 0.015537
0 0.743000 0.310028 0.018000 0.015537
0 0.277000 0.344633 0.018000 0.019774
0 0.562000 0.379237 0.020000 0.018362
0 0.474000 0.412429 0.020000 0.016949
0 0.741000 0.413842 0.018000 0.016949
0 0.367000 0.446328 0.018000 0.019774
0 0.580000 0.448446 0.020000 0.018362
0 0.687000 0.516949 0.018000 0.022599
0 0.242000 0.552260 0.020000 0.019774
0 0.363000 0.587571 0.018000 0.019774
0 0.384000 0.620763 0.020000 0.021186
