0 0.389000 0.096751 0.018000 0.015537
0 0.512000 0.095339 0.016000 0.015537
0 0.406000 0.117232 0.016000 0.014124
0 0.566000 0.116525 0.016000 0.015537
0 0.760000 0.160311 0.016000 0.015537
0 0.529000 0.180085 0.018000 0.015537
0 0.795000 0.181497 0.018000 0.015537
0 0.407000 0.201977 0.018000 0.016949
0 0.637000 0.245056 0.018000 0.015537
0 0.778000 0.266949 0.016000 0.016949
0 0.284000 0.330508 0.016000 0.019774
0 0.301000 0.372881 0.018000 0.016949
0 0.248000 0.415254 0.020000 0.016949
0 0.460000 0.435734 0.016000 0.015537
0 0.672000 0.458333 0.016000 0.012712
0 0.353000 0.478814 0.018000 0.016949
0 0.505000 0.543079 0.018000 0.012712
0 0.301000 0.650424 0.018000 0.015537
0 0.247000 0.734463 0.018000 0.016949
0 0.406000 0.756356 0.016000 0.015537
0 0.248000 0.776130 0.016000 0.015537
0 0.195000 0.798729 0.018000 0.015537
0 0.266000 0.820621 0.020000 0.016949
0 0.213000 0.841808 0.018000 0.014124
0 0.636000 0.500000 0.016000 0.014124
0 0.813000 0.692797 0.018000 0.015537
