0 0.239000 0.104520 0.026000 0.019774
0 0.163000 0.139831 0.026000 0.019774
0 0.416000 0.103814 0.024000 0.021186
0 0.289000 0.140537 0.026000 0.018362
0 0.390000 0.177966 0.024000 0.022599
0 0.239000 0.215395 0.026000 0.021186
0 0.567000 0.103814 0.026000 0.021186
0 0.718000 0.103814 0.024000 0.021186
0 0.642000 0.214689 0.024000 0.019774
0 0.542000 0.252119 0.024000 0.018362
0 0.794000 0.252119 0.024000 0.021186
0 0.188000 0.325565 0.024000 0.018362
0 0.314000 0.326271 0.024000 0.019774
0 0.718000 0.326271 0.024000 0.019774
0 0.466000 0.362994 0.024000 0.019774
0 0.289000 0.400424 0.026000 0.021186
0 0.365000 0.399011 0.026000 0.021186
0 0.616000 0.400424 0.024000 0.021186
0 0.718000 0.401130 0.024000 0.019774
