0 0.601000 0.181497 0.022000 0.018362
0 0.734000 0.180791 0.024000 0.019774
0 0.313000 0.217514 0.022000 0.016949
0 0.228000 0.365819 0.020000 0.019774
0 0.318000 0.512006 0.020000 0.018362
0 0.458000 0.552260 0.020000 0.019774
0 0.338000 0.662429 0.020000 0.019774
0 0.469000 0.663842 0.022000 0.019774
0 0.293000 0.698446 0.022000 0.018362
0 0.359000 0.737288 0.022000 0.019774
0 0.560000 0.736582 0.020000 0.021186
0 0.415000 0.821328 0.022000 0.018362
0 0.311000 0.883475 0.022000 0.018362
0 0.505000 0.883475 0.022000 0.018362
0 0.740000 0.883475 0.020000 0.018362
