0 0.661000 0.176971 0.026000 0.029366
0 0.612000 0.211747 0.024000 0.021638
0 0.441000 0.250386 0.026000 0.021638
0 0.478000 0.285935 0.024000 0.024730
0 0.836000 0.325348 0.028000 0.032457
0 0.650000 0.360896 0.028000 0.023184
0 0.379000 0.396445 0.026000 0.026275
0 0.563000 0.435858 0.026000 0.030912
0 0.391000 0.506955 0.026000 0.027821
0 0.760000 0.509274 0.024000 0.026275
0 0.380000 0.544049 0.024000 0.027821
0 0.736000 0.619011 0.028000 0.026275
0 0.392000 0.655332 0.024000 0.024730
0 0.564000 0.693199 0.028000 0.029366
