0 0.146000 0.373259 0.020000 0.033426
0 0.177000 0.725627 0.026000 0.047354
0 0.679000 0.311978 0.022000 0.038997
0 0.591000 0.369081 0.022000 0.041783
0 0.787000 0.369081 0.022000 0.036212
0 0.712000 0.465181 0.020000 0.033426
0 0.867000 0.525070 0.026000 0.041783
0 0.663000 0.579387 0.022000 0.038997
0 0.832000 0.583565 0.020000 0.036212
0 0.843000 0.621170 0.022000 0.033426
0 0.658000 0.674095 0.020000 0.038997
0 0.780000 0.715877 0.024000 0.033426
0 0.816000 0.777159 0.024000 0.038997
0 0.635000 0.881616 0.022000 0.041783
0 0.675000 0.193593 0.026000 0.047354
0 0.093000 0.796657 0.014000 0.033426
