0 0.413000 0.068503 0.026000 0.026836
0 0.624000 0.069209 0.024000 0.022599
0 0.883000 0.069209 0.022000 0.022599
0 0.672000 0.107345 0.024000 0.022599
0 0.601000 0.142655 0.026000 0.025424
0 0.153000 0.178672 0.022000 0.024011
0 0.765000 0.180791 0.022000 0.019774
0 0.353000 0.216808 0.026000 0.024011
0 0.752000 0.216102 0.024000 0.025424
0 0.294000 0.254944 0.024000 0.024011
0 0.282000 0.365113 0.024000 0.026836
0 0.636000 0.365113 0.024000 0.021186
0 0.106000 0.401836 0.024000 0.021186
0 0.378000 0.438559 0.028000 0.024011
0 0.082000 0.511299 0.024000 0.025424
0 0.189000 0.549435 0.026000 0.022599
0 0.613000 0.549435 0.026000 0.022599
0 0.777000 0.550141 0.022000 0.021186
0 0.896000 0.551554 0.024000 0.024011
0 0.814000 0.587571 0.028000 0.022599
0 0.578000 0.624294 0.024000 0.022599
0 0.789000 0.625000 0.026000 0.024011
0 0.167000 0.699153 0.026000 0.022599
0 0.730000 0.774011 0.024000 0.025424
0 0.483000 0.810028 0.026000 0.029661
0 0.883000 0.810734 0.026000 0.022599
