0 0.554 0.233757 0.016 0.0155367
0 0.554 0.419492 0.016 0.0141243
0 0.35 0.143362 0.016 0.0155367
0 0.248 0.743644 0.016 0.0155367
0 0.53 0.188559 0.016 0.0155367
0 0.468 0.790254 0.016 0.0155367
0 0.656 0.465395 0.016 0.0155367
0 0.546 0.697034 0.016 0.0155367
0 0.152 0.605932 0.02 0.0169492
0 0.546 0.512712 0.016 0.0141243
0 0.476 0.419492 0.016 0.0169492
0 0.731 0.836864 0.018 0.0155367
0 0.152 0.836864 0.02 0.0155367
0 0.452 0.188559 0.016 0.0155367
0 0.389 0.16596 0.018 0.0155367
0 0.468 0.512712 0.016 0.0141243
0 0.81 0.836864 0.016 0.0155367
0 0.823 0.350282 0.018 0.0169492
0 0.578 0.466102 0.016 0.0141243
0 0.597 0.350282 0.018 0.0141243
0 0.256 0.0981638 0.016 0.0155367
0 0.468 0.16596 0.016 0.0155367
0 0.152 0.65113 0.02 0.0169492
0 0.619 0.235169 0.018 0.0155367
0 0.737 0.582627 0.014 0.0155367
0 0.389 0.396186 0.018 0.0155367
0 0.232 0.651836 0.016 0.0155367
0 0.31 0.790254 0.016 0.0155367
0 0.342 0.396186 0.016 0.0155367
0 0.342 0.559322 0.016 0.0141243
0 0.522 0.766949 0.016 0.0141243
0 0.326 0.743644 0.016 0.0155367
0 0.186 0.442797 0.016 0.0155367
0 0.498 0.281073 0.016 0.0141243
0 0.601 0.767655 0.018 0.0155367
0 0.215 0.372881 0.018 0.0169492
0 0.608 0.883475 0.016 0.0155367
0 0.264 0.443503 0.016 0.0141243
0 0.428 0.559322 0.016 0.0141243
0 0.294 0.65113 0.016 0.0141243
0 0.152 0.257768 0.02 0.0155367
0 0.546 0.790254 0.016 0.0155367
0 0.334 0.0981638 0.016 0.0155367
0 0.232 0.790254 0.016 0.0155367
0 0.668 0.69774 0.016 0.0141243
0 0.264 0.143362 0.016 0.0155367
