0 0.430682 0.043548 0.034091 0.029032
0 0.526136 0.042742 0.034091 0.030645
0 0.251136 0.079839 0.015909 0.014516
0 0.300000 0.079032 0.018182 0.016129
0 0.079545 0.105645 0.022727 0.017742
0 0.712500 0.279839 0.015909 0.017742
0 0.539773 0.280645 0.020455 0.016129
0 0.263636 0.280645 0.018182 0.016129
0 0.079545 0.304839 0.018182 0.016129
0 0.309091 0.774194 0.018182 0.012903
0 0.181818 0.800806 0.018182 0.014516
0 0.226136 0.815323 0.020455 0.017742
0 0.187500 0.841935 0.020455 0.016129
0 0.182955 0.854032 0.020455 0.014516
0 0.262500 0.933871 0.020455 0.016129
0 0.540909 0.934677 0.018182 0.017742
0 0.712500 0.935484 0.020455 0.022581
