0 0.258000 0.110325 0.028000 0.022631
0 0.450000 0.185290 0.024000 0.016973
0 0.451000 0.254597 0.022000 0.019802
0 0.897000 0.254597 0.022000 0.019802
0 0.166000 0.285714 0.020000 0.016973
0 0.493000 0.285007 0.022000 0.018388
0 0.801000 0.285714 0.022000 0.019802
0 0.283000 0.319661 0.022000 0.019802
0 0.310000 0.363508 0.020000 0.019802
0 0.522000 0.362801 0.024000 0.018388
0 0.141000 0.395332 0.022000 0.018388
0 0.917000 0.428571 0.022000 0.019802
0 0.283000 0.459689 0.022000 0.019802
0 0.542000 0.458982 0.020000 0.018388
0 0.659000 0.460396 0.022000 0.018388
0 0.917000 0.459689 0.022000 0.019802
0 0.494000 0.492221 0.020000 0.019802
0 0.565000 0.491513 0.022000 0.021216
0 0.847000 0.492928 0.022000 0.021216
0 0.236000 0.524752 0.024000 0.016973
0 0.447000 0.525460 0.026000 0.018388
0 0.239000 0.568600 0.022000 0.016973
0 0.403000 0.568600 0.022000 0.019802
0 0.757000 0.568600 0.022000 0.019802
0 0.212000 0.601132 0.024000 0.019802
0 0.637000 0.632956 0.022000 0.018388
0 0.165000 0.665488 0.022000 0.018388
0 0.612000 0.666902 0.024000 0.018388
0 0.729000 0.665488 0.022000 0.018388
0 0.612000 0.698020 0.024000 0.018388
0 0.471000 0.731259 0.022000 0.019802
0 0.777000 0.731259 0.022000 0.019802
0 0.094000 0.763083 0.024000 0.021216
0 0.400000 0.761669 0.024000 0.018388
0 0.611000 0.762376 0.022000 0.016973
0 0.141000 0.796322 0.022000 0.019802
0 0.801000 0.795615 0.022000 0.018388
