0 0.514000 0.118644 0.032000 0.025424
0 0.238000 0.172316 0.024000 0.019774
0 0.364000 0.210452 0.024000 0.019774
0 0.691000 0.210452 0.026000 0.019774
0 0.289000 0.247175 0.026000 0.019774
0 0.616000 0.247175 0.024000 0.019774
0 0.364000 0.285311 0.024000 0.022599
0 0.818000 0.284605 0.024000 0.021186
0 0.314000 0.358757 0.024000 0.019774
0 0.340000 0.395480 0.024000 0.019774
0 0.666000 0.394774 0.024000 0.018362
0 0.338000 0.468927 0.024000 0.019774
0 0.566000 0.543785 0.024000 0.019774
0 0.465000 0.580508 0.026000 0.019774
0 0.818000 0.579802 0.024000 0.021186
0 0.490000 0.654661 0.024000 0.021186
0 0.819000 0.655367 0.026000 0.019774
0 0.515000 0.728107 0.026000 0.018362
0 0.288000 0.765537 0.024000 0.019774
0 0.339000 0.802260 0.026000 0.019774
0 0.414000 0.802260 0.024000 0.019774
0 0.540000 0.802260 0.024000 0.019774
0 0.402000 0.875706 0.024000 0.019774
