0 0.280000 0.103107 0.024000 0.019774
0 0.281000 0.140537 0.022000 0.018362
0 0.727000 0.177260 0.022000 0.018362
0 0.351000 0.213983 0.022000 0.021186
0 0.751000 0.252119 0.022000 0.021186
0 0.328000 0.325565 0.024000 0.024011
0 0.304000 0.362288 0.024000 0.021186
0 0.257000 0.399011 0.022000 0.018362
0 0.350000 0.399718 0.024000 0.025424
0 0.422000 0.399011 0.024000 0.021186
0 0.562000 0.399011 0.024000 0.018362
0 0.297000 0.437853 0.022000 0.022599
0 0.162000 0.473870 0.024000 0.018362
0 0.539000 0.475989 0.022000 0.025424
0 0.727000 0.475282 0.022000 0.021186
0 0.187000 0.512006 0.022000 0.021186
0 0.258000 0.512006 0.024000 0.021186
0 0.492000 0.510593 0.024000 0.021186
0 0.680000 0.511299 0.024000 0.022599
0 0.739000 0.547316 0.022000 0.021186
0 0.669000 0.586158 0.022000 0.022599
0 0.234000 0.622175 0.024000 0.018362
0 0.539000 0.622175 0.022000 0.021186
0 0.703000 0.621469 0.026000 0.019774
0 0.728000 0.660311 0.024000 0.021186
0 0.186000 0.695621 0.024000 0.018362
0 0.234000 0.732345 0.024000 0.021186
0 0.774000 0.733757 0.024000 0.018362
0 0.761000 0.807203 0.022000 0.024011
0 0.563000 0.843927 0.022000 0.018362
0 0.516000 0.881356 0.024000 0.022599
