0 0.249000 0.102623 0.022000 0.023148
0 0.662000 0.135802 0.020000 0.021605
0 0.227000 0.205247 0.022000 0.018519
0 0.254000 0.273920 0.024000 0.020062
0 0.527000 0.273148 0.018000 0.021605
0 0.250000 0.342593 0.024000 0.021605
0 0.433000 0.341821 0.022000 0.020062
0 0.616000 0.341821 0.020000 0.020062
0 0.226000 0.375772 0.020000 0.020062
0 0.297000 0.376543 0.022000 0.021605
0 0.639000 0.376543 0.018000 0.018519
0 0.547000 0.445988 0.022000 0.021605
0 0.250000 0.479167 0.020000 0.020062
0 0.547000 0.479167 0.018000 0.020062
0 0.822000 0.480710 0.020000 0.023148
0 0.730000 0.513889 0.020000 0.021605
