0 0.274000 0.247283 0.016000 0.013587
0 0.410000 0.247283 0.016000 0.013587
0 0.200000 0.374321 0.016000 0.014946
0 0.205000 0.737772 0.018000 0.016304
0 0.205000 0.452446 0.018000 0.016304
0 0.324000 0.718750 0.020000 0.016304
0 0.112000 0.509511 0.020000 0.016304
0 0.300000 0.452446 0.020000 0.016304
0 0.424000 0.832201 0.020000 0.017663
0 0.075000 0.756114 0.018000 0.014946
0 0.386000 0.661005 0.020000 0.014946
0 0.121000 0.604620 0.018000 0.016304
0 0.554000 0.509511 0.020000 0.016304
0 0.305000 0.139266 0.034000 0.028533
0 0.802000 0.317255 0.016000 0.012228
