0 0.246000 0.209746 0.028000 0.021186
0 0.541000 0.209040 0.026000 0.022599
0 0.162000 0.244350 0.028000 0.025424
0 0.541000 0.246469 0.026000 0.021186
0 0.782000 0.281780 0.024000 0.021186
0 0.714000 0.318503 0.024000 0.021186
0 0.703000 0.355932 0.026000 0.022599
0 0.219000 0.393362 0.030000 0.021186
0 0.567000 0.393362 0.026000 0.024011
0 0.702000 0.393362 0.024000 0.024011
0 0.191000 0.430085 0.026000 0.021186
0 0.567000 0.430791 0.026000 0.019774
0 0.190000 0.504237 0.024000 0.022599
0 0.164000 0.541667 0.028000 0.021186
0 0.593000 0.541667 0.026000 0.021186
0 0.164000 0.576977 0.024000 0.021186
0 0.755000 0.615819 0.026000 0.019774
0 0.351000 0.652542 0.026000 0.022599
0 0.594000 0.689972 0.024000 0.021186
0 0.783000 0.687853 0.022000 0.022599
0 0.542000 0.725989 0.024000 0.022599
0 0.299000 0.836864 0.026000 0.024011
