0 0.385000 0.120226 0.030000 0.033946
0 0.398000 0.188119 0.024000 0.028289
0 0.316000 0.237624 0.024000 0.031117
0 0.427000 0.287836 0.026000 0.024045
0 0.606000 0.473126 0.024000 0.029703
0 0.268000 0.559406 0.024000 0.029703
0 0.373000 0.610325 0.022000 0.026874
0 0.303000 0.659123 0.026000 0.025460
0 0.562000 0.661245 0.020000 0.024045
0 0.797000 0.661245 0.022000 0.026874
0 0.420000 0.712871 0.024000 0.025460
0 0.821000 0.762376 0.022000 0.025460
0 0.561000 0.814003 0.022000 0.024045
0 0.373000 0.852192 0.022000 0.026874
0 0.585000 0.850778 0.022000 0.029703
