0 0.534000 0.167373 0.020000 0.021186
0 0.353000 0.185734 0.022000 0.018362
0 0.797000 0.187147 0.022000 0.018362
0 0.304000 0.204802 0.020000 0.016949
0 0.644000 0.222458 0.024000 0.015537
0 0.265000 0.259181 0.022000 0.018362
0 0.535000 0.297316 0.022000 0.021186
0 0.816000 0.296610 0.020000 0.019774
0 0.415000 0.314266 0.022000 0.021186
0 0.433000 0.334746 0.022000 0.016949
0 0.404000 0.389831 0.020000 0.019774
0 0.284000 0.408192 0.020000 0.022599
0 0.790000 0.408192 0.020000 0.022599
0 0.425000 0.425847 0.022000 0.021186
0 0.365000 0.483051 0.022000 0.016949
0 0.627000 0.482345 0.022000 0.024011
0 0.447000 0.501412 0.022000 0.016949
0 0.547000 0.517655 0.022000 0.021186
0 0.324000 0.685734 0.020000 0.018362
0 0.754000 0.685734 0.020000 0.018362
0 0.304000 0.704802 0.024000 0.019774
0 0.412000 0.703390 0.020000 0.019774
0 0.532000 0.721751 0.024000 0.019774
0 0.431000 0.723870 0.022000 0.018362
0 0.653000 0.742232 0.022000 0.021186
0 0.306000 0.761299 0.024000 0.019774
0 0.705000 0.761299 0.022000 0.019774
0 0.315000 0.798023 0.022000 0.019774
0 0.518000 0.798729 0.024000 0.021186
0 0.862000 0.796610 0.024000 0.019774
0 0.235000 0.832627 0.022000 0.021186
0 0.215000 0.852401 0.022000 0.018362
0 0.532000 0.871469 0.020000 0.019774
0 0.230000 0.889831 0.020000 0.019774
0 0.229000 0.908898 0.022000 0.018362
0 0.269000 0.928672 0.022000 0.021186
0 0.514000 0.444915 0.020000 0.016949
0 0.212000 0.463277 0.020000 0.016949
