0 0.439000 0.102401 0.030000 0.032486
0 0.676000 0.273305 0.020000 0.018362
0 0.787000 0.298729 0.018000 0.018362
0 0.195000 0.319915 0.018000 0.015537
0 0.428000 0.391243 0.016000 0.019774
0 0.258000 0.438559 0.016000 0.015537
0 0.318000 0.462571 0.016000 0.012712
0 0.336000 0.486582 0.016000 0.015537
0 0.423000 0.510593 0.018000 0.018362
0 0.389000 0.605226 0.018000 0.015537
0 0.451000 0.629944 0.018000 0.016949
0 0.204000 0.798023 0.016000 0.019774
0 0.265000 0.606638 0.018000 0.015537
0 0.636000 0.820621 0.016000 0.014124
