0 0.403125 0.102473 0.033750 0.024735
0 0.491875 0.126767 0.023750 0.018551
0 0.162500 0.147527 0.025000 0.021201
0 0.633125 0.148410 0.023750 0.019435
0 0.468125 0.191254 0.023750 0.018551
0 0.422500 0.321555 0.025000 0.019435
0 0.796250 0.342314 0.022500 0.020318
0 0.280625 0.408569 0.023750 0.022085
0 0.160625 0.473057 0.023750 0.022085
0 0.303125 0.494258 0.021250 0.018551
0 0.656250 0.515901 0.022500 0.019435
0 0.422500 0.558746 0.022500 0.020318
0 0.538750 0.580389 0.025000 0.021201
0 0.633750 0.601148 0.025000 0.020318
0 0.160625 0.643551 0.028750 0.020318
0 0.562500 0.644435 0.022500 0.020318
0 0.398125 0.665636 0.023750 0.022085
0 0.278750 0.687721 0.022500 0.018551
0 0.562500 0.688604 0.022500 0.018551
0 0.209375 0.708922 0.021250 0.020318
0 0.209375 0.731890 0.021250 0.020318
0 0.373750 0.752650 0.020000 0.019435
0 0.185625 0.773410 0.023750 0.020318
0 0.417500 0.773410 0.022500 0.020318
0 0.606875 0.773410 0.026250 0.020318
0 0.610000 0.795936 0.025000 0.019435
0 0.303125 0.815813 0.021250 0.022085
0 0.797500 0.859982 0.025000 0.016784
0 0.374375 0.882067 0.021250 0.020318
0 0.727500 0.880742 0.022500 0.017668
0 0.774375 0.903269 0.021250 0.022085
