0 0.278000 0.078501 0.024000 0.021216
0 0.188000 0.118812 0.024000 0.016973
0 0.388000 0.161245 0.024000 0.019802
0 0.637000 0.160537 0.022000 0.018388
0 0.300000 0.202970 0.024000 0.021216
0 0.730000 0.203678 0.020000 0.016973
0 0.774000 0.224187 0.024000 0.018388
0 0.658000 0.284300 0.024000 0.022631
0 0.410000 0.349364 0.024000 0.019802
0 0.502000 0.368458 0.024000 0.024045
0 0.233000 0.391089 0.022000 0.021216
0 0.436000 0.433522 0.020000 0.021216
0 0.525000 0.455446 0.022000 0.019802
0 0.120000 0.476662 0.024000 0.019802
0 0.707000 0.538190 0.022000 0.018388
0 0.164000 0.641443 0.024000 0.021216
0 0.435000 0.664074 0.022000 0.021216
0 0.119000 0.683876 0.022000 0.018388
0 0.457000 0.746818 0.026000 0.019802
0 0.820000 0.747525 0.024000 0.018388
0 0.277000 0.789250 0.022000 0.019802
0 0.726000 0.829562 0.020000 0.021216
0 0.707000 0.851485 0.022000 0.019802
0 0.616000 0.872702 0.024000 0.019802
