0 0.818000 0.056000 0.028000 0.037333
0 0.942000 0.057333 0.024000 0.040000
0 0.325000 0.464000 0.026000 0.037333
0 0.692000 0.465333 0.024000 0.034667
0 0.884000 0.466667 0.028000 0.042667
0 0.799000 0.272000 0.026000 0.037333
0 0.964000 0.273333 0.024000 0.034667
0 0.918000 0.162667 0.024000 0.042667
0 0.142000 0.465333 0.024000 0.034667
0 0.115000 0.636000 0.026000 0.040000
0 0.857000 0.636000 0.026000 0.045333
0 0.142000 0.845333 0.024000 0.037333
0 0.324000 0.844000 0.024000 0.034667
0 0.692000 0.844000 0.024000 0.034667
0 0.885000 0.844000 0.026000 0.034667
