0 0.729000 0.128650 0.018000 0.020073
0 0.349000 0.160584 0.018000 0.021898
0 0.313000 0.193431 0.018000 0.021898
0 0.185000 0.226277 0.022000 0.018248
0 0.675000 0.224453 0.018000 0.021898
0 0.295000 0.258212 0.018000 0.020073
0 0.368000 0.257299 0.020000 0.018248
0 0.666000 0.259124 0.016000 0.021898
0 0.294000 0.288321 0.016000 0.021898
0 0.530000 0.290146 0.016000 0.021898
0 0.548000 0.323905 0.016000 0.020073
0 0.747000 0.322080 0.018000 0.020073
0 0.295000 0.353102 0.018000 0.020073
0 0.512000 0.354015 0.016000 0.021898
0 0.693000 0.354015 0.018000 0.021898
0 0.734000 0.386861 0.020000 0.021898
0 0.350000 0.417883 0.020000 0.018248
0 0.603000 0.419708 0.018000 0.021898
0 0.223000 0.451642 0.022000 0.023723
0 0.277000 0.484489 0.018000 0.020073
0 0.385000 0.515511 0.018000 0.020073
0 0.747000 0.515511 0.018000 0.020073
0 0.349000 0.580292 0.018000 0.018248
0 0.548000 0.611314 0.016000 0.021898
0 0.747000 0.612226 0.018000 0.023723
0 0.278000 0.707117 0.020000 0.023723
0 0.440000 0.772810 0.016000 0.023723
