0 0.527000 0.095339 0.018000 0.015537
0 0.457000 0.204802 0.018000 0.014124
0 0.235000 0.263418 0.018000 0.015537
0 0.282000 0.281780 0.016000 0.015537
0 0.687000 0.318503 0.018000 0.015537
0 0.636000 0.353814 0.016000 0.015537
0 0.267000 0.408192 0.018000 0.014124
0 0.335000 0.426554 0.018000 0.014124
0 0.288000 0.462571 0.016000 0.015537
0 0.267000 0.480226 0.018000 0.014124
0 0.206000 0.516949 0.016000 0.016949
0 0.620000 0.535311 0.016000 0.014124
0 0.670000 0.573446 0.016000 0.016949
0 0.771000 0.574153 0.018000 0.015537
0 0.256000 0.592514 0.016000 0.015537
0 0.724000 0.610876 0.016000 0.012712
0 0.720000 0.648305 0.016000 0.016949
0 0.266000 0.684322 0.016000 0.015537
0 0.293000 0.704096 0.018000 0.015537
0 0.492000 0.835452 0.016000 0.018362
0 0.702000 0.834040 0.016000 0.015537
0 0.523000 0.853814 0.018000 0.015537
0 0.281000 0.872881 0.018000 0.016949
0 0.691000 0.873588 0.018000 0.015537
