0 0.355000 0.148305 0.022000 0.016949
0 0.791000 0.221751 0.022000 0.016949
0 0.744000 0.257768 0.020000 0.018362
0 0.203000 0.295198 0.022000 0.019774
0 0.568000 0.332627 0.020000 0.018362
0 0.708000 0.331921 0.020000 0.016949
0 0.813000 0.368644 0.022000 0.016949
0 0.762000 0.443503 0.020000 0.016949
0 0.297000 0.517655 0.022000 0.018362
0 0.308000 0.590395 0.024000 0.019774
0 0.803000 0.591102 0.022000 0.018362
0 0.414000 0.628531 0.020000 0.016949
0 0.203000 0.665960 0.022000 0.018362
0 0.322000 0.703390 0.024000 0.016949
0 0.850000 0.814266 0.024000 0.021186
0 0.415000 0.850989 0.022000 0.018362
0 0.203000 0.888418 0.022000 0.016949
