0 0.221000 0.093220 0.022000 0.022599
0 0.241000 0.206215 0.022000 0.019774
0 0.826000 0.241525 0.020000 0.016949
0 0.362000 0.277542 0.020000 0.018362
0 0.675000 0.406780 0.022000 0.022599
0 0.453000 0.519774 0.022000 0.019774
0 0.695000 0.516949 0.022000 0.025424
0 0.352000 0.557203 0.020000 0.021186
0 0.473000 0.612994 0.018000 0.022599
0 0.323000 0.668079 0.022000 0.019774
0 0.474000 0.704096 0.024000 0.018362
0 0.302000 0.759181 0.020000 0.018362
0 0.393000 0.779661 0.022000 0.016949
0 0.666000 0.778249 0.020000 0.022599
0 0.443000 0.814972 0.022000 0.019774
