0 0.561000 0.095339 0.018000 0.018362
0 0.689000 0.193503 0.018000 0.019774
0 0.389000 0.213983 0.022000 0.018362
0 0.704000 0.213983 0.020000 0.018362
0 0.477000 0.235169 0.018000 0.018362
0 0.654000 0.235876 0.020000 0.019774
0 0.335000 0.255650 0.018000 0.019774
0 0.547000 0.256356 0.018000 0.018362
0 0.495000 0.277542 0.018000 0.015537
0 0.248000 0.298023 0.020000 0.019774
0 0.265000 0.319209 0.018000 0.016949
0 0.512000 0.320621 0.020000 0.019774
0 0.265000 0.342514 0.018000 0.021186
0 0.177000 0.384181 0.018000 0.019774
0 0.407000 0.384887 0.018000 0.018362
0 0.583000 0.406073 0.018000 0.018362
0 0.354000 0.489407 0.020000 0.021186
0 0.636000 0.490113 0.020000 0.016949
0 0.265000 0.533898 0.018000 0.019774
0 0.689000 0.533192 0.018000 0.018362
0 0.406000 0.576271 0.020000 0.016949
0 0.547000 0.574859 0.018000 0.019774
0 0.812000 0.576271 0.020000 0.019774
0 0.583000 0.596751 0.018000 0.018362
0 0.565000 0.620056 0.018000 0.016949
0 0.713000 0.617938 0.022000 0.021186
0 0.265000 0.640537 0.018000 0.018362
0 0.607000 0.682203 0.018000 0.016949
0 0.213000 0.704096 0.018000 0.024011
0 0.521000 0.726695 0.018000 0.021186
0 0.689000 0.724576 0.018000 0.019774
0 0.230000 0.767655 0.020000 0.018362
0 0.617000 0.766949 0.018000 0.019774
0 0.158000 0.788842 0.020000 0.015537
0 0.301000 0.790254 0.018000 0.018362
0 0.512000 0.790254 0.020000 0.018362
0 0.776000 0.788842 0.020000 0.015537
0 0.212000 0.810028 0.020000 0.018362
0 0.407000 0.810734 0.018000 0.016949
0 0.159000 0.831921 0.022000 0.019774
0 0.407000 0.833333 0.018000 0.016949
0 0.831000 0.832627 0.022000 0.018362
0 0.354000 0.853107 0.020000 0.016949
0 0.671000 0.853107 0.018000 0.019774
0 0.566000 0.873588 0.020000 0.018362
0 0.301000 0.896186 0.018000 0.021186
0 0.442000 0.896893 0.020000 0.025424
