0 0.486000 0.141243 0.024000 0.019774
0 0.250000 0.242938 0.020000 0.016949
0 0.412000 0.242938 0.020000 0.016949
0 0.472000 0.242938 0.020000 0.016949
0 0.511000 0.242938 0.022000 0.016949
0 0.293000 0.279661 0.018000 0.016949
0 0.816000 0.279661 0.020000 0.016949
0 0.321000 0.298023 0.018000 0.016949
0 0.755000 0.317090 0.022000 0.015537
0 0.676000 0.335452 0.020000 0.015537
0 0.778000 0.336158 0.020000 0.016949
0 0.320000 0.354520 0.020000 0.016949
0 0.624000 0.354520 0.020000 0.016949
0 0.542000 0.372175 0.020000 0.015537
0 0.402000 0.391243 0.020000 0.016949
0 0.543000 0.391243 0.022000 0.016949
0 0.334000 0.409605 0.020000 0.016949
0 0.777000 0.409605 0.022000 0.019774
0 0.253000 0.446328 0.022000 0.016949
0 0.240000 0.483757 0.020000 0.015537
0 0.663000 0.483757 0.022000 0.015537
0 0.556000 0.557910 0.020000 0.016949
0 0.317000 0.632062 0.022000 0.015537
0 0.377000 0.632062 0.022000 0.018362
0 0.736000 0.631356 0.020000 0.016949
0 0.797000 0.631356 0.022000 0.016949
