0 0.309000 0.099576 0.018000 0.015537
0 0.157000 0.127825 0.022000 0.015537
0 0.291000 0.155367 0.018000 0.014124
0 0.503000 0.155367 0.018000 0.014124
0 0.494000 0.182203 0.016000 0.014124
0 0.291000 0.210452 0.018000 0.014124
0 0.247000 0.238701 0.018000 0.014124
0 0.327000 0.265537 0.018000 0.014124
0 0.247000 0.294492 0.018000 0.015537
0 0.565000 0.293785 0.018000 0.014124
0 0.229000 0.321328 0.018000 0.015537
0 0.441000 0.321328 0.018000 0.015537
0 0.669000 0.376412 0.018000 0.015537
0 0.317000 0.432203 0.018000 0.014124
0 0.563000 0.432910 0.018000 0.015537
