0 0.457000 0.084040 0.038000 0.026836
0 0.595000 0.112994 0.018000 0.016949
0 0.777000 0.113701 0.022000 0.015537
0 0.535000 0.131356 0.018000 0.016949
0 0.325000 0.167373 0.018000 0.015537
0 0.292000 0.186441 0.020000 0.016949
0 0.896000 0.186441 0.020000 0.016949
0 0.354000 0.205508 0.020000 0.018362
0 0.636000 0.205508 0.020000 0.015537
0 0.373000 0.223870 0.022000 0.015537
0 0.110000 0.242938 0.020000 0.016949
0 0.676000 0.242938 0.020000 0.014124
0 0.836000 0.279661 0.020000 0.016949
0 0.445000 0.335452 0.022000 0.015537
0 0.453000 0.353814 0.018000 0.015537
0 0.313000 0.372175 0.018000 0.015537
0 0.655000 0.372881 0.022000 0.014124
0 0.634000 0.391243 0.016000 0.016949
0 0.171000 0.409605 0.022000 0.016949
0 0.514000 0.408192 0.020000 0.016949
0 0.412000 0.427260 0.020000 0.015537
0 0.272000 0.447034 0.020000 0.015537
0 0.574000 0.446328 0.020000 0.016949
0 0.837000 0.446328 0.018000 0.016949
0 0.554000 0.483051 0.020000 0.019774
0 0.222000 0.502119 0.020000 0.015537
0 0.414000 0.519774 0.020000 0.016949
0 0.575000 0.649718 0.018000 0.016949
0 0.533000 0.705508 0.018000 0.018362
0 0.464000 0.742938 0.020000 0.016949
0 0.384000 0.798729 0.020000 0.018362
0 0.251000 0.817090 0.018000 0.015537
0 0.373000 0.834746 0.022000 0.016949
0 0.393000 0.853814 0.022000 0.015537
0 0.494000 0.853814 0.020000 0.015537
0 0.757000 0.853107 0.018000 0.016949
