0 0.505000 0.096751 0.022000 0.024011
0 0.157000 0.330508 0.022000 0.019774
0 0.442000 0.362288 0.024000 0.021186
0 0.486000 0.362288 0.024000 0.021186
0 0.193000 0.399011 0.022000 0.024011
0 0.333000 0.435028 0.022000 0.019774
0 0.333000 0.510593 0.022000 0.021186
0 0.333000 0.584746 0.022000 0.022599
0 0.327000 0.656780 0.022000 0.022599
0 0.377000 0.694915 0.022000 0.019774
0 0.259000 0.809322 0.022000 0.022599
0 0.634000 0.844633 0.020000 0.019774
0 0.356000 0.882768 0.020000 0.019774
0 0.719000 0.882768 0.022000 0.019774
