0 0.818000 0.070352 0.028000 0.026801
0 0.423000 0.224456 0.030000 0.026801
0 0.424000 0.282245 0.028000 0.028476
0 0.774000 0.459799 0.028000 0.025126
0 0.491000 0.774707 0.030000 0.025126
0 0.613000 0.776382 0.026000 0.028476
0 0.674000 0.775544 0.036000 0.030151
0 0.127000 0.907035 0.030000 0.028476
0 0.187000 0.906198 0.030000 0.030151
0 0.787000 0.936348 0.030000 0.026801
0 0.105000 0.965662 0.030000 0.028476
0 0.560000 0.966499 0.028000 0.026801
0 0.650000 0.967337 0.028000 0.031826
0 0.711000 0.966499 0.030000 0.030151
