0 0.530000 0.131970 0.060000 0.066914
0 0.476000 0.324349 0.032000 0.031599
0 0.504000 0.441450 0.020000 0.020446
0 0.467000 0.442379 0.018000 0.018587
0 0.411000 0.442379 0.018000 0.018587
0 0.260000 0.443309 0.020000 0.020446
0 0.298000 0.510223 0.020000 0.020446
0 0.788000 0.510223 0.020000 0.020446
0 0.326000 0.544610 0.020000 0.022305
0 0.730000 0.578067 0.020000 0.022305
0 0.656000 0.612454 0.020000 0.020446
0 0.751000 0.613383 0.018000 0.022305
0 0.326000 0.646840 0.020000 0.022305
0 0.604000 0.646840 0.020000 0.022305
0 0.510000 0.680297 0.020000 0.018587
0 0.364000 0.714684 0.020000 0.020446
0 0.496000 0.713755 0.020000 0.018587
0 0.336000 0.748141 0.020000 0.020446
0 0.750000 0.749071 0.020000 0.022305
0 0.261000 0.816914 0.022000 0.020446
0 0.231000 0.883829 0.022000 0.020446
0 0.627000 0.884758 0.018000 0.022305
0 0.544000 0.986059 0.020000 0.020446
