0 0.300000 0.105150 0.020000 0.018598
0 0.466000 0.351216 0.020000 0.015737
0 0.250000 0.447783 0.020000 0.017167
0 0.332000 0.447783 0.020000 0.017167
0 0.177000 0.466381 0.022000 0.017167
0 0.384000 0.485694 0.020000 0.015737
0 0.249000 0.547210 0.022000 0.018598
0 0.549000 0.583691 0.022000 0.017167
0 0.248000 0.621602 0.020000 0.015737
0 0.373000 0.621602 0.022000 0.015737
0 0.435000 0.621602 0.018000 0.015737
0 0.497000 0.622318 0.022000 0.017167
0 0.559000 0.622318 0.022000 0.017167
0 0.249000 0.660229 0.022000 0.015737
0 0.249000 0.717454 0.022000 0.015737
0 0.404000 0.737482 0.020000 0.015737
0 0.249000 0.794707 0.022000 0.018598
0 0.642000 0.870529 0.020000 0.015737
0 0.156000 0.889843 0.020000 0.017167
