0 0.392000 0.103395 0.028000 0.030864
0 0.206000 0.361111 0.016000 0.018519
0 0.698000 0.361883 0.016000 0.020062
0 0.499000 0.389660 0.018000 0.020062
0 0.435000 0.446759 0.018000 0.016975
0 0.712000 0.445988 0.016000 0.018519
0 0.616000 0.476852 0.016000 0.018519
0 0.860000 0.475309 0.016000 0.018519
0 0.420000 0.549383 0.016000 0.018519
0 0.665000 0.549383 0.018000 0.021605
0 0.778000 0.548611 0.020000 0.023148
0 0.812000 0.578704 0.016000 0.021605
0 0.288000 0.606481 0.016000 0.018519
0 0.157000 0.634259 0.018000 0.018519
0 0.353000 0.634259 0.018000 0.015432
0 0.599000 0.635031 0.018000 0.020062
0 0.206000 0.691358 0.020000 0.021605
0 0.632000 0.691358 0.016000 0.018519
0 0.844000 0.720679 0.016000 0.018519
0 0.404000 0.804012 0.020000 0.018519
0 0.600000 0.804784 0.020000 0.020062
0 0.387000 0.889660 0.018000 0.020062
0 0.614000 0.888889 0.016000 0.021605
