0 0.400000 0.083026 0.060000 0.035670
0 0.447000 0.219557 0.026000 0.018450
0 0.533000 0.249692 0.014000 0.009840
0 0.593000 0.270603 0.014000 0.009840
0 0.587000 0.313038 0.014000 0.011070
0 0.418000 0.333948 0.012000 0.011070
0 0.519000 0.354244 0.014000 0.009840
0 0.330000 0.376384 0.012000 0.009840
0 0.563000 0.375769 0.014000 0.011070
0 0.324000 0.397294 0.012000 0.009840
0 0.310000 0.417589 0.012000 0.011070
0 0.375000 0.418204 0.014000 0.012300
0 0.734000 0.418204 0.016000 0.012300
0 0.354000 0.460640 0.012000 0.011070
0 0.442000 0.460025 0.012000 0.012300
0 0.353000 0.501845 0.014000 0.009840
0 0.481000 0.501230 0.014000 0.008610
0 0.477000 0.543665 0.014000 0.009840
0 0.619000 0.543665 0.014000 0.009840
0 0.459000 0.585486 0.014000 0.009840
0 0.657000 0.585486 0.014000 0.009840
0 0.354000 0.627306 0.012000 0.009840
0 0.721000 0.627306 0.014000 0.009840
0 0.521000 0.648831 0.014000 0.008610
0 0.398000 0.690037 0.016000 0.012300
0 0.557000 0.712177 0.014000 0.012300
0 0.427000 0.990775 0.022000 0.013530
0 0.327000 0.355474 0.014000 0.009840
0 0.484000 0.522755 0.016000 0.009840
0 0.695000 0.544280 0.014000 0.011070
