0 0.275000 0.210452 0.018000 0.014124
0 0.311000 0.210452 0.018000 0.014124
0 0.416000 0.211864 0.016000 0.014124
0 0.469000 0.210452 0.018000 0.014124
0 0.523000 0.210452 0.018000 0.014124
0 0.610000 0.211158 0.016000 0.012712
0 0.310000 0.265537 0.016000 0.014124
0 0.452000 0.264831 0.016000 0.015537
0 0.575000 0.264831 0.018000 0.012712
0 0.158000 0.301554 0.020000 0.012712
0 0.494000 0.301554 0.016000 0.015537
0 0.275000 0.356638 0.014000 0.015537
0 0.240000 0.409605 0.016000 0.014124
0 0.327000 0.408898 0.018000 0.012712
0 0.523000 0.409605 0.018000 0.014124
0 0.594000 0.499294 0.016000 0.015537
0 0.194000 0.536723 0.016000 0.014124
0 0.328000 0.590395 0.016000 0.014124
0 0.469000 0.590395 0.018000 0.014124
0 0.787000 0.590395 0.018000 0.016949
0 0.521000 0.681497 0.018000 0.015537
0 0.839000 0.680791 0.018000 0.014124
0 0.294000 0.772599 0.016000 0.016949
0 0.557000 0.771893 0.018000 0.015537
0 0.692000 0.825565 0.016000 0.012712
0 0.459000 0.862288 0.018000 0.015537
0 0.547000 0.302260 0.018000 0.016949
