0 0.485000 0.082533 0.138000 0.041417
0 0.436000 0.289916 0.032000 0.012005
0 0.287000 0.307623 0.030000 0.011405
0 0.496000 0.410264 0.052000 0.017407
0 0.439000 0.523709 0.034000 0.011405
0 0.439000 0.537815 0.030000 0.010804
0 0.557000 0.606843 0.054000 0.018007
0 0.176000 0.640456 0.040000 0.013205
0 0.228000 0.657863 0.036000 0.012005
0 0.599000 0.764706 0.030000 0.009604
0 0.353000 0.857443 0.042000 0.013806
0 0.571000 0.857143 0.042000 0.014406
0 0.740000 0.882953 0.032000 0.012005
0 0.550000 0.897959 0.032000 0.010804
0 0.738000 0.897959 0.032000 0.010804
0 0.550000 0.913265 0.032000 0.010204
0 0.542000 0.928271 0.032000 0.010204
0 0.613000 0.943577 0.030000 0.010804
