0 0.434000 0.099576 0.024000 0.021186
0 0.769000 0.170198 0.022000 0.018362
0 0.552000 0.189266 0.024000 0.016949
0 0.343000 0.222458 0.022000 0.015537
0 0.617000 0.221751 0.022000 0.014124
0 0.222000 0.274011 0.020000 0.016949
0 0.598000 0.274718 0.020000 0.018362
0 0.584000 0.293079 0.020000 0.015537
0 0.383000 0.312853 0.022000 0.015537
0 0.578000 0.312853 0.020000 0.015537
0 0.242000 0.333333 0.024000 0.016949
0 0.719000 0.331921 0.022000 0.016949
0 0.242000 0.350282 0.020000 0.016949
0 0.833000 0.350989 0.022000 0.018362
0 0.673000 0.370056 0.022000 0.016949
0 0.557000 0.409605 0.022000 0.016949
0 0.302000 0.429379 0.020000 0.016949
0 0.827000 0.428672 0.022000 0.015537
0 0.416000 0.447740 0.020000 0.016949
0 0.644000 0.447034 0.020000 0.015537
0 0.819000 0.447740 0.022000 0.016949
0 0.383000 0.467514 0.022000 0.016949
0 0.564000 0.467514 0.020000 0.016949
0 0.322000 0.500706 0.020000 0.018362
0 0.577000 0.500706 0.022000 0.015537
0 0.383000 0.552260 0.022000 0.016949
0 0.672000 0.552966 0.020000 0.015537
0 0.828000 0.552966 0.024000 0.018362
0 0.376000 0.571328 0.020000 0.015537
0 0.477000 0.571328 0.022000 0.015537
0 0.295000 0.590395 0.022000 0.016949
0 0.725000 0.592514 0.022000 0.018362
0 0.302000 0.610169 0.020000 0.016949
0 0.382000 0.610169 0.020000 0.016949
0 0.638000 0.610876 0.020000 0.015537
0 0.262000 0.629944 0.020000 0.019774
0 0.598000 0.630650 0.020000 0.018362
0 0.356000 0.649718 0.020000 0.016949
0 0.603000 0.650424 0.022000 0.015537
0 0.302000 0.702684 0.020000 0.018362
0 0.343000 0.754237 0.022000 0.016949
0 0.578000 0.753531 0.020000 0.018362
0 0.691000 0.774011 0.022000 0.016949
0 0.588000 0.793079 0.020000 0.015537
0 0.181000 0.831215 0.022000 0.015537
0 0.605000 0.831921 0.022000 0.016949
0 0.221000 0.850282 0.022000 0.016949
0 0.578000 0.850989 0.020000 0.015537
0 0.506000 0.870056 0.020000 0.016949
0 0.791000 0.870056 0.022000 0.016949
0 0.221000 0.889124 0.022000 0.018362
0 0.598000 0.889124 0.020000 0.018362
0 0.356000 0.889831 0.020000 0.016949
