0 0.407000 0.108051 0.026000 0.024011
0 0.271000 0.151130 0.026000 0.028249
0 0.767000 0.201271 0.026000 0.024011
0 0.566000 0.294492 0.028000 0.029661
0 0.164000 0.431497 0.028000 0.029661
0 0.513000 0.479520 0.026000 0.024011
0 0.700000 0.527542 0.028000 0.026836
0 0.415000 0.571328 0.030000 0.026836
0 0.404000 0.617232 0.028000 0.025424
0 0.192000 0.663842 0.024000 0.025424
0 0.779000 0.663136 0.026000 0.024011
0 0.425000 0.755650 0.026000 0.025424
0 0.561000 0.757062 0.030000 0.025424
0 0.619000 0.803672 0.030000 0.028249
0 0.377000 0.891243 0.026000 0.036723
0 0.566000 0.893362 0.024000 0.024011
