0 0.217000 0.252119 0.026000 0.024011
0 0.407000 0.252119 0.026000 0.024011
0 0.621000 0.252119 0.026000 0.024011
0 0.702000 0.399718 0.028000 0.022599
0 0.647000 0.548729 0.026000 0.021186
0 0.460000 0.584746 0.024000 0.022599
0 0.674000 0.585452 0.024000 0.021186
0 0.218000 0.696328 0.024000 0.019774
0 0.514000 0.696328 0.024000 0.022599
0 0.756000 0.696328 0.024000 0.025424
0 0.648000 0.733757 0.024000 0.021186
0 0.407000 0.769774 0.026000 0.022599
0 0.405000 0.843927 0.026000 0.021186
0 0.675000 0.845339 0.026000 0.024011
0 0.298000 0.881356 0.024000 0.025424
