0 0.390000 0.081921 0.020000 0.016949
0 0.796000 0.169492 0.020000 0.016949
0 0.332000 0.227401 0.020000 0.016949
0 0.594000 0.227401 0.020000 0.016949
0 0.571000 0.255650 0.022000 0.016949
0 0.251000 0.342514 0.022000 0.015537
0 0.332000 0.401130 0.020000 0.016949
0 0.332000 0.459746 0.020000 0.015537
0 0.352000 0.487994 0.020000 0.015537
0 0.332000 0.516949 0.020000 0.016949
0 0.332000 0.546610 0.020000 0.016949
0 0.352000 0.633475 0.020000 0.015537
0 0.714000 0.661723 0.020000 0.015537
0 0.533000 0.691384 0.022000 0.015537
0 0.432000 0.719633 0.020000 0.015537
0 0.332000 0.750000 0.020000 0.016949
0 0.574000 0.778955 0.020000 0.015537
0 0.654000 0.807910 0.020000 0.016949
0 0.754000 0.807910 0.020000 0.016949
0 0.311000 0.865113 0.018000 0.015537
0 0.412000 0.864407 0.020000 0.016949
0 0.614000 0.865819 0.020000 0.014124
