0 0.135000 0.242386 0.030000 0.043147
0 0.513000 0.241117 0.030000 0.040609
0 0.467000 0.280457 0.030000 0.038071
0 0.133000 0.447970 0.030000 0.048223
0 0.514000 0.445431 0.028000 0.038071
0 0.516000 0.493655 0.032000 0.048223
0 0.134000 0.645939 0.032000 0.043147
0 0.704000 0.647208 0.032000 0.045685
0 0.231000 0.690355 0.030000 0.040609
0 0.608000 0.694162 0.032000 0.038071
0 0.356000 0.742386 0.032000 0.043147
0 0.580000 0.742386 0.032000 0.043147
0 0.295000 0.897208 0.030000 0.043147
0 0.673000 0.901015 0.034000 0.045685
0 0.387000 0.949239 0.034000 0.045685
0 0.612000 0.949239 0.032000 0.040609
