0 0.337000 0.100282 0.018000 0.014124
0 0.315000 0.183616 0.018000 0.016949
0 0.597000 0.239407 0.018000 0.015537
0 0.429000 0.267655 0.018000 0.018362
0 0.770000 0.333333 0.016000 0.016949
0 0.457000 0.389124 0.018000 0.015537
0 0.277000 0.436441 0.018000 0.014124
0 0.442000 0.464689 0.016000 0.016949
0 0.582000 0.492938 0.016000 0.016949
0 0.657000 0.520480 0.018000 0.018362
0 0.351000 0.576271 0.018000 0.016949
0 0.154000 0.632062 0.020000 0.018362
0 0.261000 0.659605 0.018000 0.019774
0 0.277000 0.714689 0.018000 0.019774
0 0.567000 0.740819 0.018000 0.015537
0 0.368000 0.769774 0.016000 0.016949
0 0.243000 0.853814 0.018000 0.018362
