0 0.819000 0.103107 0.026000 0.022599
0 0.473000 0.135593 0.026000 0.019774
0 0.773000 0.204802 0.026000 0.022599
0 0.666000 0.236582 0.028000 0.021186
0 0.325000 0.270480 0.026000 0.021186
0 0.667000 0.269774 0.026000 0.022599
0 0.638000 0.338983 0.028000 0.019774
0 0.711000 0.376412 0.026000 0.024011
0 0.460000 0.483757 0.028000 0.021186
0 0.533000 0.514831 0.026000 0.024011
0 0.523000 0.546610 0.026000 0.022599
0 0.687000 0.578390 0.026000 0.021186
0 0.299000 0.610876 0.026000 0.021186
0 0.572000 0.610876 0.028000 0.021186
0 0.163000 0.643362 0.030000 0.021186
0 0.357000 0.643362 0.026000 0.018362
0 0.585000 0.643362 0.026000 0.024011
0 0.738000 0.643362 0.028000 0.021186
0 0.755000 0.675141 0.026000 0.022599
0 0.371000 0.706921 0.026000 0.021186
0 0.505000 0.706215 0.026000 0.022599
0 0.820000 0.707627 0.028000 0.025424
0 0.613000 0.804379 0.026000 0.021186
0 0.299000 0.834746 0.026000 0.019774
0 0.299000 0.872175 0.026000 0.021186
0 0.719000 0.873588 0.026000 0.024011
