0 0.338000 0.155367 0.020000 0.016949
0 0.681000 0.153955 0.018000 0.014124
0 0.841000 0.210452 0.018000 0.016949
0 0.377000 0.237994 0.018000 0.015537
0 0.358000 0.266949 0.020000 0.014124
0 0.518000 0.266243 0.020000 0.015537
0 0.600000 0.266243 0.020000 0.015537
0 0.841000 0.266243 0.018000 0.015537
0 0.619000 0.293785 0.018000 0.016949
0 0.195000 0.321328 0.018000 0.015537
0 0.296000 0.322034 0.016000 0.016949
0 0.755000 0.377119 0.018000 0.014124
0 0.695000 0.404661 0.018000 0.015537
0 0.231000 0.432203 0.018000 0.016949
0 0.569000 0.627119 0.018000 0.016949
0 0.429000 0.711158 0.018000 0.015537
0 0.670000 0.738701 0.020000 0.014124
0 0.832000 0.738701 0.020000 0.014124
0 0.226000 0.766949 0.020000 0.014124
0 0.467000 0.766243 0.018000 0.015537
