0 0.083000 0.059406 0.022000 0.019802
0 0.285000 0.137199 0.022000 0.019802
0 0.227000 0.171146 0.022000 0.022631
0 0.702000 0.171146 0.024000 0.019802
0 0.869000 0.171853 0.026000 0.021216
0 0.155000 0.205799 0.022000 0.018388
0 0.368000 0.205799 0.024000 0.018388
0 0.178000 0.239745 0.024000 0.018388
0 0.275000 0.272984 0.022000 0.022631
0 0.416000 0.341584 0.024000 0.021216
0 0.630000 0.341584 0.024000 0.018388
0 0.207000 0.375530 0.022000 0.018388
0 0.683000 0.374823 0.022000 0.016973
0 0.278000 0.511315 0.024000 0.021216
0 0.653000 0.544554 0.022000 0.019802
0 0.543000 0.579915 0.022000 0.019802
0 0.327000 0.614569 0.022000 0.018388
0 0.849000 0.615276 0.022000 0.019802
0 0.298000 0.685997 0.024000 0.019802
0 0.750000 0.720651 0.024000 0.021216
0 0.242000 0.789958 0.024000 0.021216
0 0.544000 0.858557 0.024000 0.022631
0 0.875000 0.857143 0.022000 0.019802
0 0.409000 0.891796 0.022000 0.018388
0 0.739000 0.891089 0.022000 0.019802
