0 0.572500 0.103799 0.037500 0.029152
0 0.225000 0.140459 0.030000 0.028269
0 0.831250 0.140459 0.027500 0.026502
0 0.191875 0.252650 0.023750 0.015901
0 0.177500 0.334364 0.017500 0.016784
0 0.829375 0.353357 0.016250 0.015901
0 0.479375 0.401943 0.018750 0.015901
0 0.476875 0.427120 0.016250 0.015018
0 0.388750 0.446113 0.017500 0.014134
0 0.722500 0.445230 0.020000 0.015901
0 0.687500 0.463781 0.017500 0.014134
0 0.297500 0.510159 0.030000 0.022085
0 0.233750 0.621466 0.025000 0.018551
0 0.291250 0.733216 0.022500 0.017668
0 0.695625 0.697880 0.023750 0.021201
0 0.479375 0.845406 0.023750 0.019435
