0 0.481000 0.105375 0.022000 0.018388
0 0.276000 0.193777 0.020000 0.016973
0 0.179000 0.222065 0.018000 0.014144
0 0.417000 0.222065 0.018000 0.016973
0 0.657000 0.276521 0.018000 0.015559
0 0.437000 0.333098 0.018000 0.015559
0 0.605000 0.333098 0.018000 0.015559
0 0.772000 0.333098 0.020000 0.015559
0 0.178000 0.416549 0.020000 0.015559
0 0.442000 0.416549 0.020000 0.015559
0 0.762000 0.416549 0.020000 0.015559
0 0.292000 0.444130 0.020000 0.014144
0 0.527000 0.444130 0.018000 0.016973
0 0.663000 0.500707 0.018000 0.014144
0 0.385000 0.527581 0.018000 0.016973
0 0.382000 0.555870 0.020000 0.014144
