0 0.467000 0.103107 0.026000 0.019774
0 0.515000 0.103107 0.026000 0.022599
0 0.812000 0.187853 0.020000 0.016949
0 0.248000 0.205508 0.020000 0.018362
0 0.671000 0.207627 0.018000 0.019774
0 0.248000 0.223870 0.020000 0.015537
0 0.271000 0.241525 0.022000 0.016949
0 0.318000 0.259181 0.020000 0.018362
0 0.234000 0.298023 0.020000 0.016949
0 0.230000 0.350989 0.020000 0.021186
0 0.235000 0.372881 0.022000 0.016949
0 0.300000 0.391243 0.020000 0.019774
0 0.240000 0.408898 0.020000 0.018362
0 0.381000 0.408898 0.018000 0.018362
0 0.559000 0.408898 0.022000 0.018362
0 0.230000 0.428672 0.020000 0.018362
0 0.323000 0.445621 0.018000 0.015537
0 0.628000 0.464689 0.020000 0.022599
0 0.248000 0.482345 0.020000 0.015537
0 0.212000 0.519068 0.020000 0.018362
0 0.253000 0.538842 0.022000 0.018362
0 0.371000 0.631356 0.018000 0.016949
0 0.777000 0.631356 0.018000 0.016949
0 0.319000 0.649718 0.018000 0.016949
0 0.234000 0.687147 0.020000 0.018362
