0 0.490000 0.125884 0.032000 0.025460
0 0.308000 0.326025 0.020000 0.024045
0 0.423000 0.357143 0.022000 0.021216
0 0.597000 0.356436 0.022000 0.019802
0 0.541000 0.396747 0.022000 0.021216
0 0.422000 0.428571 0.020000 0.016973
0 0.736000 0.427864 0.020000 0.015559
0 0.353000 0.458274 0.022000 0.019802
0 0.607000 0.492221 0.022000 0.016973
0 0.361000 0.522631 0.018000 0.015559
0 0.790000 0.561528 0.020000 0.019802
0 0.399000 0.729844 0.018000 0.019802
0 0.593000 0.730552 0.022000 0.018388
0 0.360000 0.802687 0.024000 0.018388
