0 0.420000 0.074346 0.116000 0.109477
0 0.288000 0.191176 0.048000 0.049020
0 0.604000 0.188725 0.052000 0.053922
0 0.788000 0.250000 0.016000 0.022876
0 0.238000 0.254902 0.016000 0.019608
0 0.254000 0.279412 0.016000 0.019608
0 0.197000 0.337418 0.018000 0.017974
0 0.213000 0.397876 0.018000 0.021242
0 0.507000 0.247549 0.014000 0.017974
0 0.493000 0.366830 0.018000 0.017974
0 0.444000 0.680556 0.072000 0.080065
0 0.357000 0.765523 0.074000 0.073529
0 0.442000 0.838235 0.032000 0.032680
0 0.633000 0.830065 0.034000 0.049020
