0 0.773547 0.130263 0.048096 0.081579
0 0.303607 0.403947 0.022044 0.034211
0 0.224449 0.478947 0.020040 0.031579
0 0.219439 0.552632 0.018036 0.031579
0 0.794589 0.589474 0.018036 0.036842
0 0.227455 0.625000 0.018036 0.028947
0 0.265531 0.661842 0.022044 0.028947
0 0.461924 0.661842 0.022044 0.028947
0 0.174349 0.698684 0.020040 0.028947
0 0.224449 0.771053 0.020040 0.031579
0 0.480962 0.769737 0.024048 0.034211
0 0.736473 0.771053 0.022044 0.036842
0 0.155311 0.807895 0.022044 0.031579
0 0.356713 0.843421 0.020040 0.034211
0 0.864729 0.844737 0.022044 0.031579
