0 0.483333 0.103774 0.026667 0.028302
0 0.301667 0.200472 0.023333 0.018868
0 0.538333 0.317217 0.023333 0.021226
0 0.443333 0.347877 0.026667 0.021226
0 0.301667 0.405660 0.023333 0.023585
0 0.350000 0.764151 0.020000 0.018868
0 0.490000 0.761792 0.020000 0.018868
0 0.571667 0.761792 0.023333 0.018868
0 0.185000 0.823113 0.023333 0.018868
0 0.255000 0.852594 0.023333 0.021226
0 0.561667 0.349057 0.023333 0.023585
0 0.750000 0.258255 0.020000 0.021226
0 0.293333 0.733491 0.020000 0.018868
0 0.458333 0.674528 0.023333 0.023585
0 0.303333 0.317217 0.026667 0.021226
0 0.301667 0.762972 0.023333 0.021226
0 0.655000 0.761792 0.023333 0.023585
0 0.795000 0.761792 0.023333 0.023585
0 0.371667 0.821934 0.023333 0.021226
0 0.443333 0.852594 0.020000 0.021226
0 0.375000 0.168632 0.023333 0.021226
0 0.305000 0.792453 0.023333 0.023585
