0 0.407000 0.096045 0.018000 0.016949
0 0.399000 0.193503 0.018000 0.014124
0 0.647000 0.194209 0.018000 0.015537
0 0.337000 0.214689 0.018000 0.014124
0 0.619000 0.215395 0.018000 0.015537
0 0.158000 0.235876 0.020000 0.014124
0 0.283000 0.299435 0.018000 0.014124
0 0.301000 0.362994 0.018000 0.014124
0 0.301000 0.384887 0.018000 0.015537
0 0.478000 0.490819 0.016000 0.015537
0 0.513000 0.512712 0.018000 0.014124
0 0.265000 0.596751 0.018000 0.015537
0 0.178000 0.619350 0.020000 0.018362
0 0.337000 0.682910 0.018000 0.015537
0 0.425000 0.789548 0.018000 0.016949
0 0.459000 0.810734 0.018000 0.014124
0 0.825000 0.682203 0.022000 0.014124
0 0.319000 0.896186 0.018000 0.015537
