0 0.492000 0.106638 0.036000 0.032486
0 0.253000 0.168079 0.022000 0.022599
0 0.755000 0.168785 0.026000 0.026836
0 0.472000 0.204802 0.024000 0.022599
0 0.226000 0.242232 0.024000 0.021186
0 0.226000 0.278955 0.024000 0.024011
0 0.387000 0.277542 0.022000 0.026836
0 0.594000 0.281073 0.024000 0.025424
0 0.790000 0.281073 0.024000 0.019774
0 0.226000 0.317797 0.024000 0.019774
0 0.468000 0.316384 0.024000 0.025424
0 0.179000 0.353107 0.022000 0.025424
0 0.629000 0.353814 0.022000 0.024011
0 0.350000 0.477401 0.024000 0.022599
0 0.226000 0.514124 0.024000 0.025424
0 0.658000 0.516243 0.024000 0.026836
0 0.341000 0.590395 0.022000 0.025424
0 0.503000 0.590395 0.026000 0.028249
0 0.721000 0.587571 0.022000 0.028249
0 0.389000 0.627825 0.022000 0.024011
0 0.648000 0.626412 0.024000 0.026836
0 0.311000 0.700565 0.022000 0.025424
0 0.761000 0.700565 0.022000 0.022599
0 0.714000 0.738701 0.024000 0.022599
0 0.404000 0.774718 0.024000 0.029661
0 0.203000 0.811441 0.022000 0.021186
0 0.404000 0.811441 0.028000 0.024011
0 0.154000 0.863701 0.028000 0.026836
0 0.473000 0.864407 0.026000 0.022599
0 0.542000 0.901836 0.024000 0.026836
