0 0.499000 0.194915 0.026000 0.025424
0 0.332000 0.250706 0.024000 0.021186
0 0.163000 0.325565 0.022000 0.024011
0 0.328000 0.361582 0.024000 0.016949
0 0.485000 0.398305 0.022000 0.019774
0 0.320000 0.473164 0.024000 0.019774
0 0.186000 0.549435 0.024000 0.022599
0 0.210000 0.621469 0.024000 0.019774
0 0.680000 0.658898 0.024000 0.018362
0 0.586000 0.694915 0.024000 0.019774
0 0.320000 0.733051 0.024000 0.019774
0 0.398000 0.771186 0.024000 0.022599
0 0.586000 0.769068 0.024000 0.021186
0 0.720000 0.769774 0.024000 0.019774
0 0.410000 0.843927 0.024000 0.018362
