0 0.463000 0.096751 0.018000 0.018362
0 0.423000 0.149718 0.018000 0.019774
0 0.635000 0.192090 0.018000 0.019774
0 0.476000 0.214689 0.020000 0.016949
0 0.156000 0.320621 0.024000 0.019774
0 0.229000 0.382768 0.018000 0.022599
0 0.565000 0.384181 0.018000 0.019774
0 0.750000 0.384181 0.020000 0.019774
0 0.661000 0.405367 0.018000 0.019774
0 0.282000 0.511299 0.020000 0.019774
0 0.583000 0.511299 0.018000 0.019774
0 0.528000 0.533192 0.020000 0.015537
0 0.688000 0.531780 0.024000 0.018362
0 0.563000 0.555791 0.018000 0.018362
0 0.211000 0.575565 0.018000 0.018362
0 0.495000 0.576977 0.022000 0.018362
0 0.220000 0.596751 0.020000 0.015537
0 0.521000 0.597458 0.018000 0.016949
0 0.671000 0.618644 0.018000 0.019774
0 0.724000 0.641949 0.020000 0.018362
0 0.266000 0.661723 0.020000 0.018362
0 0.794000 0.661723 0.020000 0.018362
0 0.230000 0.683616 0.020000 0.016949
0 0.794000 0.704096 0.020000 0.018362
0 0.724000 0.725989 0.020000 0.016949
0 0.811000 0.725989 0.018000 0.016949
0 0.460000 0.747881 0.020000 0.018362
0 0.211000 0.788136 0.018000 0.019774
0 0.618000 0.790960 0.020000 0.016949
0 0.706000 0.789548 0.020000 0.019774
0 0.282000 0.810028 0.020000 0.018362
0 0.584000 0.810734 0.020000 0.019774
0 0.671000 0.809322 0.018000 0.019774
0 0.777000 0.810734 0.018000 0.022599
0 0.442000 0.894774 0.020000 0.018362
0 0.601000 0.897599 0.018000 0.021186
