0 0.242000 0.108040 0.040000 0.035176
0 0.626000 0.107203 0.040000 0.036851
0 0.228000 0.254606 0.040000 0.040201
0 0.453000 0.257119 0.034000 0.031826
0 0.491000 0.293132 0.038000 0.030151
0 0.261000 0.468174 0.038000 0.031826
0 0.416000 0.468174 0.036000 0.031826
0 0.682000 0.468174 0.036000 0.035176
0 0.435000 0.507538 0.038000 0.033501
0 0.232000 0.673367 0.036000 0.030151
0 0.356000 0.712730 0.040000 0.031826
0 0.585000 0.712730 0.034000 0.031826
0 0.740000 0.711893 0.040000 0.036851
0 0.166000 0.904523 0.036000 0.036851
0 0.320000 0.906198 0.036000 0.040201
