0 0.355000 0.291667 0.022000 0.018362
0 0.422000 0.293079 0.020000 0.018362
0 0.553000 0.293079 0.022000 0.018362
0 0.621000 0.293079 0.022000 0.018362
0 0.685000 0.293079 0.022000 0.018362
0 0.137000 0.326271 0.026000 0.019774
0 0.226000 0.362994 0.020000 0.016949
0 0.480000 0.364407 0.020000 0.016949
0 0.589000 0.362994 0.022000 0.016949
0 0.333000 0.400424 0.022000 0.015537
0 0.447000 0.548023 0.022000 0.016949
0 0.316000 0.733757 0.024000 0.018362
0 0.471000 0.806497 0.022000 0.016949
0 0.157000 0.262712 0.018000 0.014124
