0 0.540000 0.102623 0.028000 0.035494
0 0.701000 0.408179 0.026000 0.026235
0 0.230000 0.442901 0.024000 0.030864
0 0.779000 0.480710 0.026000 0.029321
0 0.206000 0.514660 0.024000 0.032407
0 0.273000 0.655093 0.026000 0.026235
0 0.180000 0.689043 0.024000 0.026235
0 0.503000 0.690586 0.030000 0.032407
0 0.344000 0.737654 0.024000 0.027778
0 0.320000 0.791667 0.024000 0.030864
0 0.344000 0.837963 0.024000 0.027778
0 0.318000 0.875000 0.024000 0.027778
0 0.707000 0.874228 0.026000 0.035494
0 0.798000 0.874228 0.024000 0.029321
