0 0.548000 0.066606 0.016000 0.020073
0 0.476000 0.097628 0.016000 0.020073
0 0.593000 0.194343 0.014000 0.020073
0 0.665000 0.194343 0.018000 0.020073
0 0.258000 0.226277 0.016000 0.018248
0 0.240000 0.257299 0.016000 0.018248
0 0.420000 0.290146 0.016000 0.021898
0 0.332000 0.322080 0.020000 0.020073
0 0.293000 0.354015 0.018000 0.018248
0 0.312000 0.386861 0.016000 0.018248
0 0.458000 0.385036 0.016000 0.018248
0 0.258000 0.418796 0.016000 0.020073
0 0.294000 0.451642 0.016000 0.020073
0 0.330000 0.483577 0.016000 0.018248
0 0.530000 0.483577 0.016000 0.018248
0 0.331000 0.514599 0.018000 0.021898
0 0.331000 0.548358 0.018000 0.020073
0 0.357000 0.580292 0.014000 0.018248
0 0.540000 0.580292 0.016000 0.018248
0 0.304000 0.611314 0.016000 0.018248
0 0.430000 0.613139 0.016000 0.018248
0 0.556000 0.611314 0.016000 0.018248
0 0.303000 0.643248 0.014000 0.020073
0 0.430000 0.644161 0.016000 0.018248
0 0.339000 0.675182 0.014000 0.018248
0 0.502000 0.677007 0.016000 0.018248
0 0.303000 0.708029 0.014000 0.018248
0 0.431000 0.707117 0.018000 0.016423
0 0.303000 0.739051 0.018000 0.018248
0 0.304000 0.772810 0.016000 0.020073
0 0.502000 0.771898 0.016000 0.021898
