0 0.359000 0.093927 0.018000 0.015537
0 0.301000 0.136299 0.018000 0.018362
0 0.435000 0.136299 0.018000 0.021186
0 0.603000 0.135593 0.018000 0.022599
0 0.286000 0.189266 0.016000 0.022599
0 0.384000 0.232345 0.016000 0.021186
0 0.668000 0.273305 0.020000 0.018362
0 0.485000 0.317797 0.018000 0.016949
0 0.737000 0.316384 0.018000 0.016949
0 0.284000 0.372175 0.016000 0.018362
0 0.274000 0.455508 0.016000 0.015537
0 0.317000 0.498588 0.018000 0.014124
0 0.425000 0.707627 0.018000 0.016949
0 0.150000 0.762006 0.024000 0.018362
0 0.370000 0.762006 0.020000 0.015537
0 0.241000 0.830508 0.018000 0.019774
