0 0.428705 0.098333 0.024390 0.050000
0 0.617261 0.100000 0.026266 0.053333
0 0.432458 0.285000 0.028143 0.056667
0 0.357411 0.446667 0.028143 0.053333
0 0.261726 0.565000 0.024390 0.050000
0 0.118199 0.616667 0.026266 0.046667
0 0.287054 0.620000 0.026266 0.046667
0 0.120075 0.666667 0.026266 0.046667
0 0.455910 0.770000 0.026266 0.053333
0 0.634146 0.445000 0.026266 0.056667
0 0.802064 0.446667 0.028143 0.060000
0 0.597561 0.590000 0.024390 0.046667
0 0.549719 0.690000 0.026266 0.046667
0 0.525328 0.745000 0.026266 0.050000
0 0.668856 0.741667 0.024390 0.050000
0 0.788931 0.745000 0.024390 0.050000
0 0.907129 0.743333 0.024390 0.046667
0 0.383677 0.666667 0.024390 0.046667
