0 0.370000 0.074667 0.048000 0.058667
0 0.200000 0.244000 0.028000 0.045333
0 0.192000 0.300000 0.032000 0.045333
0 0.194000 0.361333 0.028000 0.040000
0 0.192000 0.420000 0.028000 0.045333
0 0.192000 0.477333 0.028000 0.042667
0 0.306000 0.536000 0.028000 0.042667
0 0.169000 0.592000 0.026000 0.048000
0 0.227000 0.593333 0.026000 0.050667
0 0.221000 0.649333 0.026000 0.040000
0 0.247000 0.712000 0.026000 0.042667
0 0.635000 0.244000 0.026000 0.045333
0 0.714000 0.301333 0.028000 0.048000
0 0.729000 0.362667 0.026000 0.048000
