0 0.055138 0.071667 0.020050 0.050000
0 0.053885 0.143333 0.015038 0.053333
0 0.088346 0.220000 0.013784 0.046667
0 0.098997 0.291667 0.012531 0.036667
0 0.073935 0.440000 0.012531 0.046667
0 0.096491 0.516667 0.012531 0.046667
0 0.073308 0.641667 0.013784 0.043333
0 0.101504 0.718333 0.012531 0.050000
0 0.061404 0.793333 0.012531 0.046667
0 0.319549 0.146667 0.015038 0.046667
0 0.261905 0.215000 0.012531 0.043333
0 0.318296 0.333333 0.012531 0.060000
0 0.705514 0.153333 0.012531 0.040000
0 0.672306 0.226667 0.011278 0.046667
