0 0.465000 0.030876 0.022000 0.029880
0 0.560000 0.125498 0.024000 0.031873
0 0.155000 0.161355 0.022000 0.031873
0 0.224000 0.237052 0.024000 0.031873
0 0.224000 0.364542 0.024000 0.031873
0 0.153000 0.527888 0.022000 0.031873
0 0.155000 0.634462 0.022000 0.033865
0 0.516000 0.505976 0.024000 0.031873
0 0.697000 0.238048 0.026000 0.033865
0 0.841000 0.380478 0.022000 0.027888
0 0.930000 0.459163 0.024000 0.033865
0 0.885000 0.524900 0.022000 0.037849
0 0.667000 0.619522 0.022000 0.031873
0 0.153000 0.776892 0.022000 0.031873
0 0.558000 0.776892 0.024000 0.027888
0 0.154000 0.921315 0.024000 0.029880
0 0.710000 0.920319 0.024000 0.031873
