0 0.490000 0.093220 0.020000 0.016949
0 0.302000 0.166667 0.020000 0.016949
0 0.604000 0.165254 0.020000 0.016949
0 0.384000 0.247881 0.020000 0.015537
0 0.161000 0.277542 0.022000 0.015537
0 0.181000 0.304379 0.018000 0.015537
0 0.358000 0.331921 0.020000 0.014124
0 0.216000 0.552966 0.020000 0.015537
0 0.418000 0.581215 0.020000 0.015537
0 0.791000 0.609463 0.022000 0.015537
0 0.160000 0.664548 0.020000 0.015537
0 0.237000 0.692090 0.022000 0.016949
0 0.316000 0.692090 0.020000 0.014124
0 0.428000 0.692797 0.020000 0.015537
0 0.508000 0.692797 0.020000 0.018362
0 0.590000 0.692090 0.020000 0.016949
0 0.701000 0.692090 0.022000 0.016949
0 0.781000 0.692090 0.018000 0.019774
0 0.202000 0.747881 0.020000 0.015537
0 0.392000 0.747881 0.020000 0.015537
0 0.514000 0.831215 0.020000 0.015537
0 0.201000 0.858757 0.022000 0.014124
0 0.414000 0.858757 0.020000 0.016949
