0 0.599000 0.256356 0.018000 0.018362
0 0.727000 0.425141 0.018000 0.016949
0 0.356000 0.476695 0.016000 0.015537
0 0.763000 0.477401 0.018000 0.016949
0 0.360000 0.531073 0.016000 0.016949
0 0.420000 0.530367 0.016000 0.015537
0 0.511000 0.531073 0.014000 0.019774
0 0.587000 0.531780 0.014000 0.018362
0 0.360000 0.569209 0.016000 0.019774
0 0.420000 0.569915 0.016000 0.018362
0 0.481000 0.570621 0.018000 0.019774
0 0.556000 0.570621 0.016000 0.016949
0 0.390000 0.607345 0.016000 0.019774
0 0.450000 0.608757 0.016000 0.019774
0 0.511000 0.608051 0.014000 0.021186
0 0.587000 0.607345 0.018000 0.022599
0 0.360000 0.647599 0.016000 0.015537
0 0.450000 0.646893 0.016000 0.019774
0 0.511000 0.646893 0.014000 0.014124
0 0.587000 0.647599 0.014000 0.018362
0 0.360000 0.786723 0.016000 0.022599
0 0.360000 0.824859 0.016000 0.016949
0 0.508000 0.854520 0.016000 0.019774
0 0.742000 0.856638 0.016000 0.018362
0 0.327000 0.676554 0.018000 0.014124
