0 0.490000 0.101695 0.020000 0.016949
0 0.268000 0.230932 0.016000 0.012712
0 0.514000 0.288842 0.016000 0.012712
0 0.528000 0.346751 0.016000 0.012712
0 0.455000 0.374294 0.018000 0.014124
0 0.498000 0.404661 0.016000 0.012712
0 0.466000 0.430085 0.016000 0.012712
0 0.498000 0.458333 0.016000 0.012712
0 0.654000 0.459040 0.016000 0.014124
0 0.592000 0.487994 0.016000 0.012712
0 0.330000 0.544492 0.016000 0.012712
0 0.298000 0.601695 0.016000 0.014124
0 0.408000 0.601695 0.016000 0.014124
0 0.455000 0.602401 0.014000 0.012712
0 0.502000 0.601695 0.016000 0.014124
0 0.250000 0.631356 0.016000 0.014124
0 0.385000 0.796610 0.018000 0.014124
0 0.250000 0.853814 0.016000 0.015537
