0 0.247000 0.097458 0.018000 0.019774
0 0.273000 0.220339 0.018000 0.019774
0 0.502000 0.218927 0.020000 0.019774
0 0.285000 0.283898 0.022000 0.022599
0 0.418000 0.282486 0.020000 0.019774
0 0.551000 0.282486 0.022000 0.019774
0 0.284000 0.320621 0.020000 0.022599
0 0.416000 0.322740 0.020000 0.021186
0 0.531000 0.320621 0.018000 0.022599
0 0.285000 0.362288 0.022000 0.026836
0 0.416000 0.362288 0.020000 0.021186
0 0.530000 0.364407 0.020000 0.019774
0 0.455000 0.442797 0.018000 0.021186
0 0.531000 0.583333 0.018000 0.019774
0 0.701000 0.582627 0.018000 0.024011
0 0.232000 0.624294 0.020000 0.019774
0 0.595000 0.625706 0.022000 0.016949
0 0.783000 0.703390 0.022000 0.016949
0 0.425000 0.725989 0.018000 0.016949
0 0.486000 0.764124 0.020000 0.019774
0 0.283000 0.827684 0.018000 0.016949
0 0.662000 0.829096 0.020000 0.022599
0 0.247000 0.868644 0.018000 0.019774
