0 0.324000 0.096751 0.020000 0.015537
0 0.411000 0.199859 0.018000 0.015537
0 0.318000 0.233757 0.020000 0.015537
0 0.410000 0.336158 0.020000 0.016949
0 0.281000 0.370763 0.018000 0.015537
0 0.410000 0.438559 0.020000 0.015537
0 0.213000 0.473870 0.018000 0.015537
0 0.178000 0.508475 0.020000 0.016949
0 0.474000 0.507768 0.020000 0.015537
0 0.751000 0.507768 0.018000 0.015537
0 0.290000 0.530367 0.020000 0.015537
0 0.250000 0.564266 0.020000 0.015537
0 0.252000 0.614407 0.020000 0.016949
0 0.677000 0.637006 0.018000 0.014124
0 0.567000 0.658898 0.018000 0.015537
0 0.503000 0.693503 0.018000 0.014124
0 0.456000 0.743644 0.020000 0.015537
0 0.716000 0.743644 0.020000 0.015537
0 0.308000 0.766243 0.020000 0.015537
0 0.363000 0.815678 0.018000 0.015537
