0 0.461000 0.222222 0.018000 0.018519
0 0.245000 0.244599 0.022000 0.020062
0 0.483000 0.244599 0.018000 0.020062
0 0.353000 0.264660 0.018000 0.020062
0 0.714000 0.264660 0.020000 0.016975
0 0.767000 0.263889 0.018000 0.018519
0 0.209000 0.286265 0.018000 0.016975
0 0.676000 0.284722 0.016000 0.016975
0 0.749000 0.285494 0.018000 0.021605
0 0.210000 0.307099 0.020000 0.018519
0 0.335000 0.306327 0.018000 0.020062
0 0.568000 0.305556 0.020000 0.018519
0 0.639000 0.307099 0.018000 0.018519
0 0.226000 0.327160 0.016000 0.018519
0 0.204000 0.347994 0.020000 0.020062
0 0.366000 0.347994 0.016000 0.016975
0 0.475000 0.347994 0.018000 0.020062
0 0.653000 0.346451 0.018000 0.016975
0 0.797000 0.345679 0.018000 0.021605
0 0.298000 0.367284 0.020000 0.015432
0 0.408000 0.368827 0.020000 0.018519
0 0.641000 0.368056 0.018000 0.016975
0 0.245000 0.389660 0.018000 0.016975
0 0.317000 0.389660 0.018000 0.016975
0 0.371000 0.388889 0.018000 0.018519
0 0.478000 0.390432 0.020000 0.018519
0 0.532000 0.389660 0.020000 0.016975
0 0.820000 0.388889 0.020000 0.018519
0 0.299000 0.411265 0.018000 0.016975
0 0.586000 0.410494 0.020000 0.018519
0 0.330000 0.449846 0.016000 0.016975
0 0.771000 0.450617 0.018000 0.018519
0 0.352000 0.471451 0.016000 0.016975
0 0.641000 0.472222 0.018000 0.018519
0 0.465000 0.492284 0.018000 0.018519
0 0.623000 0.492284 0.018000 0.018519
0 0.767000 0.491512 0.022000 0.020062
0 0.191000 0.511574 0.018000 0.016975
0 0.281000 0.513889 0.018000 0.018519
0 0.657000 0.513117 0.018000 0.016975
0 0.433000 0.534722 0.018000 0.016975
0 0.713000 0.536265 0.022000 0.023148
0 0.840000 0.535494 0.020000 0.018519
0 0.227000 0.576389 0.018000 0.020062
