0 0.428000 0.125000 0.036000 0.033951
0 0.234000 0.198302 0.020000 0.020062
0 0.607000 0.196759 0.018000 0.020062
0 0.155000 0.227623 0.022000 0.016975
0 0.391000 0.227623 0.018000 0.016975
0 0.352000 0.256944 0.020000 0.020062
0 0.509000 0.315586 0.018000 0.016975
0 0.254000 0.346451 0.020000 0.020062
0 0.696000 0.317130 0.020000 0.016975
0 0.273000 0.405093 0.018000 0.020062
0 0.196000 0.434414 0.020000 0.020062
0 0.646000 0.405864 0.020000 0.018519
0 0.490000 0.435185 0.020000 0.018519
0 0.686000 0.435185 0.020000 0.018519
0 0.215000 0.464506 0.022000 0.018519
0 0.568000 0.464506 0.020000 0.021605
0 0.686000 0.523148 0.020000 0.018519
0 0.332000 0.553241 0.020000 0.016975
0 0.372000 0.581790 0.020000 0.015432
0 0.706000 0.641204 0.020000 0.016975
0 0.764000 0.641975 0.020000 0.018519
0 0.304000 0.670525 0.020000 0.020062
0 0.372000 0.847994 0.020000 0.016975
