0 0.501000 0.106638 0.030000 0.024011
0 0.563000 0.106638 0.026000 0.021186
0 0.634000 0.275424 0.016000 0.014124
0 0.410000 0.293785 0.016000 0.014124
0 0.268000 0.311441 0.016000 0.012712
0 0.240000 0.353107 0.016000 0.011299
0 0.381000 0.373588 0.014000 0.012712
0 0.523000 0.373588 0.014000 0.012712
0 0.519000 0.435028 0.014000 0.014124
0 0.564000 0.494350 0.016000 0.014124
0 0.531000 0.516243 0.014000 0.015537
0 0.205000 0.536723 0.014000 0.011299
0 0.242000 0.579096 0.016000 0.014124
0 0.303000 0.598870 0.014000 0.014124
0 0.564000 0.619350 0.016000 0.012712
0 0.469000 0.639124 0.014000 0.012712
0 0.768000 0.659605 0.016000 0.011299
0 0.378000 0.701977 0.016000 0.014124
0 0.221000 0.723164 0.014000 0.014124
0 0.237000 0.783898 0.014000 0.011299
0 0.626000 0.825565 0.016000 0.012712
0 0.394000 0.845339 0.016000 0.012712
0 0.470000 0.885593 0.016000 0.014124
