0 0.508000 0.103814 0.020000 0.015537
0 0.432000 0.140537 0.020000 0.015537
0 0.685000 0.141243 0.022000 0.016949
0 0.790000 0.140537 0.020000 0.015537
0 0.412000 0.216102 0.020000 0.016949
0 0.349000 0.252119 0.022000 0.015537
0 0.790000 0.252825 0.020000 0.016949
0 0.349000 0.363701 0.022000 0.018362
0 0.811000 0.363701 0.022000 0.018362
0 0.433000 0.400424 0.022000 0.018362
0 0.664000 0.399718 0.020000 0.016949
0 0.811000 0.400424 0.022000 0.018362
0 0.307000 0.437853 0.022000 0.016949
0 0.769000 0.437147 0.022000 0.015537
0 0.223000 0.474576 0.022000 0.016949
0 0.495000 0.512006 0.022000 0.018362
0 0.181000 0.659605 0.022000 0.016949
0 0.307000 0.697740 0.022000 0.016949
