0 0.391000 0.101132 0.034000 0.032532
0 0.613000 0.103253 0.034000 0.031117
0 0.245000 0.171146 0.030000 0.022631
0 0.729000 0.170438 0.026000 0.021216
0 0.518000 0.202263 0.028000 0.022631
0 0.677000 0.202263 0.026000 0.025460
0 0.219000 0.235502 0.026000 0.021216
0 0.432000 0.236209 0.024000 0.022631
0 0.514000 0.235502 0.028000 0.021216
0 0.165000 0.269448 0.026000 0.021216
0 0.382000 0.269448 0.028000 0.021216
0 0.755000 0.270156 0.026000 0.019802
0 0.350000 0.301980 0.024000 0.021216
0 0.509000 0.302687 0.026000 0.019802
0 0.485000 0.335219 0.026000 0.019802
0 0.219000 0.369873 0.026000 0.021216
0 0.581000 0.368458 0.026000 0.021216
0 0.700000 0.401697 0.028000 0.019802
0 0.218000 0.434936 0.028000 0.018388
0 0.728000 0.435644 0.028000 0.022631
0 0.297000 0.468883 0.026000 0.021216
0 0.485000 0.468175 0.026000 0.019802
0 0.809000 0.468883 0.026000 0.018388
0 0.518000 0.501414 0.028000 0.021216
0 0.755000 0.503536 0.026000 0.022631
0 0.431000 0.535361 0.026000 0.021216
0 0.191000 0.568600 0.030000 0.019802
0 0.536000 0.568600 0.024000 0.022631
0 0.591000 0.601839 0.026000 0.024045
0 0.341000 0.668317 0.026000 0.021216
0 0.561000 0.668317 0.026000 0.024045
0 0.191000 0.701556 0.026000 0.022631
0 0.345000 0.734088 0.026000 0.022631
0 0.591000 0.734795 0.026000 0.021216
0 0.273000 0.768034 0.026000 0.019802
0 0.595000 0.768034 0.026000 0.022631
0 0.783000 0.768034 0.030000 0.019802
0 0.488000 0.801980 0.028000 0.019802
0 0.595000 0.835219 0.026000 0.024045
0 0.192000 0.867751 0.024000 0.021216
0 0.272000 0.868458 0.028000 0.022631
0 0.572000 0.869165 0.024000 0.021216
