0 0.449000 0.072993 0.026000 0.025547
0 0.241000 0.139599 0.018000 0.020073
0 0.331000 0.173358 0.018000 0.021898
0 0.277000 0.239051 0.018000 0.021898
0 0.513000 0.302920 0.018000 0.018248
0 0.603000 0.333942 0.018000 0.018248
0 0.513000 0.364964 0.018000 0.018248
0 0.693000 0.366788 0.018000 0.021898
0 0.313000 0.430657 0.018000 0.021898
0 0.728000 0.494526 0.016000 0.021898
0 0.277000 0.528285 0.018000 0.023723
0 0.694000 0.527372 0.020000 0.021898
0 0.729000 0.656934 0.018000 0.021898
0 0.403000 0.720803 0.018000 0.021898
0 0.584000 0.720803 0.020000 0.021898
0 0.657000 0.720803 0.018000 0.018248
0 0.603000 0.751825 0.018000 0.018248
