0 0.233000 0.098164 0.058000 0.046610
0 0.417000 0.098870 0.058000 0.050847
0 0.313000 0.153955 0.026000 0.025424
0 0.529000 0.189266 0.030000 0.028249
0 0.544000 0.224576 0.032000 0.031073
0 0.189000 0.266949 0.026000 0.028249
0 0.189000 0.302260 0.030000 0.025424
0 0.189000 0.336864 0.030000 0.026836
0 0.619000 0.371469 0.030000 0.028249
0 0.499000 0.402542 0.030000 0.028249
0 0.718000 0.446328 0.036000 0.028249
0 0.189000 0.489407 0.030000 0.029661
0 0.189000 0.533898 0.030000 0.028249
0 0.672000 0.576271 0.032000 0.031073
0 0.189000 0.617938 0.030000 0.026836
0 0.216000 0.680085 0.028000 0.024011
