0 0.490000 0.116525 0.020000 0.018362
0 0.530000 0.116525 0.020000 0.015537
0 0.690000 0.264124 0.020000 0.016949
0 0.105000 0.282486 0.022000 0.016949
0 0.750000 0.282486 0.020000 0.016949
0 0.166000 0.337571 0.020000 0.016949
0 0.387000 0.355226 0.018000 0.015537
0 0.569000 0.356638 0.018000 0.018362
0 0.601000 0.412429 0.022000 0.016949
0 0.227000 0.430791 0.022000 0.014124
0 0.306000 0.449153 0.020000 0.016949
0 0.489000 0.449153 0.018000 0.016949
0 0.540000 0.468220 0.020000 0.018362
0 0.280000 0.485876 0.024000 0.014124
0 0.622000 0.485876 0.020000 0.016949
0 0.621000 0.504944 0.018000 0.015537
0 0.206000 0.523305 0.020000 0.015537
0 0.548000 0.522599 0.020000 0.016949
0 0.258000 0.541667 0.020000 0.015537
0 0.560000 0.542373 0.020000 0.016949
0 0.823000 0.541667 0.022000 0.018362
0 0.166000 0.579096 0.020000 0.016949
0 0.347000 0.596751 0.022000 0.015537
0 0.730000 0.597458 0.020000 0.016949
0 0.872000 0.597458 0.024000 0.016949
0 0.428000 0.615113 0.020000 0.015537
0 0.770000 0.615819 0.020000 0.014124
0 0.521000 0.690678 0.018000 0.016949
0 0.549000 0.856638 0.022000 0.015537
