0 0.535000 0.123762 0.026000 0.018388
0 0.365000 0.244696 0.018000 0.014144
0 0.334000 0.264498 0.016000 0.016973
0 0.634000 0.300566 0.016000 0.012730
0 0.315000 0.320368 0.018000 0.015559
0 0.483000 0.319661 0.018000 0.014144
0 0.415000 0.337341 0.018000 0.015559
0 0.516000 0.338755 0.016000 0.015559
0 0.541000 0.375530 0.018000 0.015559
0 0.609000 0.374823 0.018000 0.014144
0 0.315000 0.412306 0.018000 0.012730
0 0.567000 0.411598 0.018000 0.016973
0 0.417000 0.429986 0.018000 0.014144
0 0.432000 0.541726 0.016000 0.014144
0 0.770000 0.560113 0.016000 0.014144
0 0.312000 0.578501 0.016000 0.014144
0 0.346000 0.578501 0.016000 0.014144
0 0.439000 0.578501 0.018000 0.011315
0 0.503000 0.578501 0.018000 0.014144
0 0.567000 0.578501 0.018000 0.014144
0 0.283000 0.596888 0.018000 0.014144
0 0.435000 0.596888 0.018000 0.014144
0 0.854000 0.597595 0.016000 0.015559
0 0.324000 0.615276 0.016000 0.014144
0 0.709000 0.615276 0.018000 0.014144
0 0.845000 0.615276 0.018000 0.014144
0 0.717000 0.671146 0.018000 0.015559
0 0.784000 0.689533 0.016000 0.015559
0 0.537000 0.814003 0.026000 0.018388
0 0.412000 0.879066 0.016000 0.012730
0 0.372000 0.897454 0.016000 0.015559
0 0.825000 0.898161 0.018000 0.014144
0 0.943000 0.898161 0.018000 0.014144
