0 0.510000 0.124658 0.028000 0.021918
0 0.371000 0.200000 0.018000 0.013699
0 0.579000 0.200000 0.018000 0.013699
0 0.177000 0.221233 0.018000 0.017808
0 0.255000 0.239041 0.018000 0.015068
0 0.456000 0.552740 0.016000 0.015068
0 0.259000 0.571233 0.018000 0.010959
0 0.341000 0.571918 0.018000 0.015068
0 0.176000 0.589726 0.016000 0.015068
0 0.242000 0.590411 0.016000 0.016438
0 0.277000 0.610274 0.018000 0.012329
0 0.439000 0.629452 0.018000 0.015068
0 0.228000 0.667123 0.016000 0.016438
0 0.110000 0.687671 0.020000 0.016438
0 0.407000 0.706164 0.018000 0.017808
0 0.391000 0.725342 0.018000 0.015068
0 0.128000 0.803425 0.016000 0.017808
0 0.227000 0.803425 0.018000 0.015068
0 0.226000 0.842466 0.016000 0.016438
0 0.293000 0.843151 0.018000 0.017808
0 0.260000 0.919863 0.016000 0.017808
0 0.590000 0.508219 0.016000 0.016438
0 0.640000 0.509589 0.016000 0.016438
0 0.508000 0.527397 0.020000 0.016438
0 0.628000 0.567808 0.020000 0.017808
0 0.508000 0.606849 0.020000 0.016438
0 0.705000 0.626027 0.018000 0.016438
0 0.741000 0.867808 0.018000 0.015068
0 0.751000 0.904795 0.018000 0.015068
