0 0.433000 0.087571 0.022000 0.019774
0 0.591000 0.127825 0.022000 0.018362
0 0.831000 0.127119 0.022000 0.019774
0 0.469000 0.160311 0.018000 0.018362
0 0.266000 0.294492 0.020000 0.015537
0 0.105000 0.328390 0.022000 0.021186
0 0.428000 0.326977 0.020000 0.018362
0 0.449000 0.360876 0.022000 0.018362
0 0.225000 0.394774 0.022000 0.018362
0 0.770000 0.394068 0.020000 0.016949
0 0.246000 0.427966 0.020000 0.016949
0 0.535000 0.427260 0.022000 0.015537
0 0.676000 0.427260 0.020000 0.015537
0 0.535000 0.460452 0.018000 0.016949
0 0.804000 0.461158 0.020000 0.018362
0 0.247000 0.494350 0.022000 0.016949
0 0.435000 0.495056 0.022000 0.018362
0 0.562000 0.494350 0.020000 0.016949
0 0.421000 0.528249 0.022000 0.019774
0 0.702000 0.527542 0.020000 0.018362
0 0.246000 0.560028 0.020000 0.018362
0 0.669000 0.594633 0.022000 0.019774
0 0.224000 0.628531 0.020000 0.019774
0 0.668000 0.627119 0.020000 0.016949
0 0.448000 0.693503 0.020000 0.019774
0 0.709000 0.692797 0.022000 0.018362
0 0.244000 0.727401 0.020000 0.019774
0 0.696000 0.727401 0.020000 0.019774
0 0.388000 0.760593 0.020000 0.018362
0 0.710000 0.762006 0.020000 0.018362
0 0.207000 0.793079 0.022000 0.018362
0 0.227000 0.826977 0.018000 0.018362
0 0.450000 0.060028 0.016000 0.015537
