0 0.808000 0.128332 0.048000 0.025666
0 0.233000 0.240375 0.042000 0.016782
0 0.542000 0.200888 0.044000 0.018756
0 0.346000 0.326259 0.044000 0.022705
0 0.143000 0.380553 0.050000 0.026654
0 0.714000 0.365252 0.044000 0.025666
0 0.792000 0.390424 0.044000 0.022705
0 0.791000 0.417572 0.042000 0.023692
0 0.141000 0.601678 0.046000 0.024679
0 0.233000 0.699901 0.042000 0.015795
0 0.542000 0.661402 0.044000 0.019743
0 0.746000 0.579467 0.040000 0.023692
0 0.820000 0.606614 0.044000 0.022705
0 0.820000 0.633268 0.044000 0.026654
0 0.345000 0.785785 0.042000 0.023692
