0 0.114000 0.060367 0.020000 0.031496
0 0.262000 0.044619 0.020000 0.031496
0 0.609000 0.047244 0.022000 0.036745
0 0.451000 0.139108 0.018000 0.036745
0 0.489000 0.136483 0.018000 0.031496
0 0.312000 0.202100 0.020000 0.031496
0 0.145000 0.280840 0.022000 0.031496
0 0.186000 0.362205 0.024000 0.026247
0 0.272000 0.381890 0.024000 0.023622
0 0.252000 0.406824 0.024000 0.026247
0 0.222000 0.534121 0.020000 0.034121
0 0.634000 0.223097 0.020000 0.036745
0 0.625000 0.280840 0.018000 0.031496
0 0.665000 0.360892 0.022000 0.028871
0 0.752000 0.379265 0.020000 0.028871
0 0.732000 0.408136 0.020000 0.028871
0 0.793000 0.204724 0.022000 0.031496
0 0.893000 0.202100 0.018000 0.031496
0 0.703000 0.535433 0.022000 0.031496
0 0.600000 0.591864 0.020000 0.028871
0 0.591000 0.868766 0.022000 0.031496
0 0.629000 0.895013 0.018000 0.031496
0 0.629000 0.918635 0.018000 0.026247
0 0.629000 0.967192 0.022000 0.034121
0 0.743000 0.891076 0.018000 0.034121
0 0.875000 0.893701 0.022000 0.034121
0 0.665000 0.919948 0.026000 0.028871
0 0.900000 0.919948 0.020000 0.028871
0 0.902000 0.942257 0.020000 0.026247
