0 0.408000 0.201271 0.036000 0.029661
0 0.420000 0.237288 0.024000 0.022599
0 0.720000 0.269774 0.028000 0.025424
0 0.344000 0.303672 0.028000 0.019774
0 0.763000 0.303672 0.026000 0.022599
0 0.747000 0.337571 0.026000 0.022599
0 0.532000 0.403249 0.028000 0.021186
0 0.791000 0.403249 0.030000 0.021186
0 0.532000 0.469633 0.028000 0.021186
0 0.344000 0.503531 0.028000 0.021186
0 0.586000 0.503531 0.028000 0.021186
0 0.370000 0.536017 0.028000 0.018362
0 0.773000 0.537429 0.026000 0.021186
0 0.299000 0.603814 0.026000 0.021186
0 0.217000 0.668785 0.026000 0.021186
0 0.371000 0.703390 0.026000 0.022599
0 0.712000 0.735876 0.028000 0.019774
0 0.747000 0.803672 0.026000 0.022599
0 0.399000 0.835452 0.026000 0.024011
