0 0.495000 0.114667 0.042000 0.069333
0 0.370000 0.288000 0.032000 0.048000
0 0.163000 0.349333 0.038000 0.053333
0 0.404000 0.353333 0.032000 0.061333
0 0.201000 0.414667 0.034000 0.050667
0 0.198000 0.481333 0.032000 0.050667
0 0.199000 0.605333 0.034000 0.053333
0 0.200000 0.674667 0.036000 0.053333
0 0.161000 0.737333 0.038000 0.056000
0 0.405000 0.414667 0.034000 0.050667
0 0.302000 0.480000 0.036000 0.053333
0 0.538000 0.541333 0.036000 0.053333
0 0.536000 0.606667 0.032000 0.050667
0 0.370000 0.669333 0.040000 0.053333
0 0.536000 0.669333 0.032000 0.048000
0 0.301000 0.736000 0.034000 0.048000
0 0.403000 0.738667 0.034000 0.053333
0 0.670000 0.738667 0.032000 0.053333
