0 0.830000 0.133853 0.036000 0.032578
0 0.205000 0.261331 0.014000 0.012748
0 0.267000 0.488669 0.018000 0.016997
0 0.389000 0.507790 0.018000 0.015581
0 0.220000 0.526204 0.016000 0.015581
0 0.305000 0.527620 0.018000 0.012748
0 0.145000 0.565156 0.018000 0.016997
0 0.108000 0.586402 0.020000 0.014164
0 0.324000 0.584278 0.020000 0.015581
0 0.108000 0.604816 0.020000 0.014164
0 0.250000 0.622521 0.020000 0.015581
0 0.165000 0.660057 0.018000 0.014164
0 0.372000 0.660765 0.020000 0.015581
0 0.128000 0.699717 0.020000 0.014164
0 0.203000 0.720255 0.018000 0.015581
0 0.279000 0.757082 0.018000 0.015581
0 0.289000 0.796034 0.018000 0.014164
0 0.413000 0.243626 0.014000 0.014164
0 0.206000 0.296742 0.016000 0.012748
0 0.384000 0.315156 0.016000 0.012748
0 0.505000 0.315156 0.014000 0.012748
0 0.546000 0.351983 0.016000 0.012748
