0 0.282000 0.378531 0.020000 0.022599
0 0.201000 0.403955 0.022000 0.019774
0 0.221000 0.459040 0.022000 0.022599
0 0.770000 0.541667 0.020000 0.021186
0 0.362000 0.569915 0.020000 0.018362
0 0.403000 0.598164 0.022000 0.018362
0 0.705000 0.600282 0.022000 0.022599
0 0.503000 0.682203 0.022000 0.019774
0 0.806000 0.681497 0.020000 0.018362
0 0.262000 0.709746 0.024000 0.018362
0 0.302000 0.793079 0.020000 0.018362
0 0.543000 0.793079 0.022000 0.021186
0 0.807000 0.850282 0.018000 0.019774
0 0.363000 0.875706 0.022000 0.019774
