0 0.516000 0.122175 0.036000 0.029661
0 0.391000 0.196328 0.022000 0.019774
0 0.698000 0.196328 0.024000 0.019774
0 0.190000 0.232345 0.024000 0.018362
0 0.707000 0.233051 0.022000 0.019774
0 0.273000 0.269774 0.022000 0.019774
0 0.602000 0.417373 0.024000 0.018362
0 0.272000 0.454802 0.024000 0.016949
0 0.508000 0.454802 0.024000 0.016949
0 0.320000 0.492232 0.024000 0.018362
0 0.580000 0.603107 0.024000 0.019774
0 0.190000 0.639831 0.024000 0.016949
0 0.543000 0.640537 0.026000 0.018362
0 0.415000 0.677260 0.022000 0.018362
0 0.284000 0.825565 0.024000 0.018362
0 0.308000 0.900424 0.024000 0.018362
