0 0.748000 0.093923 0.036000 0.024862
0 0.701000 0.196823 0.014000 0.012431
0 0.354000 0.214088 0.016000 0.013812
0 0.505000 0.214779 0.018000 0.012431
0 0.390000 0.230663 0.012000 0.011050
0 0.136000 0.536602 0.016000 0.012431
0 0.165000 0.600138 0.014000 0.015193
0 0.339000 0.600138 0.018000 0.012431
0 0.120000 0.695442 0.016000 0.012431
0 0.478000 0.712707 0.016000 0.011050
0 0.313000 0.712707 0.014000 0.013812
0 0.304000 0.729282 0.016000 0.011050
0 0.914000 0.472376 0.012000 0.013812
0 0.573000 0.539365 0.014000 0.012431
0 0.836000 0.571823 0.016000 0.013812
0 0.291000 0.504144 0.014000 0.011050
