0 0.499000 0.116525 0.018000 0.015537
0 0.382000 0.160311 0.020000 0.018362
0 0.705000 0.202684 0.018000 0.018362
0 0.341000 0.242232 0.018000 0.018362
0 0.221000 0.329096 0.022000 0.019774
0 0.624000 0.329802 0.020000 0.018362
0 0.202000 0.371469 0.020000 0.016949
0 0.725000 0.371469 0.018000 0.016949
0 0.181000 0.413136 0.018000 0.021186
0 0.361000 0.413136 0.018000 0.018362
0 0.725000 0.413136 0.018000 0.018362
0 0.322000 0.454802 0.020000 0.019774
0 0.443000 0.541667 0.018000 0.018362
0 0.644000 0.541667 0.020000 0.018362
0 0.383000 0.581215 0.018000 0.018362
0 0.322000 0.622881 0.020000 0.016949
0 0.503000 0.623588 0.022000 0.018362
0 0.604000 0.622881 0.020000 0.016949
0 0.362000 0.665960 0.020000 0.018362
0 0.685000 0.665254 0.018000 0.019774
0 0.755000 0.795904 0.018000 0.018362
0 0.342000 0.836864 0.020000 0.018362
0 0.664000 0.878531 0.020000 0.016949
0 0.765000 0.878531 0.018000 0.016949
