0 0.641000 0.141949 0.018000 0.015537
0 0.504000 0.177260 0.020000 0.015537
0 0.737000 0.215395 0.018000 0.015537
0 0.679000 0.586158 0.018000 0.014124
0 0.459000 0.649718 0.018000 0.016949
0 0.276000 0.686441 0.020000 0.014124
0 0.244000 0.725282 0.020000 0.018362
0 0.404000 0.761299 0.020000 0.019774
0 0.549000 0.761299 0.018000 0.016949
0 0.359000 0.799435 0.022000 0.016949
0 0.804000 0.798023 0.020000 0.014124
0 0.214000 0.836158 0.020000 0.019774
0 0.436000 0.834746 0.020000 0.016949
0 0.181000 0.871469 0.018000 0.016949
