0 0.514000 0.117938 0.028000 0.032486
0 0.435000 0.194209 0.018000 0.018362
0 0.460000 0.222458 0.020000 0.018362
0 0.385000 0.251412 0.018000 0.019774
0 0.231000 0.278249 0.018000 0.019774
0 0.615000 0.306497 0.018000 0.016949
0 0.177000 0.334746 0.018000 0.019774
0 0.314000 0.362288 0.020000 0.021186
0 0.315000 0.390537 0.018000 0.015537
0 0.349000 0.473164 0.018000 0.016949
0 0.279000 0.527542 0.018000 0.018362
0 0.455000 0.528955 0.018000 0.021186
0 0.773000 0.526836 0.018000 0.019774
0 0.247000 0.555791 0.018000 0.021186
0 0.618000 0.555791 0.016000 0.018362
0 0.389000 0.583333 0.018000 0.019774
0 0.795000 0.582627 0.018000 0.026836
0 0.265000 0.611582 0.018000 0.019774
0 0.354000 0.610876 0.020000 0.018362
0 0.478000 0.611582 0.020000 0.019774
0 0.213000 0.667373 0.018000 0.018362
0 0.265000 0.694915 0.018000 0.019774
0 0.314000 0.721751 0.020000 0.019774
