0 0.504000 0.178313 0.020000 0.028916
0 0.451000 0.230120 0.022000 0.026506
0 0.491000 0.290361 0.022000 0.031325
0 0.476000 0.445783 0.020000 0.033735
0 0.725000 0.436145 0.022000 0.024096
0 0.748000 0.437349 0.024000 0.026506
0 0.263000 0.212048 0.022000 0.028916
0 0.251000 0.365060 0.022000 0.026506
0 0.264000 0.433735 0.020000 0.028916
0 0.306000 0.683133 0.020000 0.026506
0 0.326000 0.681928 0.020000 0.028916
0 0.298000 0.739759 0.024000 0.033735
0 0.301000 0.854217 0.022000 0.031325
0 0.334000 0.881928 0.020000 0.028916
0 0.357000 0.881928 0.022000 0.028916
0 0.118000 0.734940 0.020000 0.028916
0 0.129000 0.781928 0.022000 0.026506
