0 0.388000 0.105226 0.036000 0.032486
0 0.811000 0.178672 0.030000 0.024011
0 0.460000 0.212571 0.024000 0.021186
0 0.380000 0.244350 0.024000 0.022599
0 0.379000 0.411017 0.022000 0.019774
0 0.567000 0.444209 0.026000 0.026836
0 0.325000 0.478107 0.026000 0.021186
0 0.736000 0.510593 0.028000 0.021186
0 0.324000 0.577684 0.024000 0.022599
0 0.380000 0.612288 0.028000 0.024011
0 0.755000 0.611582 0.026000 0.022599
0 0.488000 0.645480 0.028000 0.022599
0 0.675000 0.644774 0.026000 0.024011
0 0.727000 0.711864 0.026000 0.022599
0 0.433000 0.743644 0.022000 0.024011
0 0.757000 0.742938 0.026000 0.028249
0 0.352000 0.777542 0.024000 0.026836
0 0.541000 0.777542 0.026000 0.021186
0 0.569000 0.811441 0.026000 0.021186
0 0.244000 0.843220 0.024000 0.019774
0 0.701000 0.843220 0.026000 0.019774
