0 0.629000 0.104668 0.022000 0.019802
0 0.339000 0.186704 0.018000 0.016973
0 0.449000 0.187412 0.018000 0.015559
0 0.239000 0.296322 0.018000 0.021216
0 0.418000 0.333098 0.020000 0.018388
0 0.315000 0.355021 0.018000 0.016973
0 0.405000 0.352900 0.018000 0.015559
0 0.240000 0.428571 0.020000 0.016973
0 0.221000 0.540311 0.018000 0.016973
0 0.579000 0.538897 0.018000 0.022631
0 0.646000 0.536775 0.016000 0.018388
0 0.243000 0.574965 0.018000 0.018388
0 0.243000 0.611740 0.018000 0.015559
0 0.406000 0.630127 0.016000 0.018388
0 0.239000 0.741160 0.018000 0.016973
0 0.313000 0.742574 0.018000 0.016973
0 0.279000 0.760962 0.018000 0.016973
0 0.244000 0.799151 0.020000 0.016973
0 0.769000 0.795615 0.018000 0.018388
0 0.243000 0.818953 0.018000 0.019802
0 0.593000 0.816124 0.018000 0.016973
0 0.440000 0.836634 0.020000 0.018388
0 0.597000 0.835219 0.018000 0.018388
0 0.767000 0.834512 0.018000 0.016973
0 0.177000 0.315417 0.018000 0.014144
