0 0.303000 0.122175 0.030000 0.024011
0 0.605000 0.121469 0.030000 0.028249
0 0.257000 0.187147 0.022000 0.021186
0 0.283000 0.223164 0.022000 0.016949
0 0.303000 0.298729 0.022000 0.021186
0 0.303000 0.389831 0.022000 0.016949
0 0.346000 0.389124 0.020000 0.018362
0 0.260000 0.408192 0.020000 0.019774
0 0.325000 0.408898 0.022000 0.018362
0 0.389000 0.408192 0.022000 0.019774
0 0.261000 0.428672 0.022000 0.018362
0 0.325000 0.427966 0.022000 0.016949
0 0.260000 0.445621 0.020000 0.015537
0 0.324000 0.446328 0.020000 0.016949
0 0.303000 0.464689 0.022000 0.019774
0 0.367000 0.464689 0.022000 0.019774
0 0.602000 0.464689 0.020000 0.016949
0 0.161000 0.481638 0.022000 0.022599
0 0.386000 0.483051 0.020000 0.019774
0 0.302000 0.557203 0.020000 0.018362
0 0.774000 0.557203 0.020000 0.026836
0 0.411000 0.595339 0.022000 0.021186
0 0.409000 0.629944 0.022000 0.016949
0 0.474000 0.649718 0.020000 0.019774
0 0.624000 0.648305 0.020000 0.019774
0 0.711000 0.649718 0.022000 0.019774
0 0.818000 0.649011 0.024000 0.021186
0 0.687000 0.667373 0.022000 0.018362
0 0.260000 0.704096 0.020000 0.018362
0 0.453000 0.702684 0.022000 0.021186
0 0.261000 0.723164 0.022000 0.019774
0 0.410000 0.723870 0.020000 0.018362
0 0.259000 0.742938 0.022000 0.019774
0 0.453000 0.741525 0.022000 0.019774
0 0.260000 0.761299 0.024000 0.019774
0 0.303000 0.815678 0.022000 0.021186
0 0.261000 0.853814 0.026000 0.018362
0 0.474000 0.850989 0.020000 0.024011
0 0.667000 0.852401 0.022000 0.024011
0 0.358000 0.873588 0.024000 0.021186
0 0.744000 0.872881 0.020000 0.019774
