0 0.161000 0.101695 0.022000 0.016949
0 0.301000 0.101695 0.022000 0.016949
0 0.209000 0.137712 0.022000 0.018362
0 0.465000 0.137712 0.022000 0.018362
0 0.372000 0.192797 0.020000 0.018362
0 0.638000 0.192797 0.024000 0.018362
0 0.382000 0.245763 0.020000 0.016949
0 0.261000 0.283192 0.022000 0.018362
0 0.455000 0.283192 0.022000 0.018362
0 0.321000 0.336864 0.022000 0.018362
0 0.375000 0.411017 0.022000 0.016949
0 0.254000 0.454802 0.020000 0.016949
0 0.343000 0.499294 0.022000 0.018362
0 0.637000 0.500000 0.022000 0.016949
0 0.773000 0.500000 0.022000 0.016949
0 0.215000 0.536017 0.022000 0.018362
0 0.409000 0.536723 0.022000 0.016949
0 0.523000 0.536017 0.022000 0.018362
0 0.698000 0.537429 0.020000 0.018362
0 0.437000 0.574153 0.022000 0.018362
0 0.261000 0.603814 0.022000 0.018362
0 0.577000 0.683616 0.022000 0.019774
0 0.261000 0.774011 0.022000 0.016949
0 0.376000 0.773305 0.020000 0.018362
