0 0.230000 0.112288 0.020000 0.018362
0 0.259000 0.252825 0.018000 0.014124
0 0.241000 0.283192 0.018000 0.015537
0 0.382000 0.282486 0.016000 0.014124
0 0.169000 0.302260 0.018000 0.014124
0 0.241000 0.329802 0.018000 0.015537
0 0.329000 0.329802 0.018000 0.015537
0 0.259000 0.365819 0.018000 0.014124
0 0.593000 0.396186 0.018000 0.015537
0 0.347000 0.416667 0.018000 0.014124
0 0.612000 0.416667 0.020000 0.014124
0 0.541000 0.443503 0.018000 0.016949
0 0.737000 0.443503 0.018000 0.016949
0 0.276000 0.473870 0.020000 0.015537
0 0.611000 0.473164 0.018000 0.014124
0 0.665000 0.473870 0.018000 0.015537
0 0.205000 0.494350 0.018000 0.016949
0 0.488000 0.493644 0.016000 0.015537
0 0.575000 0.492938 0.018000 0.014124
0 0.859000 0.493644 0.018000 0.015537
0 0.575000 0.520480 0.018000 0.015537
0 0.293000 0.549435 0.018000 0.016949
0 0.259000 0.651130 0.018000 0.014124
0 0.223000 0.725989 0.018000 0.014124
0 0.473000 0.725989 0.018000 0.014124
0 0.578000 0.725282 0.016000 0.018362
0 0.470000 0.754944 0.020000 0.015537
