0 0.175000 0.122881 0.022000 0.019774
0 0.533000 0.146893 0.018000 0.016949
0 0.553000 0.173729 0.018000 0.022599
0 0.661000 0.175141 0.018000 0.019774
0 0.679000 0.201271 0.018000 0.015537
0 0.811000 0.281073 0.018000 0.019774
0 0.416000 0.305085 0.020000 0.016949
0 0.180000 0.331921 0.020000 0.022599
0 0.286000 0.358051 0.020000 0.018362
0 0.375000 0.358051 0.018000 0.015537
0 0.589000 0.358051 0.018000 0.018362
0 0.641000 0.385593 0.018000 0.019774
0 0.464000 0.463983 0.020000 0.018362
0 0.358000 0.487994 0.020000 0.018362
0 0.198000 0.540960 0.020000 0.016949
0 0.399000 0.758475 0.018000 0.019774
0 0.558000 0.758475 0.020000 0.016949
0 0.289000 0.877119 0.018000 0.019774
0 0.502000 0.877825 0.020000 0.024011
0 0.678000 0.331921 0.020000 0.014124
