0 0.194000 0.155376 0.040000 0.039764
0 0.117000 0.552283 0.014000 0.014728
0 0.311000 0.551546 0.014000 0.019146
0 0.344000 0.573638 0.020000 0.016200
0 0.342000 0.592784 0.016000 0.013255
0 0.161000 0.612666 0.014000 0.017673
0 0.162000 0.632548 0.016000 0.019146
0 0.279000 0.651694 0.014000 0.013255
0 0.141000 0.769514 0.018000 0.016200
0 0.220000 0.770987 0.016000 0.016200
0 0.318000 0.768041 0.016000 0.022091
0 0.134000 0.790133 0.016000 0.016200
0 0.214000 0.790133 0.016000 0.013255
0 0.198000 0.809278 0.016000 0.019146
0 0.134000 0.826951 0.016000 0.019146
0 0.214000 0.829897 0.016000 0.013255
0 0.278000 0.869661 0.016000 0.022091
0 0.571000 0.533137 0.018000 0.017673
0 0.442000 0.730486 0.016000 0.017673
0 0.379000 0.769514 0.018000 0.016200
0 0.479000 0.810751 0.018000 0.016200
0 0.443000 0.829897 0.018000 0.019146
0 0.554000 0.911635 0.020000 0.020619
0 0.740000 0.533137 0.016000 0.020619
0 0.706000 0.592047 0.016000 0.014728
0 0.707000 0.690722 0.018000 0.017673
0 0.865000 0.691458 0.018000 0.016200
0 0.721000 0.770987 0.018000 0.016200
0 0.818000 0.828424 0.016000 0.019146
0 0.178000 0.670839 0.016000 0.013255
0 0.278000 0.790133 0.016000 0.013255
