0 0.445000 0.250706 0.022000 0.021186
0 0.457000 0.328390 0.022000 0.021186
0 0.186000 0.393362 0.024000 0.021186
0 0.328000 0.430085 0.024000 0.021186
0 0.375000 0.430791 0.022000 0.019774
0 0.504000 0.430085 0.024000 0.021186
0 0.599000 0.431497 0.026000 0.021186
0 0.692000 0.430085 0.024000 0.021186
0 0.834000 0.431497 0.024000 0.021186
0 0.351000 0.456921 0.022000 0.018362
0 0.246000 0.482345 0.024000 0.021186
0 0.433000 0.483051 0.022000 0.019774
0 0.269000 0.508475 0.022000 0.016949
0 0.457000 0.509181 0.022000 0.018362
0 0.539000 0.637006 0.022000 0.019774
0 0.257000 0.700565 0.022000 0.019774
0 0.445000 0.766243 0.022000 0.021186
0 0.375000 0.803672 0.022000 0.019774
0 0.492000 0.828390 0.024000 0.018362
0 0.327000 0.828390 0.022000 0.018362
0 0.610000 0.829802 0.024000 0.018362
0 0.280000 0.893362 0.024000 0.018362
0 0.821000 0.828390 0.022000 0.021186
