0 0.771154 0.073428 0.033333 0.020284
0 0.659936 0.188235 0.028846 0.021095
0 0.397115 0.335091 0.028846 0.023529
0 0.620833 0.335091 0.031410 0.021907
0 0.329167 0.361866 0.031410 0.021095
0 0.287179 0.464909 0.029487 0.021095
0 0.246795 0.492089 0.030769 0.021095
0 0.290705 0.544219 0.030128 0.020690
0 0.382372 0.667140 0.030128 0.020690
0 0.703205 0.667546 0.032051 0.023124
0 0.573397 0.718661 0.030128 0.021501
0 0.446474 0.793712 0.030128 0.020690
0 0.869231 0.792292 0.028205 0.019473
0 0.804487 0.819270 0.030769 0.022312
0 0.526603 0.845842 0.030128 0.021095
0 0.240064 0.965720 0.031410 0.019878
0 0.686218 0.965517 0.028846 0.021907
