0 0.631000 0.104520 0.038000 0.033898
0 0.780000 0.104520 0.036000 0.031073
0 0.502000 0.141243 0.036000 0.031073
0 0.467000 0.211158 0.026000 0.021186
0 0.574000 0.213277 0.028000 0.025424
0 0.762000 0.212571 0.028000 0.024011
0 0.317000 0.248588 0.026000 0.025424
0 0.549000 0.248588 0.026000 0.025424
0 0.381000 0.284605 0.026000 0.024011
0 0.407000 0.398305 0.026000 0.022599
0 0.540000 0.432910 0.028000 0.021186
0 0.729000 0.507062 0.026000 0.022599
0 0.397000 0.545198 0.026000 0.022599
0 0.792000 0.545198 0.028000 0.022599
0 0.717000 0.582627 0.026000 0.021186
0 0.424000 0.619350 0.028000 0.021186
0 0.271000 0.730932 0.026000 0.021186
0 0.191000 0.769068 0.026000 0.021186
0 0.487000 0.805085 0.026000 0.022599
0 0.380000 0.842514 0.028000 0.021186
0 0.639000 0.842514 0.026000 0.021186
