0 0.529000 0.112994 0.026000 0.019774
0 0.321000 0.232345 0.018000 0.015537
0 0.390000 0.342514 0.020000 0.018362
0 0.474000 0.379944 0.024000 0.016949
0 0.297000 0.439972 0.022000 0.018362
0 0.427000 0.518362 0.022000 0.019774
0 0.591000 0.544492 0.022000 0.018362
0 0.497000 0.570621 0.022000 0.019774
0 0.568000 0.570621 0.020000 0.016949
0 0.212000 0.570621 0.024000 0.019774
0 0.239000 0.622881 0.022000 0.019774
0 0.234000 0.675141 0.024000 0.019774
0 0.188000 0.832627 0.024000 0.018362
0 0.280000 0.858051 0.024000 0.018362
0 0.327000 0.858051 0.022000 0.018362
0 0.469000 0.858051 0.022000 0.018362
0 0.562000 0.858051 0.020000 0.018362
0 0.656000 0.858051 0.020000 0.018362
0 0.276000 0.884181 0.024000 0.019774
0 0.486000 0.883475 0.024000 0.018362
