0 0.556000 0.103960 0.028000 0.026874
0 0.591000 0.141443 0.026000 0.022631
0 0.597000 0.179632 0.026000 0.022631
0 0.485000 0.215700 0.026000 0.021216
0 0.755000 0.252475 0.030000 0.021216
0 0.270000 0.326025 0.024000 0.024045
0 0.701000 0.327440 0.026000 0.021216
0 0.163000 0.362801 0.026000 0.024045
0 0.325000 0.363508 0.030000 0.019802
0 0.511000 0.400990 0.026000 0.021216
0 0.753000 0.439887 0.026000 0.022631
0 0.489000 0.511315 0.026000 0.026874
0 0.486000 0.584866 0.024000 0.021216
0 0.377000 0.698020 0.026000 0.024045
0 0.430000 0.734795 0.028000 0.024045
0 0.190000 0.771570 0.024000 0.021216
0 0.724000 0.772277 0.024000 0.028289
0 0.751000 0.806931 0.026000 0.024045
