0 0.691000 0.104520 0.022000 0.019774
0 0.326000 0.141243 0.024000 0.019774
0 0.279000 0.178672 0.026000 0.018362
0 0.338000 0.252119 0.024000 0.018362
0 0.809000 0.252119 0.026000 0.018362
0 0.278000 0.290254 0.024000 0.018362
0 0.562000 0.289548 0.024000 0.016949
0 0.267000 0.401130 0.022000 0.019774
0 0.396000 0.474576 0.024000 0.019774
0 0.749000 0.474576 0.022000 0.019774
0 0.302000 0.512006 0.024000 0.018362
0 0.444000 0.585452 0.024000 0.018362
0 0.302000 0.623588 0.024000 0.021186
0 0.443000 0.697034 0.022000 0.018362
0 0.326000 0.697034 0.024000 0.018362
0 0.726000 0.696328 0.024000 0.019774
0 0.326000 0.733757 0.024000 0.018362
0 0.444000 0.770480 0.024000 0.018362
0 0.608000 0.771186 0.024000 0.019774
0 0.679000 0.771186 0.026000 0.019774
