0 0.493000 0.103814 0.026000 0.024011
0 0.375000 0.140537 0.022000 0.015537
0 0.563000 0.141243 0.022000 0.019774
0 0.728000 0.141949 0.024000 0.018362
0 0.715000 0.252119 0.026000 0.018362
0 0.398000 0.290254 0.024000 0.018362
0 0.751000 0.289548 0.022000 0.016949
0 0.363000 0.361582 0.022000 0.019774
0 0.621000 0.362994 0.022000 0.019774
0 0.186000 0.399718 0.024000 0.019774
0 0.338000 0.474576 0.024000 0.019774
0 0.528000 0.474576 0.024000 0.022599
0 0.764000 0.473870 0.024000 0.021186
0 0.234000 0.509887 0.024000 0.022599
0 0.363000 0.585452 0.026000 0.021186
0 0.292000 0.734463 0.024000 0.019774
0 0.762000 0.733757 0.024000 0.021186
0 0.516000 0.771186 0.024000 0.022599
