0 0.357000 0.102782 0.022000 0.020093
0 0.402000 0.136012 0.020000 0.021638
0 0.380000 0.170788 0.024000 0.020093
0 0.470000 0.274343 0.020000 0.023184
0 0.334000 0.308346 0.024000 0.020093
0 0.203000 0.343895 0.022000 0.020093
0 0.495000 0.377898 0.022000 0.020093
0 0.642000 0.411128 0.020000 0.021638
0 0.357000 0.515456 0.022000 0.020093
0 0.356000 0.548686 0.020000 0.018547
0 0.311000 0.583462 0.022000 0.020093
0 0.356000 0.619011 0.024000 0.023184
0 0.699000 0.859351 0.022000 0.018547
0 0.801000 0.411901 0.022000 0.020093
