0 0.208000 0.110876 0.020000 0.021186
0 0.394000 0.148305 0.020000 0.019774
0 0.438000 0.373588 0.020000 0.021186
0 0.668000 0.372881 0.020000 0.019774
0 0.592000 0.500706 0.020000 0.021186
0 0.438000 0.575565 0.020000 0.018362
0 0.490000 0.593927 0.020000 0.018362
0 0.791000 0.593927 0.018000 0.018362
0 0.807000 0.703390 0.018000 0.019774
0 0.403000 0.723870 0.018000 0.018362
0 0.331000 0.833333 0.018000 0.019774
0 0.455000 0.834746 0.018000 0.019774
0 0.279000 0.853814 0.018000 0.021186
0 0.526000 0.372881 0.016000 0.016949
