0 0.703000 0.105226 0.022000 0.021186
0 0.633000 0.326977 0.022000 0.018362
0 0.796000 0.326977 0.024000 0.018362
0 0.396000 0.437853 0.024000 0.019774
0 0.302000 0.622175 0.024000 0.018362
0 0.656000 0.622881 0.024000 0.019774
0 0.750000 0.622175 0.024000 0.018362
0 0.350000 0.659605 0.024000 0.016949
0 0.491000 0.660311 0.026000 0.021186
0 0.655000 0.660311 0.022000 0.018362
0 0.232000 0.697034 0.024000 0.018362
0 0.255000 0.770480 0.022000 0.018362
0 0.256000 0.807910 0.024000 0.016949
0 0.726000 0.807910 0.024000 0.019774
