0 0.452000 0.100282 0.028000 0.022599
0 0.515000 0.100989 0.030000 0.026836
0 0.781000 0.252119 0.022000 0.021186
0 0.228000 0.271186 0.020000 0.016949
0 0.509000 0.307203 0.022000 0.018362
0 0.269000 0.345339 0.022000 0.018362
0 0.399000 0.380650 0.022000 0.021186
0 0.442000 0.478107 0.020000 0.015537
0 0.224000 0.534605 0.024000 0.018362
0 0.665000 0.611582 0.022000 0.016949
0 0.665000 0.687853 0.022000 0.019774
0 0.224000 0.725282 0.024000 0.021186
0 0.378000 0.762006 0.020000 0.018362
0 0.227000 0.817797 0.022000 0.019774
0 0.402000 0.817797 0.020000 0.019774
0 0.621000 0.818503 0.022000 0.018362
0 0.381000 0.838277 0.022000 0.018362
0 0.410000 0.874294 0.020000 0.019774
