0 0.657000 0.442797 0.018000 0.024011
0 0.216000 0.464689 0.020000 0.016949
0 0.779000 0.466102 0.018000 0.019774
0 0.215000 0.536723 0.018000 0.019774
0 0.586000 0.539548 0.020000 0.016949
0 0.746000 0.538842 0.020000 0.018362
0 0.480000 0.649011 0.020000 0.018362
0 0.666000 0.761299 0.020000 0.019774
0 0.348000 0.795904 0.020000 0.026836
0 0.577000 0.797316 0.018000 0.024011
0 0.737000 0.795198 0.018000 0.031073
0 0.639000 0.834040 0.018000 0.021186
0 0.683000 0.872175 0.018000 0.021186
0 0.383000 0.872881 0.018000 0.019774
