0 0.340000 0.111740 0.016000 0.014144
0 0.427000 0.112447 0.018000 0.015559
0 0.339000 0.270156 0.018000 0.014144
0 0.427000 0.270863 0.018000 0.015559
0 0.163000 0.635785 0.018000 0.015559
0 0.268000 0.660537 0.016000 0.014144
0 0.551000 0.659123 0.018000 0.014144
0 0.233000 0.683168 0.018000 0.014144
0 0.847000 0.683876 0.018000 0.015559
0 0.163000 0.707214 0.018000 0.014144
0 0.427000 0.779349 0.018000 0.014144
0 0.533000 0.779349 0.018000 0.014144
0 0.709000 0.780057 0.018000 0.015559
0 0.463000 0.842291 0.018000 0.012730
