0 0.562000 0.097458 0.020000 0.019774
0 0.353000 0.235169 0.018000 0.015537
0 0.249000 0.257768 0.018000 0.015537
0 0.601000 0.257768 0.018000 0.021186
0 0.354000 0.299435 0.020000 0.016949
0 0.279000 0.425847 0.018000 0.018362
0 0.248000 0.449153 0.020000 0.016949
0 0.284000 0.490819 0.020000 0.015537
0 0.707000 0.490113 0.018000 0.019774
0 0.371000 0.511299 0.018000 0.019774
0 0.583000 0.512712 0.018000 0.019774
0 0.247000 0.531780 0.018000 0.015537
0 0.370000 0.533898 0.020000 0.016949
0 0.689000 0.532486 0.018000 0.019774
0 0.460000 0.554379 0.020000 0.018362
0 0.265000 0.597458 0.018000 0.016949
0 0.529000 0.618644 0.018000 0.019774
0 0.795000 0.618644 0.018000 0.016949
0 0.231000 0.639831 0.018000 0.014124
0 0.298000 0.661017 0.020000 0.014124
0 0.424000 0.680791 0.020000 0.019774
0 0.724000 0.682203 0.020000 0.019774
0 0.213000 0.704802 0.018000 0.019774
0 0.302000 0.704096 0.020000 0.018362
0 0.353000 0.704096 0.018000 0.021186
0 0.459000 0.705508 0.018000 0.018362
0 0.760000 0.724576 0.020000 0.019774
0 0.583000 0.747175 0.018000 0.019774
0 0.158000 0.767655 0.024000 0.018362
0 0.247000 0.746469 0.018000 0.018362
0 0.635000 0.767655 0.018000 0.021186
0 0.301000 0.788842 0.018000 0.018362
0 0.759000 0.789548 0.018000 0.016949
0 0.212000 0.810734 0.016000 0.016949
0 0.314000 0.833333 0.020000 0.019774
0 0.283000 0.854520 0.018000 0.016949
0 0.459000 0.853107 0.018000 0.016949
0 0.583000 0.852401 0.018000 0.018362
0 0.635000 0.853814 0.018000 0.018362
0 0.213000 0.875000 0.018000 0.015537
0 0.742000 0.874294 0.020000 0.016949
0 0.653000 0.896893 0.018000 0.019774
0 0.795000 0.896893 0.018000 0.019774
