0 0.419000 0.103107 0.022000 0.019774
0 0.356000 0.138418 0.020000 0.014124
0 0.698000 0.176554 0.020000 0.016949
0 0.458000 0.286723 0.020000 0.016949
0 0.282000 0.435028 0.020000 0.016949
0 0.498000 0.435734 0.020000 0.015537
0 0.753000 0.435734 0.022000 0.015537
0 0.527000 0.500000 0.018000 0.016949
0 0.782000 0.500706 0.020000 0.015537
0 0.355000 0.537429 0.018000 0.015537
0 0.632000 0.538136 0.020000 0.016949
0 0.558000 0.574153 0.020000 0.018362
0 0.812000 0.574859 0.020000 0.016949
0 0.496000 0.612288 0.020000 0.015537
0 0.362000 0.648305 0.020000 0.016949
0 0.221000 0.833333 0.018000 0.016949
0 0.557000 0.833333 0.018000 0.014124
