0 0.489000 0.060028 0.022000 0.018362
0 0.422000 0.153955 0.020000 0.019774
0 0.306000 0.224576 0.020000 0.019774
0 0.407000 0.225282 0.022000 0.018362
0 0.896000 0.247881 0.024000 0.024011
0 0.240000 0.291667 0.020000 0.018362
0 0.378000 0.312853 0.020000 0.024011
0 0.246000 0.336158 0.020000 0.016949
0 0.346000 0.428672 0.020000 0.021186
0 0.588000 0.426554 0.020000 0.019774
0 0.830000 0.427260 0.020000 0.024011
0 0.714000 0.472458 0.020000 0.018362
0 0.292000 0.629944 0.024000 0.019774
0 0.306000 0.742232 0.024000 0.018362
0 0.878000 0.901836 0.024000 0.018362
