0 0.502519 0.102404 0.020151 0.016028
0 0.549118 0.104630 0.020151 0.018700
0 0.282116 0.135797 0.022670 0.016919
0 0.328715 0.136242 0.020151 0.017809
0 0.318010 0.187890 0.023929 0.017809
0 0.365239 0.187444 0.022670 0.018700
0 0.281486 0.318344 0.021411 0.018700
0 0.210957 0.370882 0.021411 0.016919
0 0.256927 0.370882 0.022670 0.016919
0 0.256927 0.422084 0.022670 0.017809
0 0.377204 0.449243 0.021411 0.016919
0 0.377204 0.528050 0.021411 0.017809
0 0.375315 0.684773 0.022670 0.016028
0 0.377204 0.736420 0.023929 0.019590
0 0.774559 0.867765 0.022670 0.018700
