0 0.250977 0.468404 0.009766 0.017378
0 0.287598 0.468404 0.008789 0.017378
0 0.141113 0.500000 0.008789 0.017378
0 0.197266 0.530016 0.009766 0.017378
0 0.215820 0.561611 0.009766 0.017378
0 0.445801 0.497630 0.008789 0.018957
0 0.251953 0.529226 0.009766 0.015798
0 0.289551 0.530016 0.010742 0.017378
0 0.187500 0.593207 0.009766 0.017378
0 0.141602 0.624013 0.009766 0.015798
0 0.403809 0.625592 0.008789 0.018957
0 0.736816 0.151659 0.008789 0.012638
0 0.611328 0.308847 0.007812 0.011058
0 0.727539 0.308057 0.007812 0.012638
0 0.748535 0.308057 0.006836 0.012638
0 0.584961 0.433649 0.007812 0.014218
0 0.570312 0.497630 0.007812 0.012638
0 0.838379 0.529226 0.006836 0.012638
0 0.773926 0.654028 0.006836 0.012638
