0 0.393333 0.099057 0.033333 0.023585
0 0.440000 0.154481 0.026667 0.021226
0 0.835000 0.153302 0.030000 0.023585
0 0.290000 0.188679 0.026667 0.023585
0 0.171667 0.222877 0.030000 0.021226
0 0.820000 0.220519 0.026667 0.025943
0 0.268333 0.255896 0.030000 0.021226
0 0.713333 0.257075 0.026667 0.023585
0 0.130000 0.291274 0.033333 0.021226
0 0.311667 0.291274 0.030000 0.021226
0 0.538333 0.291274 0.030000 0.021226
0 0.718333 0.428066 0.030000 0.021226
0 0.696667 0.463443 0.026667 0.025943
0 0.231667 0.497642 0.030000 0.023585
0 0.293333 0.530660 0.026667 0.023585
0 0.540000 0.599057 0.026667 0.023585
0 0.540000 0.633255 0.026667 0.021226
0 0.431667 0.667453 0.030000 0.023585
0 0.321667 0.737028 0.030000 0.021226
0 0.705000 0.734670 0.030000 0.021226
0 0.471667 0.770047 0.030000 0.025943
0 0.130000 0.805425 0.033333 0.025943
0 0.785000 0.804245 0.030000 0.033019
0 0.391667 0.836085 0.030000 0.025943
0 0.713333 0.838443 0.026667 0.025943
0 0.215000 0.872642 0.030000 0.023585
0 0.391667 0.873821 0.030000 0.021226
