0 0.214000 0.104938 0.020000 0.024691
0 0.489000 0.107253 0.022000 0.020062
0 0.744000 0.164352 0.020000 0.026235
0 0.372000 0.222994 0.020000 0.023148
0 0.352000 0.253086 0.020000 0.021605
0 0.646000 0.251543 0.020000 0.024691
0 0.646000 0.310185 0.020000 0.027778
0 0.234000 0.341049 0.020000 0.024691
0 0.352000 0.402006 0.020000 0.020062
0 0.704000 0.400463 0.020000 0.026235
0 0.352000 0.429784 0.020000 0.023148
0 0.744000 0.459877 0.020000 0.021605
0 0.312000 0.517747 0.020000 0.026235
0 0.311000 0.608025 0.022000 0.024691
0 0.666000 0.607253 0.020000 0.026235
0 0.273000 0.635802 0.022000 0.021605
0 0.313000 0.695988 0.022000 0.021605
0 0.587000 0.695988 0.022000 0.021605
0 0.235000 0.724537 0.022000 0.023148
0 0.273000 0.783951 0.018000 0.024691
0 0.724000 0.783951 0.020000 0.021605
0 0.822000 0.781636 0.020000 0.026235
0 0.391000 0.844136 0.022000 0.024691
