0 0.360000 0.098303 0.024000 0.018388
0 0.341000 0.239038 0.018000 0.014144
0 0.475000 0.252475 0.018000 0.012730
0 0.340000 0.264498 0.016000 0.014144
0 0.475000 0.265205 0.014000 0.012730
0 0.415000 0.277935 0.014000 0.015559
0 0.097000 0.302687 0.018000 0.014144
0 0.310000 0.413013 0.016000 0.014144
0 0.197000 0.463932 0.018000 0.014144
0 0.205000 0.478076 0.018000 0.014144
0 0.174000 0.489392 0.016000 0.014144
0 0.370000 0.488685 0.016000 0.015559
0 0.324000 0.501414 0.016000 0.012730
0 0.309000 0.513437 0.018000 0.014144
0 0.430000 0.526167 0.016000 0.014144
0 0.444000 0.538897 0.016000 0.014144
0 0.263000 0.550919 0.018000 0.012730
0 0.204000 0.575672 0.016000 0.014144
0 0.174000 0.587694 0.016000 0.012730
0 0.204000 0.639321 0.016000 0.014144
0 0.174000 0.650636 0.016000 0.014144
0 0.325000 0.649929 0.014000 0.015559
0 0.429000 0.649929 0.014000 0.015559
0 0.159000 0.663366 0.014000 0.011315
0 0.278000 0.664074 0.016000 0.012730
0 0.233000 0.676096 0.014000 0.011315
0 0.278000 0.689533 0.016000 0.012730
0 0.204000 0.725601 0.016000 0.014144
0 0.196000 0.738331 0.016000 0.014144
0 0.204000 0.751061 0.016000 0.014144
0 0.372000 0.751061 0.016000 0.016973
0 0.204000 0.763083 0.016000 0.015559
0 0.280000 0.763791 0.016000 0.014144
0 0.160000 0.775813 0.016000 0.015559
0 0.238000 0.777228 0.016000 0.012730
0 0.232000 0.788543 0.016000 0.012730
0 0.339000 0.787129 0.014000 0.012730
0 0.445000 0.787836 0.018000 0.014144
0 0.128000 0.800566 0.016000 0.014144
0 0.158000 0.801273 0.016000 0.015559
0 0.460000 0.801273 0.016000 0.012730
0 0.188000 0.813296 0.016000 0.014144
0 0.264000 0.825318 0.016000 0.012730
0 0.280000 0.826025 0.016000 0.014144
0 0.324000 0.838048 0.016000 0.012730
0 0.476000 0.838048 0.016000 0.012730
0 0.294000 0.875530 0.016000 0.014144
0 0.401000 0.876238 0.018000 0.015559
0 0.660000 0.161245 0.016000 0.016973
0 0.903000 0.160537 0.018000 0.015559
0 0.705000 0.174682 0.014000 0.012730
0 0.205000 0.200141 0.018000 0.012730
0 0.632000 0.239038 0.016000 0.014144
0 0.708000 0.237624 0.016000 0.011315
0 0.540000 0.264498 0.016000 0.014144
0 0.715000 0.264498 0.018000 0.014144
0 0.586000 0.276521 0.016000 0.012730
0 0.793000 0.277228 0.018000 0.014144
0 0.842000 0.289250 0.016000 0.012730
0 0.828000 0.300566 0.016000 0.015559
0 0.692000 0.314003 0.016000 0.011315
0 0.728000 0.326025 0.016000 0.012730
0 0.819000 0.326733 0.018000 0.014144
0 0.769000 0.339463 0.018000 0.014144
0 0.887000 0.463932 0.018000 0.014144
0 0.631000 0.501414 0.018000 0.012730
0 0.616000 0.526874 0.016000 0.012730
0 0.663000 0.526167 0.018000 0.014144
0 0.646000 0.538897 0.016000 0.011315
0 0.603000 0.626591 0.018000 0.014144
0 0.844000 0.664074 0.016000 0.015559
0 0.767000 0.688119 0.018000 0.015559
0 0.768000 0.714286 0.016000 0.011315
0 0.753000 0.751061 0.018000 0.014144
0 0.662000 0.800566 0.016000 0.014144
0 0.524000 0.827440 0.016000 0.016973
0 0.369000 0.552334 0.014000 0.012730
0 0.771000 0.876238 0.014000 0.012730
