0 0.487000 0.307910 0.022000 0.019774
0 0.459000 0.382768 0.022000 0.019774
0 0.316000 0.421610 0.024000 0.018362
0 0.662000 0.420904 0.024000 0.019774
0 0.305000 0.500000 0.022000 0.019774
0 0.316000 0.537429 0.024000 0.018362
0 0.148000 0.576271 0.024000 0.019774
0 0.757000 0.577684 0.026000 0.019774
0 0.316000 0.615113 0.024000 0.021186
0 0.194000 0.654661 0.024000 0.021186
0 0.194000 0.692797 0.024000 0.021186
0 0.511000 0.717514 0.022000 0.019774
0 0.378000 0.793079 0.024000 0.018362
0 0.515000 0.831921 0.022000 0.019774
