0 0.358774 0.162960 0.028846 0.023952
0 0.567909 0.162318 0.026442 0.022669
0 0.309796 0.297690 0.017428 0.012831
0 0.482572 0.296621 0.015625 0.012404
0 0.620493 0.296621 0.015024 0.012404
0 0.674579 0.297049 0.016226 0.011548
0 0.500000 0.315441 0.015625 0.012404
0 0.414663 0.334474 0.014423 0.014542
0 0.431791 0.475834 0.016226 0.012404
0 0.200721 0.522027 0.020433 0.020103
0 0.169471 0.551540 0.016827 0.012404
0 0.258413 0.551967 0.016827 0.012404
0 0.116286 0.570359 0.019832 0.014115
0 0.275240 0.570145 0.016827 0.011976
0 0.396334 0.569932 0.016226 0.014115
0 0.152344 0.588751 0.015024 0.013259
0 0.300481 0.589820 0.015625 0.012831
0 0.354267 0.588751 0.017428 0.016681
0 0.483173 0.589820 0.016827 0.014542
0 0.203726 0.606715 0.016827 0.014970
0 0.420373 0.607998 0.016226 0.014115
0 0.169171 0.626176 0.017428 0.011976
0 0.222957 0.626818 0.015625 0.013259
0 0.362079 0.627459 0.016226 0.014542
0 0.466346 0.626176 0.016827 0.014542
0 0.466346 0.683062 0.018029 0.016253
0 0.134315 0.702524 0.016226 0.015825
0 0.414663 0.701882 0.016827 0.013687
0 0.193810 0.739735 0.018630 0.013259
0 0.361478 0.760265 0.017428 0.014970
0 0.430589 0.758127 0.015024 0.014115
0 0.447416 0.758127 0.015024 0.014115
0 0.225661 0.778443 0.017428 0.012831
0 0.298077 0.777802 0.018029 0.013259
0 0.317007 0.778229 0.017428 0.011548
0 0.391827 0.777160 0.019231 0.011121
0 0.483173 0.777160 0.019231 0.013687
0 0.256911 0.835329 0.017428 0.014542
0 0.310397 0.834902 0.016226 0.013687
0 0.151442 0.853507 0.015625 0.014115
0 0.292067 0.872327 0.015625 0.013259
0 0.779147 0.407399 0.017428 0.013259
0 0.605769 0.426005 0.016827 0.014542
0 0.533654 0.444825 0.019231 0.013687
0 0.611178 0.500642 0.018029 0.012404
0 0.657151 0.519889 0.017428 0.014115
0 0.709135 0.519889 0.016827 0.012404
0 0.743389 0.519033 0.016827 0.012404
0 0.902043 0.519461 0.016827 0.013259
0 0.536058 0.538708 0.018029 0.014115
0 0.656851 0.538494 0.016827 0.012831
0 0.779147 0.538494 0.017428 0.013687
0 0.657452 0.557314 0.016827 0.013687
0 0.691406 0.556672 0.016226 0.014115
0 0.867788 0.575064 0.016827 0.014115
0 0.884014 0.575492 0.018029 0.013259
0 0.622897 0.595167 0.017428 0.014970
0 0.656851 0.613131 0.016827 0.014970
0 0.536959 0.631309 0.018630 0.014542
0 0.710337 0.649487 0.018029 0.014115
0 0.894231 0.649273 0.018029 0.013687
0 0.553786 0.668306 0.017428 0.014970
0 0.829928 0.722840 0.018029 0.014542
0 0.587139 0.759196 0.015625 0.013687
0 0.713341 0.852652 0.016827 0.014970
0 0.801082 0.852438 0.016827 0.014542
