0 0.474375 0.104148 0.046250 0.035305
0 0.303125 0.269638 0.021250 0.020300
0 0.827500 0.295234 0.020000 0.022065
0 0.358125 0.346425 0.018750 0.022065
0 0.645625 0.375552 0.021250 0.020300
0 0.360000 0.503972 0.017500 0.017652
0 0.601250 0.503972 0.020000 0.019417
0 0.358750 0.582966 0.020000 0.018535
0 0.520000 0.581642 0.020000 0.022948
0 0.641875 0.661077 0.021250 0.017652
0 0.746250 0.713151 0.020000 0.017652
0 0.576875 0.740071 0.021250 0.016770
0 0.665000 0.765666 0.022500 0.018535
0 0.746875 0.765666 0.018750 0.020300
0 0.315000 0.737864 0.022500 0.022948
0 0.308750 0.792145 0.022500 0.018535
0 0.485000 0.817741 0.022500 0.020300
0 0.585000 0.818623 0.020000 0.020300
0 0.415000 0.869373 0.020000 0.019417
