0 0.342000 0.094633 0.020000 0.016949
0 0.565000 0.093927 0.022000 0.018362
0 0.302000 0.151130 0.020000 0.016949
0 0.383000 0.223870 0.022000 0.015537
0 0.342000 0.260593 0.020000 0.018362
0 0.423000 0.334040 0.022000 0.018362
0 0.462000 0.334746 0.020000 0.016949
0 0.645000 0.334746 0.022000 0.016949
0 0.363000 0.576271 0.022000 0.014124
0 0.544000 0.612994 0.020000 0.019774
0 0.282000 0.705508 0.020000 0.015537
0 0.625000 0.706215 0.022000 0.016949
0 0.403000 0.760593 0.022000 0.015537
0 0.585000 0.817090 0.022000 0.015537
0 0.462000 0.836158 0.020000 0.016949
0 0.787000 0.835452 0.018000 0.021186
0 0.686000 0.892655 0.024000 0.019774
