0 0.336000 0.464583 0.016000 0.015278
0 0.382000 0.464583 0.016000 0.015278
0 0.132000 0.479861 0.016000 0.015278
0 0.148000 0.481250 0.016000 0.012500
0 0.421000 0.497222 0.014000 0.013889
0 0.293000 0.529167 0.014000 0.013889
0 0.116000 0.545139 0.016000 0.012500
0 0.216000 0.562500 0.016000 0.016667
0 0.231000 0.562500 0.018000 0.013889
0 0.132000 0.578472 0.016000 0.015278
0 0.404000 0.595139 0.016000 0.018056
0 0.139000 0.610417 0.014000 0.015278
0 0.306000 0.627778 0.016000 0.013889
0 0.436000 0.627778 0.016000 0.013889
0 0.223000 0.645139 0.018000 0.015278
0 0.375000 0.660417 0.018000 0.015278
0 0.617000 0.545833 0.014000 0.016667
0 0.647000 0.838889 0.014000 0.013889
0 0.792000 0.854167 0.016000 0.013889
0 0.572000 0.871528 0.016000 0.015278
0 0.838000 0.872917 0.016000 0.015278
0 0.572000 0.887500 0.016000 0.013889
0 0.739000 0.888194 0.018000 0.015278
0 0.444000 0.463889 0.016000 0.013889
0 0.085000 0.561806 0.014000 0.012500
0 0.276000 0.496528 0.016000 0.015278
