0 0.702000 0.103107 0.036000 0.033898
0 0.443000 0.181497 0.022000 0.015537
0 0.806000 0.222458 0.020000 0.018362
0 0.422000 0.247881 0.020000 0.015537
0 0.261000 0.273305 0.018000 0.015537
0 0.827000 0.273305 0.022000 0.015537
0 0.585000 0.299435 0.022000 0.014124
0 0.262000 0.325565 0.020000 0.015537
0 0.705000 0.324153 0.018000 0.015537
0 0.827000 0.324859 0.018000 0.016949
0 0.695000 0.350282 0.018000 0.014124
0 0.211000 0.376412 0.018000 0.015537
0 0.504000 0.375706 0.020000 0.016949
0 0.817000 0.375706 0.022000 0.016949
0 0.544000 0.402542 0.020000 0.016949
0 0.807000 0.401836 0.022000 0.015537
0 0.403000 0.427260 0.022000 0.015537
0 0.827000 0.427260 0.022000 0.015537
0 0.504000 0.453390 0.020000 0.014124
0 0.826000 0.530367 0.020000 0.018362
0 0.666000 0.556497 0.020000 0.016949
0 0.221000 0.650424 0.018000 0.018362
0 0.594000 0.650424 0.020000 0.015537
0 0.686000 0.675847 0.020000 0.015537
0 0.322000 0.700565 0.020000 0.016949
0 0.514000 0.726695 0.020000 0.018362
0 0.635000 0.726695 0.018000 0.015537
0 0.816000 0.726695 0.020000 0.015537
0 0.453000 0.777542 0.022000 0.015537
0 0.756000 0.777542 0.020000 0.015537
0 0.666000 0.802966 0.020000 0.015537
0 0.474000 0.829096 0.020000 0.016949
0 0.775000 0.828390 0.018000 0.015537
0 0.262000 0.855932 0.020000 0.016949
0 0.161000 0.582627 0.022000 0.018362
