0 0.566000 0.096751 0.016000 0.015537
0 0.336000 0.119350 0.016000 0.012712
0 0.371000 0.118644 0.018000 0.014124
0 0.813000 0.119350 0.018000 0.015537
0 0.248000 0.141243 0.016000 0.014124
0 0.318000 0.141243 0.016000 0.014124
0 0.565000 0.140537 0.018000 0.015537
0 0.706000 0.141243 0.016000 0.014124
0 0.477000 0.163842 0.018000 0.014124
0 0.653000 0.163842 0.018000 0.016949
0 0.759000 0.163136 0.018000 0.015537
0 0.328000 0.229520 0.016000 0.015537
0 0.698000 0.230932 0.016000 0.015537
0 0.248000 0.252119 0.016000 0.015537
0 0.522000 0.274718 0.016000 0.015537
0 0.646000 0.274718 0.016000 0.015537
0 0.495000 0.297316 0.018000 0.015537
0 0.724000 0.297316 0.020000 0.015537
0 0.159000 0.319209 0.018000 0.016949
0 0.637000 0.318503 0.018000 0.015537
0 0.743000 0.318503 0.018000 0.015537
0 0.336000 0.363701 0.016000 0.015537
0 0.524000 0.409605 0.020000 0.016949
0 0.746000 0.435028 0.016000 0.014124
0 0.354000 0.456921 0.016000 0.015537
0 0.583000 0.457627 0.018000 0.016949
0 0.265000 0.479520 0.018000 0.015537
0 0.706000 0.480226 0.016000 0.016949
0 0.159000 0.501412 0.022000 0.014124
0 0.495000 0.524011 0.018000 0.014124
0 0.724000 0.524718 0.020000 0.015537
0 0.177000 0.547316 0.018000 0.012712
0 0.355000 0.546610 0.018000 0.014124
0 0.363000 0.591808 0.018000 0.014124
0 0.407000 0.613701 0.018000 0.015537
0 0.327000 0.634887 0.018000 0.015537
0 0.424000 0.657486 0.016000 0.015537
0 0.743000 0.658898 0.018000 0.015537
0 0.618000 0.702684 0.016000 0.015537
0 0.636000 0.769068 0.016000 0.012712
0 0.654000 0.790960 0.016000 0.016949
0 0.239000 0.813559 0.018000 0.014124
0 0.513000 0.814266 0.018000 0.015537
0 0.565000 0.836158 0.018000 0.014124
0 0.698000 0.836864 0.016000 0.015537
0 0.512000 0.857345 0.016000 0.014124
0 0.213000 0.879237 0.018000 0.015537
0 0.213000 0.725282 0.018000 0.015537
