0 0.388000 0.104520 0.036000 0.031073
0 0.279000 0.221751 0.022000 0.019774
0 0.606000 0.221045 0.024000 0.021186
0 0.281000 0.257062 0.022000 0.019774
0 0.766000 0.256356 0.024000 0.018362
0 0.394000 0.293785 0.024000 0.019774
0 0.421000 0.406073 0.022000 0.018362
0 0.406000 0.448446 0.024000 0.021186
0 0.390000 0.491525 0.024000 0.019774
0 0.327000 0.529661 0.022000 0.019774
0 0.721000 0.565678 0.022000 0.024011
0 0.508000 0.603107 0.024000 0.019774
0 0.696000 0.639124 0.024000 0.021186
0 0.464000 0.750706 0.024000 0.021186
0 0.814000 0.788842 0.024000 0.021186
0 0.600000 0.861582 0.024000 0.019774
0 0.469000 0.899718 0.022000 0.019774
0 0.210000 0.750706 0.024000 0.018362
