0 0.232000 0.093220 0.020000 0.019774
0 0.515000 0.093927 0.018000 0.015537
0 0.762000 0.095339 0.016000 0.018362
0 0.392000 0.150424 0.020000 0.021186
0 0.277000 0.204802 0.018000 0.016949
0 0.754000 0.206921 0.020000 0.021186
0 0.392000 0.223164 0.020000 0.016949
0 0.567000 0.224576 0.018000 0.016949
0 0.656000 0.223870 0.016000 0.018362
0 0.251000 0.243644 0.018000 0.018362
0 0.410000 0.243644 0.020000 0.018362
0 0.268000 0.260593 0.020000 0.015537
0 0.586000 0.260593 0.020000 0.018362
0 0.761000 0.260593 0.018000 0.018362
0 0.303000 0.280367 0.018000 0.021186
0 0.762000 0.280367 0.020000 0.015537
0 0.294000 0.298729 0.020000 0.015537
0 0.612000 0.299435 0.020000 0.019774
0 0.338000 0.355226 0.020000 0.018362
0 0.692000 0.353814 0.020000 0.015537
0 0.303000 0.372175 0.018000 0.018362
