0 0.424000 0.096045 0.016000 0.014124
0 0.689000 0.096045 0.018000 0.016949
0 0.795000 0.116525 0.018000 0.015537
0 0.283000 0.159605 0.018000 0.014124
0 0.707000 0.181497 0.018000 0.015537
0 0.301000 0.201977 0.018000 0.016949
0 0.423000 0.223870 0.018000 0.015537
0 0.787000 0.223164 0.018000 0.014124
0 0.159000 0.266243 0.018000 0.015537
0 0.441000 0.329802 0.018000 0.015537
0 0.512000 0.351695 0.016000 0.014124
0 0.599000 0.372175 0.018000 0.015537
0 0.354000 0.394068 0.016000 0.014124
0 0.407000 0.414548 0.018000 0.015537
0 0.760000 0.435734 0.016000 0.015537
0 0.562000 0.457627 0.020000 0.014124
0 0.318000 0.479520 0.016000 0.018362
0 0.213000 0.521893 0.018000 0.015537
0 0.725000 0.521186 0.018000 0.014124
0 0.319000 0.543785 0.018000 0.014124
0 0.724000 0.564972 0.016000 0.014124
0 0.637000 0.586158 0.018000 0.016949
0 0.831000 0.584746 0.018000 0.016949
0 0.406000 0.607345 0.016000 0.014124
0 0.389000 0.628531 0.018000 0.016949
0 0.698000 0.628531 0.016000 0.014124
0 0.283000 0.649718 0.018000 0.014124
0 0.495000 0.670198 0.018000 0.015537
0 0.336000 0.670904 0.016000 0.014124
0 0.812000 0.670198 0.016000 0.015537
0 0.707000 0.692090 0.018000 0.014124
0 0.265000 0.713983 0.018000 0.015537
0 0.283000 0.735169 0.018000 0.015537
0 0.565000 0.734463 0.018000 0.014124
0 0.689000 0.734463 0.018000 0.014124
0 0.628000 0.776836 0.016000 0.014124
0 0.158000 0.798729 0.020000 0.015537
0 0.425000 0.819915 0.018000 0.015537
0 0.601000 0.821328 0.018000 0.015537
0 0.406000 0.309322 0.016000 0.014124
