0 0.272000 0.144068 0.020000 0.016949
0 0.564000 0.143362 0.020000 0.015537
0 0.686000 0.144068 0.020000 0.016949
0 0.312000 0.166667 0.020000 0.014124
0 0.640000 0.192090 0.020000 0.016949
0 0.414000 0.239407 0.020000 0.015537
0 0.765000 0.264831 0.018000 0.018362
0 0.642000 0.362994 0.020000 0.016949
0 0.544000 0.387006 0.020000 0.016949
0 0.472000 0.410311 0.020000 0.015537
0 0.413000 0.506356 0.018000 0.015537
0 0.290000 0.555791 0.020000 0.015537
0 0.411000 0.555791 0.018000 0.015537
0 0.421000 0.603107 0.018000 0.016949
0 0.198000 0.651130 0.020000 0.016949
0 0.404000 0.653249 0.020000 0.018362
0 0.562000 0.725989 0.020000 0.014124
0 0.420000 0.798729 0.020000 0.015537
