0 0.141000 0.035627 0.022000 0.031941
0 0.142000 0.535627 0.020000 0.029484
0 0.278000 0.324324 0.020000 0.029484
0 0.460000 0.324324 0.020000 0.029484
0 0.644000 0.324324 0.020000 0.029484
0 0.827000 0.324324 0.018000 0.034398
0 0.234000 0.434889 0.024000 0.029484
0 0.419000 0.434889 0.022000 0.029484
0 0.602000 0.434889 0.024000 0.029484
0 0.784000 0.434889 0.024000 0.029484
0 0.910000 0.432432 0.020000 0.034398
0 0.278000 0.821867 0.020000 0.031941
0 0.459000 0.821867 0.022000 0.031941
0 0.642000 0.820639 0.020000 0.029484
0 0.826000 0.820639 0.020000 0.029484
0 0.235000 0.929975 0.022000 0.031941
0 0.419000 0.932432 0.022000 0.031941
0 0.601000 0.928747 0.022000 0.029484
0 0.784000 0.932432 0.020000 0.031941
0 0.907000 0.929975 0.022000 0.036855
