0 0.609000 0.251412 0.022000 0.019774
0 0.269000 0.289548 0.022000 0.019774
0 0.410000 0.288842 0.024000 0.021186
0 0.481000 0.290254 0.022000 0.018362
0 0.551000 0.288842 0.022000 0.018362
0 0.540000 0.326271 0.024000 0.019774
0 0.468000 0.362288 0.020000 0.018362
0 0.610000 0.362994 0.024000 0.016949
0 0.751000 0.363701 0.022000 0.018362
0 0.375000 0.400424 0.022000 0.021186
0 0.305000 0.474576 0.022000 0.019774
0 0.516000 0.473870 0.024000 0.021186
0 0.727000 0.474576 0.022000 0.022599
0 0.328000 0.622881 0.024000 0.019774
