0 0.301000 0.111582 0.018000 0.022599
0 0.484000 0.114407 0.020000 0.025424
0 0.563000 0.112994 0.018000 0.022599
0 0.302000 0.155367 0.020000 0.019774
0 0.362000 0.156780 0.020000 0.022599
0 0.604000 0.247881 0.020000 0.021186
0 0.382000 0.285311 0.020000 0.025424
0 0.726000 0.286723 0.020000 0.025424
0 0.826000 0.285311 0.020000 0.025424
0 0.524000 0.324859 0.020000 0.025424
0 0.301000 0.408898 0.018000 0.021186
0 0.403000 0.410311 0.018000 0.026836
0 0.243000 0.447740 0.022000 0.019774
0 0.343000 0.447740 0.022000 0.025424
0 0.825000 0.493644 0.022000 0.018362
0 0.222000 0.533898 0.020000 0.019774
0 0.584000 0.577684 0.020000 0.019774
0 0.686000 0.576977 0.020000 0.021186
0 0.201000 0.616525 0.022000 0.021186
