0 0.445000 0.103814 0.022000 0.021186
0 0.692000 0.141949 0.024000 0.021186
0 0.444000 0.177966 0.024000 0.016949
0 0.561000 0.177966 0.022000 0.019774
0 0.703000 0.177966 0.026000 0.019774
0 0.517000 0.213983 0.026000 0.024011
0 0.633000 0.216102 0.026000 0.022599
0 0.797000 0.215395 0.022000 0.018362
0 0.280000 0.326977 0.024000 0.021186
0 0.585000 0.326271 0.022000 0.019774
0 0.821000 0.326271 0.022000 0.019774
0 0.256000 0.362994 0.024000 0.019774
0 0.162000 0.399718 0.024000 0.019774
0 0.279000 0.400424 0.022000 0.018362
0 0.574000 0.437853 0.024000 0.019774
0 0.186000 0.473870 0.024000 0.021186
0 0.186000 0.512712 0.024000 0.019774
0 0.186000 0.585452 0.024000 0.024011
0 0.363000 0.660311 0.022000 0.021186
0 0.256000 0.696328 0.024000 0.019774
0 0.420000 0.733757 0.024000 0.024011
0 0.562000 0.733051 0.024000 0.019774
0 0.471000 0.055791 0.014000 0.012712
