0 0.180233 0.131168 0.020930 0.015625
0 0.352326 0.257401 0.020930 0.014803
0 0.292442 0.294819 0.017442 0.013980
0 0.675000 0.349918 0.017442 0.013980
0 0.291279 0.386924 0.017442 0.013980
0 0.494186 0.387336 0.018605 0.014803
0 0.412791 0.424342 0.018605 0.014803
0 0.535465 0.424342 0.017442 0.013158
0 0.202907 0.460526 0.017442 0.014803
0 0.283140 0.461349 0.019767 0.014803
0 0.290698 0.479441 0.018605 0.013158
0 0.594186 0.479441 0.018605 0.014803
0 0.376163 0.516859 0.019767 0.013980
0 0.765116 0.647204 0.018605 0.014803
0 0.291279 0.683388 0.017442 0.014803
0 0.332558 0.683799 0.018605 0.013980
0 0.440698 0.683799 0.018605 0.015625
0 0.518023 0.683799 0.019767 0.013980
0 0.595349 0.683388 0.020930 0.014803
0 0.180233 0.702303 0.018605 0.014803
0 0.362791 0.702303 0.018605 0.014803
0 0.159302 0.720395 0.020930 0.014803
0 0.320930 0.720806 0.018605 0.013980
0 0.777326 0.721217 0.019767 0.014803
0 0.241860 0.738898 0.018605 0.013980
0 0.798837 0.812911 0.018605 0.013980
0 0.808721 0.831826 0.017442 0.013980
0 0.332558 0.887747 0.018605 0.013980
0 0.395930 0.627878 0.019767 0.013980
