0 0.488000 0.104520 0.024000 0.022599
0 0.281000 0.137006 0.026000 0.019774
0 0.764000 0.163842 0.024000 0.019774
0 0.423000 0.188559 0.022000 0.021186
0 0.657000 0.189266 0.022000 0.016949
0 0.328000 0.242232 0.024000 0.021186
0 0.634000 0.293785 0.024000 0.019774
0 0.326000 0.319915 0.024000 0.021186
0 0.209000 0.346045 0.022000 0.016949
0 0.774000 0.345339 0.024000 0.021186
0 0.586000 0.398305 0.024000 0.019774
0 0.445000 0.451271 0.022000 0.018362
0 0.279000 0.477401 0.022000 0.019774
0 0.186000 0.502825 0.024000 0.019774
0 0.516000 0.502119 0.024000 0.021186
0 0.209000 0.528955 0.026000 0.021186
0 0.752000 0.555791 0.024000 0.018362
0 0.728000 0.581215 0.024000 0.018362
0 0.350000 0.659605 0.024000 0.022599
0 0.257000 0.685028 0.022000 0.019774
0 0.751000 0.711158 0.026000 0.018362
0 0.208000 0.737288 0.024000 0.022599
0 0.585000 0.763418 0.022000 0.021186
