0 0.752000 0.103107 0.024000 0.022599
0 0.232000 0.139831 0.024000 0.022599
0 0.397000 0.141243 0.022000 0.022599
0 0.610000 0.141243 0.024000 0.028249
0 0.208000 0.254237 0.024000 0.025424
0 0.515000 0.252825 0.022000 0.025424
0 0.515000 0.288842 0.026000 0.021186
0 0.679000 0.290960 0.022000 0.022599
0 0.160000 0.326977 0.028000 0.021186
0 0.610000 0.327684 0.024000 0.022599
0 0.457000 0.402542 0.022000 0.028249
0 0.633000 0.437853 0.026000 0.025424
0 0.233000 0.511299 0.026000 0.022599
0 0.515000 0.548729 0.026000 0.021186
0 0.280000 0.586158 0.024000 0.025424
