0 0.228000 0.360606 0.100000 0.060606
0 0.502000 0.375000 0.016000 0.013636
0 0.550000 0.428788 0.016000 0.015152
0 0.533000 0.465152 0.014000 0.015152
0 0.441000 0.572727 0.014000 0.015152
0 0.503000 0.662121 0.014000 0.012121
0 0.503000 0.770455 0.014000 0.016667
0 0.630000 0.768939 0.016000 0.013636
0 0.504000 0.893939 0.016000 0.012121
0 0.746000 0.823485 0.016000 0.013636
0 0.779000 0.571970 0.014000 0.013636
0 0.889000 0.536364 0.018000 0.015152
0 0.684000 0.320455 0.016000 0.013636
0 0.714000 0.267424 0.016000 0.013636
0 0.825000 0.158333 0.014000 0.013636
0 0.846000 0.214394 0.016000 0.016667
0 0.442000 0.518939 0.016000 0.013636
0 0.613000 0.715909 0.018000 0.013636
0 0.426000 0.678788 0.016000 0.015152
0 0.840000 0.176515 0.016000 0.013636
0 0.701000 0.303030 0.018000 0.015152
0 0.855000 0.321212 0.018000 0.015152
