0 0.338000 0.053109 0.040000 0.054404
0 0.089000 0.117876 0.042000 0.059585
0 0.298000 0.113990 0.040000 0.051813
0 0.465000 0.119171 0.038000 0.051813
0 0.506000 0.115285 0.040000 0.054404
0 0.800000 0.116580 0.040000 0.056995
0 0.340000 0.182642 0.040000 0.054404
0 0.507000 0.183938 0.042000 0.056995
0 0.757000 0.182642 0.038000 0.054404
0 0.800000 0.182642 0.040000 0.059585
0 0.340000 0.248705 0.040000 0.062176
0 0.297000 0.522021 0.042000 0.054404
0 0.338000 0.524611 0.040000 0.054404
0 0.549000 0.524611 0.038000 0.059585
0 0.758000 0.524611 0.040000 0.054404
0 0.130000 0.589378 0.044000 0.054404
0 0.382000 0.588083 0.036000 0.056995
0 0.654000 0.654145 0.040000 0.059585
0 0.737000 0.652850 0.038000 0.062176
0 0.340000 0.865285 0.040000 0.056995
0 0.507000 0.867876 0.042000 0.062176
0 0.757000 0.870466 0.038000 0.062176
