0 0.449000 0.174033 0.038000 0.035912
0 0.276000 0.514503 0.020000 0.015193
0 0.359000 0.513812 0.018000 0.013812
0 0.648000 0.494475 0.020000 0.013812
0 0.517000 0.513812 0.018000 0.013812
0 0.163000 0.570442 0.018000 0.013812
0 0.403000 0.628453 0.018000 0.013812
0 0.070000 0.684392 0.020000 0.015193
0 0.249000 0.770028 0.022000 0.017956
0 0.639000 0.571133 0.018000 0.015193
0 0.593000 0.591160 0.018000 0.013812
0 0.518000 0.609807 0.016000 0.015193
0 0.631000 0.665746 0.018000 0.013812
0 0.393000 0.856354 0.018000 0.013812
0 0.565000 0.704420 0.018000 0.016575
0 0.518000 0.743094 0.016000 0.013812
0 0.518000 0.818370 0.020000 0.015193
0 0.640000 0.837707 0.016000 0.015193
0 0.845000 0.837707 0.018000 0.012431
0 0.631000 0.877072 0.018000 0.016575
0 0.427000 0.314227 0.014000 0.012431
0 0.275000 0.419890 0.014000 0.013812
0 0.331000 0.367403 0.014000 0.013812
0 0.411000 0.383978 0.014000 0.013812
0 0.687000 0.367403 0.014000 0.013812
0 0.835000 0.385359 0.014000 0.011050
0 0.711000 0.314917 0.014000 0.011050
0 0.099000 0.350138 0.014000 0.012431
