0 0.282000 0.103814 0.016000 0.015537
0 0.301000 0.103814 0.018000 0.021186
0 0.417000 0.498588 0.018000 0.019774
0 0.682000 0.497881 0.020000 0.015537
0 0.213000 0.550141 0.018000 0.015537
0 0.389000 0.552260 0.018000 0.019774
0 0.635000 0.548023 0.018000 0.016949
0 0.607000 0.585452 0.018000 0.021186
0 0.625000 0.585452 0.018000 0.018362
0 0.213000 0.624294 0.018000 0.016949
0 0.371000 0.676554 0.018000 0.016949
0 0.643000 0.676554 0.018000 0.016949
0 0.591000 0.713277 0.018000 0.016949
0 0.820000 0.711158 0.020000 0.018362
0 0.177000 0.801554 0.018000 0.015537
0 0.441000 0.802966 0.022000 0.015537
0 0.635000 0.802260 0.018000 0.016949
0 0.654000 0.802966 0.020000 0.018362
0 0.156000 0.838983 0.024000 0.022599
0 0.301000 0.838277 0.018000 0.018362
0 0.406000 0.839689 0.016000 0.015537
0 0.423000 0.839689 0.018000 0.018362
0 0.318000 0.889831 0.020000 0.016949
