0 0.537000 0.141443 0.030000 0.022631
0 0.249000 0.168317 0.018000 0.016973
0 0.657000 0.167610 0.022000 0.015559
0 0.518000 0.185997 0.016000 0.015559
0 0.303000 0.204385 0.018000 0.012730
0 0.537000 0.205092 0.018000 0.014144
0 0.574000 0.309052 0.032000 0.024045
0 0.321000 0.333805 0.018000 0.016973
0 0.512000 0.335219 0.016000 0.014144
0 0.705000 0.335219 0.018000 0.016973
0 0.617000 0.352900 0.014000 0.012730
0 0.723000 0.355021 0.018000 0.016973
0 0.214000 0.373409 0.020000 0.019802
0 0.394000 0.372702 0.016000 0.015559
0 0.776000 0.371994 0.020000 0.014144
0 0.829000 0.372702 0.018000 0.015559
0 0.573000 0.390382 0.018000 0.014144
0 0.288000 0.409477 0.020000 0.015559
0 0.563000 0.410184 0.018000 0.014144
0 0.300000 0.450495 0.020000 0.015559
