0 0.336000 0.117232 0.016000 0.016949
0 0.495000 0.138418 0.018000 0.014124
0 0.671000 0.138418 0.018000 0.014124
0 0.249000 0.223870 0.018000 0.015537
0 0.742000 0.266949 0.020000 0.014124
0 0.547000 0.351695 0.018000 0.016949
0 0.213000 0.436441 0.018000 0.014124
0 0.177000 0.478814 0.018000 0.014124
0 0.424000 0.480226 0.016000 0.016949
0 0.319000 0.543785 0.018000 0.014124
0 0.513000 0.543079 0.018000 0.015537
0 0.284000 0.607345 0.020000 0.014124
0 0.159000 0.628531 0.018000 0.014124
0 0.601000 0.607345 0.018000 0.014124
0 0.566000 0.629237 0.020000 0.012712
0 0.177000 0.649718 0.018000 0.014124
0 0.319000 0.671610 0.018000 0.015537
0 0.707000 0.670904 0.018000 0.014124
0 0.301000 0.692797 0.018000 0.012712
0 0.477000 0.692090 0.018000 0.014124
0 0.759000 0.692090 0.018000 0.014124
0 0.389000 0.713983 0.018000 0.015537
0 0.689000 0.713983 0.018000 0.015537
0 0.283000 0.776836 0.018000 0.014124
0 0.159000 0.798729 0.018000 0.015537
0 0.477000 0.862994 0.018000 0.016949
0 0.547000 0.117232 0.018000 0.016949
