0 0.419000 0.104520 0.022000 0.022599
0 0.527000 0.178672 0.022000 0.018362
0 0.514000 0.252825 0.024000 0.019774
0 0.527000 0.290254 0.022000 0.021186
0 0.352000 0.327684 0.024000 0.022599
0 0.528000 0.363701 0.024000 0.021186
0 0.823000 0.364407 0.022000 0.019774
0 0.593000 0.475282 0.022000 0.021186
0 0.702000 0.474576 0.024000 0.019774
0 0.352000 0.550141 0.020000 0.021186
0 0.540000 0.586864 0.024000 0.024011
0 0.593000 0.621469 0.022000 0.022599
0 0.782000 0.659605 0.024000 0.019774
0 0.824000 0.771893 0.024000 0.024011
0 0.663000 0.844633 0.026000 0.022599
