0 0.482000 0.107345 0.036000 0.036723
0 0.256000 0.176554 0.024000 0.022599
0 0.538000 0.177966 0.024000 0.022599
0 0.582000 0.213277 0.024000 0.025424
0 0.256000 0.250706 0.024000 0.026836
0 0.555000 0.254237 0.026000 0.028249
0 0.774000 0.325565 0.024000 0.021186
0 0.350000 0.401130 0.024000 0.025424
0 0.316000 0.437147 0.024000 0.021186
0 0.766000 0.437853 0.024000 0.025424
0 0.382000 0.474576 0.024000 0.028249
0 0.161000 0.508475 0.026000 0.028249
0 0.209000 0.546610 0.022000 0.025424
0 0.586000 0.548729 0.024000 0.026836
0 0.634000 0.771186 0.024000 0.022599
0 0.563000 0.881356 0.026000 0.028249
