0 0.493000 0.209746 0.018000 0.018362
0 0.292000 0.265537 0.020000 0.016949
0 0.160000 0.293079 0.024000 0.021186
0 0.574000 0.376412 0.020000 0.021186
0 0.574000 0.403955 0.020000 0.019774
0 0.292000 0.432203 0.020000 0.016949
0 0.372000 0.459040 0.020000 0.019774
0 0.645000 0.487288 0.018000 0.019774
0 0.837000 0.543785 0.018000 0.019774
0 0.494000 0.626412 0.020000 0.018362
0 0.574000 0.625706 0.020000 0.016949
0 0.656000 0.626412 0.020000 0.018362
0 0.736000 0.626412 0.020000 0.021186
0 0.242000 0.653955 0.020000 0.016949
0 0.625000 0.654661 0.018000 0.018362
0 0.456000 0.709746 0.020000 0.018362
0 0.840000 0.710452 0.020000 0.019774
0 0.322000 0.737288 0.020000 0.016949
0 0.726000 0.737994 0.020000 0.021186
0 0.404000 0.793079 0.020000 0.018362
0 0.332000 0.847458 0.020000 0.019774
0 0.494000 0.848870 0.020000 0.019774
0 0.392000 0.599576 0.020000 0.015537
0 0.312000 0.626412 0.020000 0.015537
0 0.839000 0.099576 0.022000 0.015537
