0 0.227000 0.283270 0.018000 0.019011
0 0.048000 0.423004 0.016000 0.017110
0 0.065000 0.520913 0.018000 0.019011
0 0.081000 0.630228 0.018000 0.020913
0 0.261000 0.396388 0.018000 0.020913
0 0.244000 0.575095 0.016000 0.020913
0 0.423000 0.395437 0.018000 0.022814
0 0.388000 0.576996 0.016000 0.020913
0 0.565000 0.390684 0.018000 0.020913
0 0.583000 0.488593 0.018000 0.019011
0 0.548000 0.567490 0.020000 0.024715
0 0.582000 0.671103 0.016000 0.019011
0 0.598000 0.672053 0.016000 0.020913
0 0.812000 0.274715 0.020000 0.020913
0 0.809000 0.359316 0.018000 0.019011
0 0.776000 0.474335 0.016000 0.020913
0 0.794000 0.473384 0.016000 0.019011
0 0.743000 0.576046 0.018000 0.019011
0 0.983000 0.358365 0.018000 0.017110
0 0.950000 0.488593 0.016000 0.019011
0 0.917000 0.615970 0.018000 0.022814
0 0.236000 0.821293 0.016000 0.019011
0 0.549000 0.773764 0.018000 0.019011
0 0.761000 0.711977 0.018000 0.020913
