0 0.267000 0.100989 0.034000 0.029661
0 0.433000 0.099576 0.034000 0.029661
0 0.584000 0.241525 0.028000 0.025424
0 0.204000 0.276130 0.028000 0.024011
0 0.571000 0.277542 0.026000 0.026836
0 0.317000 0.346751 0.026000 0.029661
0 0.495000 0.348164 0.026000 0.026836
0 0.726000 0.348870 0.028000 0.028249
0 0.303000 0.420904 0.030000 0.028249
0 0.422000 0.456215 0.028000 0.028249
0 0.558000 0.454802 0.028000 0.028249
0 0.737000 0.454802 0.026000 0.025424
0 0.270000 0.489407 0.028000 0.029661
0 0.624000 0.527542 0.028000 0.024011
0 0.286000 0.632062 0.028000 0.024011
0 0.280000 0.669492 0.028000 0.028249
0 0.266000 0.702684 0.024000 0.024011
0 0.482000 0.703390 0.024000 0.028249
0 0.698000 0.704802 0.028000 0.025424
0 0.468000 0.737994 0.028000 0.024011
0 0.634000 0.775424 0.028000 0.028249
0 0.713000 0.773305 0.030000 0.026836
0 0.726000 0.810734 0.028000 0.028249
0 0.423000 0.847458 0.026000 0.022599
0 0.807000 0.846045 0.030000 0.025424
0 0.221000 0.883475 0.026000 0.029661
