0 0.437000 0.109463 0.018000 0.018362
0 0.699000 0.214689 0.018000 0.019774
0 0.356000 0.317797 0.020000 0.016949
0 0.528000 0.370056 0.020000 0.016949
0 0.558000 0.526130 0.020000 0.018362
0 0.184000 0.552966 0.020000 0.018362
0 0.578000 0.579802 0.020000 0.015537
0 0.376000 0.605932 0.020000 0.016949
0 0.356000 0.658192 0.020000 0.016949
0 0.236000 0.683616 0.020000 0.016949
0 0.458000 0.736582 0.020000 0.018362
0 0.598000 0.736582 0.020000 0.018362
0 0.759000 0.735876 0.018000 0.016949
0 0.214000 0.762006 0.020000 0.018362
0 0.296000 0.813559 0.020000 0.016949
0 0.780000 0.866525 0.020000 0.015537
0 0.315000 0.892655 0.018000 0.014124
