0 0.540000 0.103814 0.024000 0.021186
0 0.415000 0.141243 0.022000 0.019774
0 0.162000 0.177966 0.024000 0.016949
0 0.351000 0.177966 0.022000 0.016949
0 0.491000 0.177966 0.022000 0.016949
0 0.704000 0.178672 0.024000 0.018362
0 0.462000 0.290254 0.024000 0.018362
0 0.768000 0.289548 0.024000 0.019774
0 0.374000 0.437853 0.024000 0.016949
0 0.586000 0.437147 0.024000 0.018362
0 0.769000 0.549435 0.022000 0.019774
0 0.328000 0.585452 0.024000 0.018362
0 0.815000 0.622175 0.022000 0.018362
0 0.351000 0.696328 0.022000 0.016949
0 0.457000 0.771186 0.022000 0.019774
0 0.327000 0.845339 0.022000 0.018362
0 0.515000 0.845339 0.022000 0.018362
