0 0.555000 0.103814 0.034000 0.032486
0 0.445000 0.141243 0.022000 0.022599
0 0.585000 0.177260 0.022000 0.018362
0 0.633000 0.215395 0.022000 0.018362
0 0.326000 0.251412 0.020000 0.016949
0 0.444000 0.252825 0.020000 0.016949
0 0.585000 0.252825 0.018000 0.019774
0 0.656000 0.290254 0.020000 0.018362
0 0.773000 0.325565 0.026000 0.015537
0 0.303000 0.400424 0.022000 0.021186
0 0.823000 0.437147 0.026000 0.018362
0 0.350000 0.548729 0.024000 0.018362
0 0.303000 0.586158 0.022000 0.019774
0 0.679000 0.586158 0.022000 0.016949
0 0.469000 0.623588 0.022000 0.018362
0 0.374000 0.659605 0.024000 0.016949
0 0.302000 0.733051 0.020000 0.016949
0 0.750000 0.734463 0.020000 0.019774
