0 0.327000 0.093927 0.022000 0.018362
0 0.301000 0.115113 0.018000 0.015537
0 0.318000 0.170198 0.016000 0.015537
0 0.345000 0.208333 0.018000 0.018362
0 0.459000 0.208333 0.018000 0.015537
0 0.513000 0.209040 0.018000 0.016949
0 0.379000 0.485876 0.018000 0.014124
0 0.441000 0.484463 0.018000 0.016949
0 0.459000 0.485169 0.018000 0.015537
0 0.557000 0.485169 0.018000 0.018362
0 0.574000 0.485169 0.016000 0.015537
0 0.553000 0.456921 0.018000 0.015537
0 0.239000 0.456215 0.022000 0.019774
0 0.658000 0.485169 0.020000 0.015537
0 0.676000 0.485876 0.016000 0.016949
0 0.354000 0.540960 0.020000 0.016949
0 0.216000 0.592514 0.024000 0.021186
0 0.236000 0.624294 0.024000 0.016949
0 0.264000 0.646186 0.020000 0.015537
0 0.618000 0.645480 0.016000 0.016949
0 0.776000 0.646893 0.020000 0.016949
0 0.239000 0.663842 0.018000 0.014124
0 0.821000 0.663842 0.018000 0.016949
0 0.389000 0.683616 0.018000 0.014124
0 0.670000 0.682910 0.016000 0.015537
0 0.689000 0.683616 0.018000 0.016949
0 0.194000 0.701271 0.020000 0.015537
0 0.530000 0.701977 0.020000 0.014124
0 0.706000 0.701271 0.020000 0.018362
0 0.265000 0.720339 0.018000 0.014124
0 0.583000 0.720339 0.018000 0.014124
0 0.601000 0.721045 0.018000 0.015537
0 0.265000 0.738701 0.018000 0.014124
0 0.283000 0.738701 0.018000 0.014124
0 0.565000 0.739407 0.018000 0.015537
0 0.601000 0.739407 0.018000 0.018362
0 0.317000 0.757768 0.018000 0.018362
0 0.617000 0.755650 0.018000 0.016949
0 0.238000 0.797316 0.020000 0.018362
0 0.229000 0.819209 0.022000 0.016949
0 0.317000 0.819209 0.018000 0.016949
0 0.512000 0.819209 0.020000 0.016949
0 0.460000 0.836158 0.016000 0.014124
0 0.741000 0.836864 0.018000 0.015537
0 0.336000 0.855932 0.016000 0.016949
0 0.353000 0.853814 0.018000 0.018362
0 0.494000 0.856638 0.016000 0.015537
0 0.265000 0.873588 0.018000 0.015537
0 0.419000 0.892655 0.018000 0.016949
0 0.655000 0.720339 0.018000 0.014124
0 0.583000 0.382768 0.018000 0.016949
