0 0.464000 0.106638 0.028000 0.026836
0 0.437000 0.140537 0.026000 0.032486
0 0.388000 0.179379 0.028000 0.025424
0 0.203000 0.213277 0.026000 0.028249
0 0.732000 0.213277 0.028000 0.028249
0 0.278000 0.246469 0.028000 0.029661
0 0.516000 0.319915 0.028000 0.024011
0 0.365000 0.390537 0.030000 0.026836
0 0.592000 0.461864 0.028000 0.028249
0 0.386000 0.641949 0.028000 0.024011
0 0.231000 0.675141 0.026000 0.025424
0 0.339000 0.677260 0.030000 0.024011
0 0.512000 0.747175 0.028000 0.028249
0 0.163000 0.778955 0.030000 0.029661
0 0.312000 0.817090 0.028000 0.026836
0 0.259000 0.854520 0.030000 0.028249
0 0.392000 0.851695 0.028000 0.031073
0 0.540000 0.853814 0.028000 0.026836
