0 0.384000 0.017045 0.024000 0.022727
0 0.294000 0.174716 0.024000 0.019886
0 0.898000 0.250710 0.024000 0.021307
0 0.874000 0.273438 0.024000 0.018466
0 0.644000 0.325284 0.024000 0.019886
0 0.414000 0.373580 0.024000 0.019886
0 0.656000 0.373580 0.024000 0.019886
0 0.584000 0.418324 0.024000 0.018466
0 0.680000 0.419034 0.024000 0.019886
0 0.548000 0.507102 0.024000 0.019886
0 0.269000 0.551847 0.026000 0.021307
0 0.400000 0.686080 0.024000 0.017045
0 0.666000 0.708807 0.024000 0.022727
0 0.534000 0.731534 0.024000 0.019886
0 0.340000 0.752131 0.024000 0.018466
0 0.668000 0.780540 0.024000 0.024148
0 0.643000 0.853693 0.022000 0.019886
0 0.714000 0.919034 0.024000 0.019886
