0 0.207000 0.102009 0.018000 0.015456
0 0.276000 0.261978 0.020000 0.017002
0 0.705000 0.261978 0.018000 0.017002
0 0.423000 0.397218 0.018000 0.018547
0 0.259000 0.419629 0.018000 0.017002
0 0.275000 0.442040 0.018000 0.021638
0 0.448000 0.444359 0.020000 0.020093
0 0.269000 0.508501 0.018000 0.018547
0 0.424000 0.510819 0.020000 0.017002
0 0.749000 0.510046 0.018000 0.018547
0 0.653000 0.534003 0.018000 0.017002
0 0.154000 0.555641 0.020000 0.017002
0 0.225000 0.557187 0.018000 0.020093
0 0.516000 0.557187 0.020000 0.020093
0 0.653000 0.557960 0.018000 0.018547
0 0.363000 0.578825 0.022000 0.017002
0 0.269000 0.646059 0.018000 0.015456
0 0.389000 0.645286 0.018000 0.017002
0 0.499000 0.671561 0.018000 0.020093
0 0.260000 0.693199 0.020000 0.017002
0 0.551000 0.693972 0.022000 0.018547
0 0.619000 0.693199 0.018000 0.017002
0 0.457000 0.761206 0.018000 0.013910
0 0.836000 0.760433 0.020000 0.018547
0 0.431000 0.783617 0.018000 0.018547
0 0.533000 0.783617 0.018000 0.018547
0 0.722000 0.782844 0.016000 0.017002
0 0.190000 0.809119 0.020000 0.017002
0 0.326000 0.807573 0.020000 0.017002
0 0.447000 0.806801 0.018000 0.015456
0 0.653000 0.807573 0.018000 0.020093
