0 0.218000 0.096888 0.020000 0.015559
0 0.379000 0.096888 0.018000 0.015559
0 0.363000 0.120934 0.018000 0.018388
0 0.504000 0.121641 0.020000 0.016973
0 0.625000 0.120934 0.018000 0.015559
0 0.657000 0.144979 0.018000 0.015559
0 0.798000 0.145686 0.020000 0.019802
0 0.747000 0.170438 0.018000 0.018388
0 0.565000 0.219236 0.018000 0.019802
0 0.665000 0.218529 0.018000 0.015559
0 0.364000 0.336634 0.020000 0.016973
0 0.484000 0.335219 0.020000 0.016973
0 0.758000 0.335926 0.020000 0.015559
0 0.323000 0.408062 0.018000 0.015559
0 0.503000 0.408769 0.018000 0.016973
0 0.261000 0.432107 0.018000 0.015559
0 0.464000 0.457567 0.020000 0.018388
0 0.363000 0.481612 0.018000 0.015559
0 0.484000 0.482320 0.020000 0.016973
0 0.302000 0.504950 0.020000 0.014144
0 0.383000 0.504950 0.018000 0.016973
0 0.303000 0.528996 0.018000 0.016973
0 0.382000 0.529703 0.020000 0.015559
0 0.504000 0.529703 0.020000 0.018388
0 0.262000 0.553748 0.020000 0.015559
0 0.362000 0.555163 0.020000 0.015559
0 0.282000 0.578501 0.020000 0.016973
0 0.605000 0.579208 0.018000 0.018388
0 0.302000 0.603960 0.020000 0.016973
0 0.424000 0.602546 0.020000 0.014144
0 0.602000 0.602546 0.020000 0.014144
0 0.201000 0.627298 0.018000 0.018388
0 0.342000 0.627298 0.020000 0.018388
0 0.625000 0.628713 0.018000 0.021216
0 0.321000 0.664781 0.026000 0.025460
0 0.238000 0.718529 0.024000 0.022631
0 0.363000 0.764498 0.018000 0.015559
0 0.302000 0.812588 0.020000 0.015559
0 0.685000 0.814003 0.018000 0.015559
0 0.779000 0.887553 0.018000 0.018388
0 0.161000 0.860679 0.018000 0.018388
