0 0.226000 0.098870 0.016000 0.016949
0 0.234000 0.200565 0.016000 0.014124
0 0.288000 0.262712 0.016000 0.014124
0 0.234000 0.323446 0.016000 0.014124
0 0.278000 0.324859 0.016000 0.014124
0 0.256000 0.343927 0.016000 0.015537
0 0.227000 0.386299 0.018000 0.012712
0 0.256000 0.406780 0.016000 0.014124
0 0.234000 0.447034 0.016000 0.015537
0 0.226000 0.467514 0.016000 0.014124
0 0.204000 0.568503 0.016000 0.018362
0 0.226000 0.590395 0.016000 0.014124
0 0.362000 0.590395 0.016000 0.016949
0 0.499000 0.590395 0.018000 0.016949
0 0.635000 0.591102 0.018000 0.015537
0 0.226000 0.610876 0.016000 0.012712
0 0.362000 0.610876 0.016000 0.015537
0 0.469000 0.610876 0.018000 0.015537
0 0.604000 0.611582 0.016000 0.014124
0 0.225000 0.632062 0.018000 0.012712
0 0.362000 0.630650 0.016000 0.012712
0 0.498000 0.631356 0.016000 0.014124
0 0.634000 0.630650 0.016000 0.015537
0 0.226000 0.652542 0.016000 0.014124
0 0.362000 0.651836 0.016000 0.015537
0 0.498000 0.651836 0.016000 0.015537
0 0.604000 0.652542 0.016000 0.016949
0 0.234000 0.692797 0.016000 0.012712
0 0.233000 0.814972 0.014000 0.014124
0 0.280000 0.877825 0.016000 0.015537
