0 0.448000 0.073905 0.028000 0.027372
0 0.549000 0.172445 0.018000 0.020073
0 0.241000 0.236314 0.018000 0.020073
0 0.585000 0.270073 0.018000 0.021898
0 0.748000 0.270073 0.020000 0.021898
0 0.476000 0.301095 0.016000 0.021898
0 0.366000 0.333029 0.016000 0.020073
0 0.331000 0.366788 0.018000 0.021898
0 0.422000 0.366788 0.016000 0.018248
0 0.349000 0.398723 0.018000 0.020073
0 0.603000 0.397810 0.018000 0.025547
0 0.512000 0.429745 0.016000 0.020073
0 0.403000 0.462591 0.018000 0.023723
0 0.585000 0.464416 0.018000 0.023723
0 0.296000 0.495438 0.020000 0.020073
0 0.621000 0.495438 0.018000 0.020073
0 0.693000 0.494526 0.018000 0.021898
0 0.240000 0.528285 0.020000 0.023723
0 0.513000 0.527372 0.018000 0.018248
0 0.730000 0.527372 0.016000 0.018248
0 0.404000 0.559307 0.020000 0.020073
0 0.331000 0.591241 0.018000 0.021898
0 0.439000 0.623175 0.018000 0.020073
0 0.513000 0.624088 0.018000 0.021898
0 0.241000 0.687044 0.018000 0.023723
0 0.349000 0.687956 0.018000 0.021898
0 0.603000 0.719891 0.018000 0.020073
0 0.711000 0.719891 0.018000 0.023723
0 0.693000 0.140511 0.018000 0.018248
