0 0.465000 0.128006 0.030000 0.024045
0 0.613000 0.229137 0.026000 0.022631
0 0.427000 0.297737 0.022000 0.021216
0 0.213000 0.330269 0.026000 0.021216
0 0.264000 0.441301 0.020000 0.022631
0 0.756000 0.439887 0.024000 0.019802
0 0.521000 0.516266 0.022000 0.022631
0 0.072000 0.549505 0.024000 0.024045
0 0.377000 0.546676 0.022000 0.021216
0 0.662000 0.592645 0.024000 0.019802
0 0.921000 0.636492 0.022000 0.022631
0 0.729000 0.669731 0.022000 0.021216
0 0.635000 0.701556 0.022000 0.019802
0 0.119000 0.779349 0.022000 0.022631
0 0.635000 0.778642 0.022000 0.018388
0 0.894000 0.778642 0.020000 0.018388
0 0.214000 0.810467 0.024000 0.019802
