0 0.464000 0.116667 0.028000 0.047619
0 0.575000 0.341667 0.026000 0.040476
0 0.127000 0.388095 0.022000 0.038095
0 0.544000 0.388095 0.028000 0.038095
0 0.702000 0.388095 0.032000 0.038095
0 0.400000 0.434524 0.032000 0.050000
0 0.498000 0.434524 0.032000 0.045238
0 0.558000 0.434524 0.028000 0.040476
0 0.607000 0.601190 0.026000 0.045238
0 0.094000 0.646429 0.032000 0.040476
0 0.447000 0.647619 0.030000 0.038095
0 0.608000 0.645238 0.028000 0.038095
0 0.353000 0.690476 0.030000 0.042857
0 0.449000 0.691667 0.030000 0.040476
0 0.512000 0.690476 0.032000 0.038095
0 0.513000 0.879762 0.034000 0.045238
0 0.832000 0.878571 0.028000 0.038095
0 0.272000 0.926190 0.028000 0.038095
0 0.431000 0.925000 0.026000 0.040476
0 0.623000 0.923810 0.026000 0.042857
0 0.719000 0.925000 0.030000 0.040476
0 0.784000 0.926190 0.028000 0.038095
