0 0.511593 0.104419 0.023185 0.019244
0 0.300907 0.152887 0.017137 0.013542
0 0.613407 0.152887 0.017137 0.013542
0 0.247480 0.224875 0.017137 0.013542
0 0.319052 0.224519 0.017137 0.014255
0 0.371976 0.224875 0.018145 0.013542
0 0.204133 0.269423 0.017137 0.012830
0 0.380544 0.269423 0.017137 0.012830
0 0.547883 0.314326 0.017137 0.014255
0 0.195565 0.580542 0.018145 0.013542
0 0.407258 0.580542 0.016129 0.013542
0 0.451109 0.580542 0.017137 0.013542
0 0.265625 0.803279 0.017137 0.014255
0 0.266633 0.892017 0.017137 0.013542
