0 0.351000 0.103814 0.022000 0.018362
0 0.680000 0.103814 0.024000 0.018362
0 0.492000 0.140537 0.024000 0.021186
0 0.703000 0.141243 0.022000 0.019774
0 0.350000 0.177966 0.024000 0.016949
0 0.397000 0.251412 0.022000 0.019774
0 0.162000 0.289548 0.024000 0.016949
0 0.422000 0.289548 0.024000 0.016949
0 0.633000 0.399718 0.022000 0.016949
0 0.727000 0.399718 0.022000 0.019774
0 0.351000 0.512006 0.022000 0.018362
0 0.797000 0.510593 0.022000 0.018362
0 0.610000 0.622175 0.024000 0.018362
0 0.751000 0.622881 0.022000 0.019774
0 0.468000 0.733757 0.024000 0.021186
0 0.304000 0.881356 0.024000 0.019774
