0 0.793851 0.098717 0.019153 0.020670
0 0.494456 0.169280 0.021169 0.023521
0 0.357863 0.219886 0.020161 0.023521
0 0.610383 0.313257 0.023185 0.020670
0 0.791331 0.312901 0.022177 0.024234
0 0.412298 0.338917 0.020161 0.020670
0 0.640121 0.339629 0.022177 0.020670
0 0.329637 0.431932 0.020161 0.022808
0 0.397177 0.432644 0.018145 0.022808
0 0.285786 0.477548 0.021169 0.021383
0 0.336190 0.527441 0.021169 0.024234
0 0.404738 0.527085 0.017137 0.022096
0 0.648185 0.525303 0.020161 0.022808
0 0.186996 0.553813 0.021169 0.024234
0 0.432460 0.554170 0.020161 0.020670
0 0.338710 0.790449 0.022177 0.019957
0 0.566028 0.791518 0.021169 0.023521
0 0.678931 0.788667 0.021169 0.020670
0 0.384577 0.788311 0.021169 0.019957
0 0.815524 0.788667 0.020161 0.024947
0 0.432964 0.815396 0.021169 0.021383
0 0.724294 0.816108 0.021169 0.022808
0 0.839214 0.815039 0.019153 0.019244
0 0.501008 0.841768 0.020161 0.021383
0 0.306956 0.887384 0.019153 0.025659
