0 0.576000 0.081215 0.028000 0.021186
0 0.460000 0.129944 0.024000 0.019774
0 0.719000 0.129944 0.022000 0.019774
0 0.790000 0.129944 0.024000 0.016949
0 0.519000 0.151836 0.022000 0.018362
0 0.390000 0.216808 0.024000 0.018362
0 0.249000 0.237994 0.022000 0.018362
0 0.507000 0.216102 0.022000 0.016949
0 0.507000 0.345339 0.022000 0.018362
0 0.767000 0.367232 0.022000 0.016949
0 0.437000 0.410311 0.022000 0.018362
0 0.554000 0.411017 0.024000 0.016949
0 0.661000 0.411017 0.022000 0.016949
0 0.319000 0.432203 0.022000 0.016949
0 0.554000 0.431497 0.024000 0.018362
0 0.554000 0.474576 0.024000 0.016949
0 0.648000 0.473870 0.024000 0.018362
0 0.249000 0.561441 0.022000 0.018362
0 0.678000 0.561441 0.024000 0.018362
0 0.319000 0.604520 0.022000 0.016949
0 0.719000 0.668785 0.022000 0.018362
0 0.696000 0.711158 0.024000 0.018362
0 0.696000 0.733051 0.024000 0.016949
0 0.743000 0.797316 0.026000 0.018362
0 0.296000 0.884181 0.024000 0.016949
0 0.814000 0.884181 0.024000 0.019774
0 0.814000 0.625000 0.024000 0.018362
