0 0.629000 0.092000 0.054000 0.077333
0 0.388000 0.236000 0.040000 0.050667
0 0.200000 0.285333 0.024000 0.037333
0 0.201000 0.328000 0.026000 0.042667
0 0.604000 0.288000 0.024000 0.037333
0 0.654000 0.286667 0.024000 0.034667
0 0.703000 0.281333 0.026000 0.050667
0 0.277000 0.322667 0.026000 0.037333
0 0.326000 0.325333 0.024000 0.037333
0 0.452000 0.325333 0.028000 0.042667
0 0.189000 0.597333 0.026000 0.037333
0 0.329000 0.600000 0.026000 0.042667
0 0.314000 0.676000 0.032000 0.050667
0 0.332000 0.768000 0.024000 0.042667
0 0.441000 0.733333 0.026000 0.042667
0 0.573000 0.600000 0.026000 0.042667
0 0.748000 0.598667 0.024000 0.045333
0 0.655000 0.766667 0.026000 0.040000
0 0.657000 0.674667 0.026000 0.048000
