0 0.662000 0.102535 0.028000 0.034562
0 0.075000 0.359447 0.030000 0.041475
0 0.663000 0.362903 0.030000 0.043779
0 0.896000 0.362903 0.028000 0.039171
0 0.340000 0.594470 0.028000 0.036866
0 0.545000 0.595622 0.030000 0.039171
0 0.282000 0.635945 0.032000 0.036866
0 0.487000 0.637097 0.026000 0.043779
0 0.646000 0.678571 0.028000 0.039171
0 0.106000 0.876728 0.028000 0.034562
0 0.339000 0.873272 0.030000 0.041475
0 0.808000 0.876728 0.028000 0.039171
0 0.078000 0.918203 0.032000 0.039171
0 0.369000 0.918203 0.030000 0.039171
