0 0.161047 0.131168 0.019767 0.015625
0 0.398256 0.217928 0.019767 0.016447
0 0.243023 0.245477 0.020930 0.015625
0 0.281977 0.273849 0.019767 0.016447
0 0.411628 0.303043 0.020930 0.017270
0 0.382558 0.245888 0.018605 0.016447
0 0.484302 0.245477 0.022093 0.015625
0 0.665116 0.245888 0.020930 0.016447
0 0.523837 0.360197 0.022093 0.016447
0 0.705814 0.359786 0.020930 0.015625
0 0.356977 0.388569 0.020930 0.015625
0 0.759302 0.388980 0.020930 0.016447
0 0.418605 0.502056 0.018605 0.013980
0 0.745349 0.530428 0.020930 0.016447
0 0.639535 0.559622 0.018605 0.017270
0 0.559884 0.587582 0.019767 0.015625
0 0.302907 0.615954 0.019767 0.014803
0 0.338372 0.644737 0.020930 0.014803
0 0.717442 0.673109 0.018605 0.015625
0 0.297674 0.730263 0.020930 0.016447
0 0.640116 0.787418 0.019767 0.017270
0 0.220930 0.815789 0.020930 0.014803
0 0.524419 0.815789 0.020930 0.016447
0 0.539535 0.844161 0.020930 0.015625
