0 0.408000 0.138418 0.036000 0.031073
0 0.267000 0.213983 0.026000 0.018362
0 0.319000 0.324153 0.022000 0.021186
0 0.346000 0.362288 0.024000 0.021186
0 0.616000 0.362288 0.024000 0.018362
0 0.345000 0.471751 0.022000 0.019774
0 0.427000 0.472458 0.022000 0.018362
0 0.589000 0.547316 0.022000 0.018362
0 0.830000 0.620763 0.024000 0.021186
0 0.292000 0.657486 0.024000 0.018362
0 0.532000 0.657486 0.024000 0.021186
0 0.212000 0.695621 0.024000 0.021186
0 0.856000 0.396893 0.024000 0.016949
0 0.703000 0.251412 0.022000 0.022599
