0 0.502000 0.103000 0.080000 0.078000
0 0.434000 0.172000 0.032000 0.040000
0 0.566000 0.229000 0.020000 0.030000
0 0.405000 0.287000 0.022000 0.030000
0 0.525000 0.287000 0.022000 0.034000
0 0.425000 0.345000 0.022000 0.030000
0 0.708000 0.345000 0.024000 0.030000
0 0.424000 0.400000 0.020000 0.028000
0 0.708000 0.401000 0.020000 0.030000
0 0.425000 0.458000 0.022000 0.024000
0 0.707000 0.458000 0.022000 0.028000
0 0.426000 0.515000 0.020000 0.030000
0 0.707000 0.577000 0.022000 0.030000
0 0.707000 0.631000 0.022000 0.034000
0 0.485000 0.689000 0.022000 0.030000
