0 0.487000 0.105226 0.022000 0.018362
0 0.234000 0.215395 0.016000 0.018362
0 0.216000 0.252825 0.016000 0.019774
0 0.534000 0.252825 0.016000 0.016949
0 0.446000 0.272599 0.016000 0.019774
0 0.204000 0.326271 0.016000 0.016949
0 0.244000 0.364407 0.016000 0.014124
0 0.623000 0.383475 0.014000 0.015537
0 0.349000 0.418079 0.018000 0.019774
0 0.502000 0.477401 0.016000 0.016949
0 0.456000 0.549435 0.016000 0.019774
0 0.609000 0.605932 0.018000 0.016949
0 0.684000 0.603814 0.016000 0.018362
0 0.306000 0.660311 0.016000 0.015537
0 0.221000 0.772599 0.018000 0.019774
0 0.780000 0.771893 0.016000 0.018362
0 0.220000 0.845339 0.016000 0.021186
