0 0.554000 0.103107 0.024000 0.022599
0 0.719000 0.185734 0.026000 0.021186
0 0.813000 0.270480 0.026000 0.018362
0 0.519000 0.305791 0.026000 0.018362
0 0.294000 0.343927 0.024000 0.021186
0 0.858000 0.343220 0.024000 0.019774
0 0.177000 0.381356 0.026000 0.019774
0 0.389000 0.463983 0.026000 0.021186
0 0.507000 0.502119 0.026000 0.021186
0 0.836000 0.502119 0.024000 0.021186
0 0.601000 0.584746 0.022000 0.019774
0 0.836000 0.584746 0.024000 0.019774
0 0.600000 0.622175 0.024000 0.021186
0 0.318000 0.667373 0.024000 0.018362
0 0.530000 0.669492 0.024000 0.019774
0 0.271000 0.704802 0.026000 0.019774
0 0.390000 0.704802 0.024000 0.019774
0 0.600000 0.705508 0.024000 0.024011
0 0.223000 0.742232 0.022000 0.018362
0 0.341000 0.788842 0.026000 0.018362
0 0.647000 0.825565 0.022000 0.021186
