0 0.473000 0.096045 0.018000 0.016949
0 0.507000 0.096045 0.018000 0.016949
0 0.521000 0.278249 0.018000 0.016949
0 0.663000 0.278955 0.018000 0.015537
0 0.698000 0.341808 0.016000 0.016949
0 0.565000 0.362994 0.018000 0.014124
0 0.460000 0.448446 0.016000 0.015537
0 0.619000 0.449859 0.018000 0.015537
0 0.213000 0.470339 0.018000 0.016949
0 0.455000 0.512006 0.018000 0.015537
0 0.717000 0.555085 0.018000 0.014124
0 0.671000 0.576271 0.018000 0.014124
0 0.354000 0.598870 0.016000 0.016949
0 0.159000 0.619350 0.018000 0.015537
0 0.265000 0.618644 0.018000 0.014124
0 0.354000 0.618644 0.016000 0.014124
0 0.319000 0.661723 0.018000 0.015537
0 0.673000 0.683616 0.018000 0.016949
0 0.443000 0.704802 0.018000 0.014124
0 0.319000 0.746469 0.018000 0.015537
0 0.495000 0.747175 0.018000 0.016949
0 0.381000 0.789548 0.018000 0.016949
0 0.425000 0.811441 0.018000 0.015537
0 0.673000 0.810028 0.018000 0.015537
0 0.231000 0.832627 0.018000 0.018362
0 0.336000 0.831921 0.016000 0.014124
0 0.283000 0.875000 0.018000 0.015537
0 0.760000 0.896186 0.016000 0.015537
