0 0.467000 0.141949 0.022000 0.021186
0 0.350000 0.215395 0.024000 0.018362
0 0.562000 0.216102 0.024000 0.022599
0 0.750000 0.216102 0.024000 0.019774
0 0.302000 0.290254 0.024000 0.021186
0 0.444000 0.327684 0.024000 0.019774
0 0.303000 0.363701 0.026000 0.018362
0 0.444000 0.400424 0.024000 0.018362
0 0.302000 0.474576 0.024000 0.019774
0 0.502000 0.512006 0.024000 0.018362
0 0.726000 0.585452 0.024000 0.018362
0 0.386000 0.659605 0.024000 0.019774
0 0.738000 0.658898 0.024000 0.021186
0 0.609000 0.733757 0.022000 0.018362
