0 0.483125 0.072438 0.028750 0.024735
0 0.751875 0.295495 0.021250 0.018551
0 0.428750 0.332597 0.020000 0.018551
0 0.468750 0.443905 0.020000 0.016784
0 0.610000 0.444346 0.020000 0.015901
0 0.548750 0.481890 0.020000 0.016784
0 0.365000 0.518110 0.020000 0.018551
0 0.386875 0.554770 0.021250 0.015901
0 0.369375 0.666519 0.023750 0.016784
0 0.193750 0.776943 0.020000 0.015018
0 0.548750 0.851148 0.020000 0.016784
0 0.690000 0.888251 0.020000 0.016784
0 0.590000 0.924912 0.020000 0.015901
0 0.690000 0.925795 0.020000 0.015901
0 0.084375 0.888693 0.021250 0.015901
0 0.105000 0.925795 0.020000 0.015901
0 0.307500 0.887809 0.020000 0.015901
0 0.365000 0.814046 0.020000 0.018551
0 0.233750 0.407686 0.020000 0.018551
