0 0.503125 0.050054 0.031250 0.024758
0 0.410156 0.145318 0.020313 0.017223
0 0.183594 0.168999 0.020313 0.017223
0 0.339062 0.189989 0.018750 0.013994
0 0.307812 0.209365 0.018750 0.013994
0 0.225781 0.232508 0.017188 0.012917
0 0.257812 0.255113 0.018750 0.015070
0 0.382031 0.360065 0.020313 0.016146
0 0.183594 0.403122 0.020313 0.016146
0 0.650781 0.423036 0.020313 0.015070
0 0.753125 0.423036 0.021875 0.015070
0 0.425781 0.446179 0.020313 0.016146
0 0.258594 0.489774 0.017188 0.017223
0 0.732031 0.487083 0.017188 0.016146
0 0.942187 0.486545 0.018750 0.015070
0 0.266406 0.509688 0.017188 0.016146
0 0.257031 0.532293 0.017188 0.013994
