0 0.433000 0.108757 0.026000 0.025424
0 0.260000 0.169492 0.020000 0.022599
0 0.280000 0.223870 0.020000 0.024011
0 0.602000 0.224576 0.020000 0.022599
0 0.543000 0.252825 0.022000 0.019774
0 0.179000 0.279661 0.022000 0.019774
0 0.421000 0.307203 0.022000 0.018362
0 0.422000 0.391243 0.024000 0.019774
0 0.321000 0.418785 0.022000 0.021186
0 0.664000 0.417373 0.024000 0.021186
0 0.321000 0.446328 0.022000 0.019774
0 0.683000 0.474576 0.022000 0.019774
0 0.401000 0.584040 0.022000 0.021186
0 0.584000 0.612288 0.024000 0.021186
0 0.603000 0.640537 0.022000 0.021186
0 0.421000 0.668785 0.022000 0.018362
0 0.482000 0.669492 0.020000 0.019774
0 0.442000 0.697034 0.020000 0.018362
0 0.683000 0.697740 0.022000 0.019774
0 0.381000 0.724576 0.022000 0.019774
0 0.804000 0.723870 0.020000 0.018362
0 0.361000 0.780367 0.022000 0.021186
0 0.401000 0.807203 0.022000 0.018362
0 0.644000 0.835452 0.020000 0.018362
0 0.340000 0.863701 0.020000 0.021186
0 0.461000 0.891949 0.022000 0.021186
