0 0.076000 0.371105 0.016000 0.033994
0 0.183000 0.172805 0.018000 0.028329
0 0.291000 0.441926 0.018000 0.028329
0 0.290000 0.500000 0.016000 0.031161
0 0.277000 0.566572 0.018000 0.033994
0 0.390000 0.566572 0.016000 0.028329
0 0.378000 0.674221 0.016000 0.033994
0 0.541000 0.675637 0.018000 0.031161
0 0.269000 0.800283 0.018000 0.036827
0 0.760000 0.376771 0.016000 0.028329
0 0.776000 0.916431 0.016000 0.031161
0 0.887000 0.917847 0.018000 0.033994
0 0.256000 0.919263 0.020000 0.031161
0 0.292000 0.919263 0.016000 0.031161
