0 0.298462 0.360759 0.014359 0.043038
0 0.173846 0.532278 0.012308 0.036709
0 0.127436 0.592405 0.012821 0.040506
0 0.141795 0.591139 0.012821 0.032911
0 0.228462 0.592405 0.012821 0.043038
0 0.201282 0.650000 0.012821 0.039241
0 0.123590 0.706962 0.012308 0.036709
0 0.137436 0.710759 0.012308 0.036709
0 0.187692 0.767722 0.012308 0.044304
0 0.201795 0.768987 0.013846 0.041772
0 0.275897 0.767089 0.014359 0.043038
0 0.051538 0.825316 0.012821 0.037975
0 0.498718 0.744937 0.010769 0.039241
0 0.727436 0.746203 0.014872 0.044304
0 0.777949 0.807595 0.012308 0.045570
0 0.692051 0.863291 0.014872 0.043038
0 0.721026 0.862025 0.011282 0.037975
0 0.820256 0.862025 0.012821 0.040506
0 0.615385 0.917089 0.012308 0.039241
0 0.902051 0.921519 0.014359 0.040506
0 0.814359 0.021519 0.011282 0.032911
0 0.917949 0.026582 0.013333 0.043038
0 0.891282 0.082911 0.014359 0.036709
0 0.976923 0.077848 0.012308 0.039241
0 0.636154 0.138608 0.013846 0.036709
0 0.785641 0.196835 0.013333 0.041772
0 0.928718 0.194937 0.013333 0.037975
0 0.981538 0.201266 0.013333 0.050633
0 0.592051 0.252532 0.013846 0.036709
0 0.703077 0.257595 0.013333 0.041772
0 0.744872 0.255696 0.013846 0.040506
0 0.844615 0.579114 0.012308 0.034177
0 0.476154 0.977848 0.012821 0.036709
0 0.651026 0.977215 0.013846 0.037975
