0 0.467000 0.103814 0.022000 0.018362
0 0.702000 0.103814 0.024000 0.018362
0 0.655000 0.141243 0.022000 0.016949
0 0.797000 0.178672 0.022000 0.018362
0 0.260000 0.290254 0.020000 0.018362
0 0.350000 0.363701 0.024000 0.018362
0 0.349000 0.438559 0.022000 0.021186
0 0.350000 0.511299 0.024000 0.019774
0 0.373000 0.584746 0.022000 0.016949
0 0.325000 0.660311 0.022000 0.018362
0 0.467000 0.659605 0.022000 0.019774
0 0.467000 0.734463 0.022000 0.019774
0 0.443000 0.807910 0.022000 0.019774
0 0.373000 0.882062 0.022000 0.018362
