0 0.538462 0.126429 0.034739 0.024286
0 0.178660 0.163571 0.034739 0.024286
0 0.832506 0.161429 0.037221 0.022857
0 0.359801 0.196429 0.034739 0.024286
0 0.183623 0.232143 0.034739 0.021429
0 0.615385 0.267857 0.034739 0.024286
0 0.325062 0.302857 0.034739 0.020000
0 0.183623 0.337857 0.034739 0.021429
0 0.792804 0.337857 0.037221 0.021429
0 0.397022 0.373571 0.034739 0.021429
0 0.724566 0.373571 0.034739 0.024286
0 0.178660 0.443571 0.034739 0.021429
0 0.397022 0.512857 0.034739 0.022857
0 0.183623 0.585000 0.034739 0.021429
0 0.322581 0.620714 0.034739 0.024286
0 0.688586 0.622143 0.032258 0.021429
0 0.142680 0.727143 0.037221 0.022857
0 0.178660 0.761429 0.034739 0.022857
0 0.725806 0.761429 0.032258 0.022857
0 0.178660 0.797143 0.034739 0.022857
0 0.615385 0.796429 0.034739 0.021429
0 0.791563 0.904286 0.034739 0.025714
0 0.578164 0.373571 0.034739 0.021429
