0 0.535000 0.096751 0.018000 0.018362
0 0.769000 0.171610 0.018000 0.015537
0 0.706000 0.192797 0.016000 0.015537
0 0.441000 0.213983 0.018000 0.015537
0 0.195000 0.298729 0.018000 0.015537
0 0.547000 0.298729 0.018000 0.015537
0 0.583000 0.468220 0.018000 0.015537
0 0.371000 0.490113 0.018000 0.014124
0 0.601000 0.639124 0.018000 0.015537
0 0.689000 0.661017 0.018000 0.014124
0 0.265000 0.682203 0.018000 0.014124
0 0.637000 0.682203 0.018000 0.016949
0 0.583000 0.767655 0.018000 0.018362
0 0.407000 0.831921 0.018000 0.016949
0 0.319000 0.894774 0.018000 0.015537
0 0.513000 0.896186 0.018000 0.015537
