0 0.561000 0.123055 0.054000 0.045262
0 0.476000 0.245403 0.036000 0.029703
0 0.502000 0.379066 0.024000 0.022631
0 0.479000 0.413720 0.026000 0.024045
0 0.698000 0.447666 0.024000 0.024045
0 0.204000 0.478784 0.028000 0.026874
0 0.229000 0.579208 0.026000 0.024045
0 0.565000 0.579915 0.026000 0.019802
0 0.369000 0.612447 0.026000 0.022631
0 0.147000 0.644272 0.030000 0.021216
0 0.313000 0.647100 0.026000 0.021216
0 0.505000 0.646393 0.026000 0.019802
0 0.615000 0.647100 0.026000 0.021216
0 0.146000 0.679632 0.032000 0.024045
0 0.506000 0.682461 0.028000 0.024045
0 0.146000 0.712164 0.028000 0.024045
0 0.421000 0.846535 0.026000 0.024045
0 0.697000 0.847242 0.026000 0.022631
0 0.174000 0.880481 0.028000 0.026874
