0 0.261000 0.098303 0.018000 0.015559
0 0.564000 0.099010 0.020000 0.014144
0 0.441000 0.127298 0.018000 0.016973
0 0.256000 0.181754 0.020000 0.015559
0 0.417000 0.183168 0.018000 0.015559
0 0.558000 0.181754 0.020000 0.015559
0 0.673000 0.181754 0.018000 0.015559
0 0.788000 0.182461 0.016000 0.014144
0 0.434000 0.210042 0.020000 0.015559
0 0.708000 0.210042 0.016000 0.012730
0 0.257000 0.238331 0.018000 0.015559
0 0.620000 0.293494 0.020000 0.015559
0 0.292000 0.321782 0.020000 0.015559
0 0.261000 0.404526 0.018000 0.014144
0 0.665000 0.432815 0.018000 0.014144
0 0.439000 0.488685 0.018000 0.015559
0 0.638000 0.487270 0.020000 0.015559
0 0.257000 0.543140 0.018000 0.016973
0 0.439000 0.544554 0.018000 0.016973
0 0.677000 0.543847 0.018000 0.015559
0 0.263000 0.599010 0.022000 0.015559
0 0.544000 0.599010 0.020000 0.015559
0 0.717000 0.599010 0.018000 0.015559
0 0.241000 0.627298 0.018000 0.015559
0 0.383000 0.625884 0.018000 0.015559
0 0.657000 0.654880 0.018000 0.016973
0 0.200000 0.682461 0.020000 0.015559
0 0.259000 0.710750 0.018000 0.015559
0 0.180000 0.794201 0.020000 0.015559
0 0.259000 0.821782 0.018000 0.014144
0 0.341000 0.877652 0.018000 0.015559
