0 0.487000 0.103814 0.026000 0.021186
0 0.247000 0.225282 0.018000 0.015537
0 0.248000 0.243644 0.016000 0.015537
0 0.354000 0.242938 0.016000 0.014124
0 0.442000 0.242938 0.016000 0.014124
0 0.266000 0.261299 0.016000 0.014124
0 0.636000 0.280367 0.016000 0.015537
0 0.494000 0.391243 0.020000 0.014124
0 0.601000 0.391243 0.018000 0.014124
0 0.248000 0.427966 0.016000 0.014124
0 0.495000 0.557910 0.018000 0.014124
0 0.601000 0.557910 0.018000 0.014124
0 0.283000 0.742938 0.018000 0.014124
0 0.354000 0.761299 0.016000 0.014124
0 0.583000 0.761299 0.018000 0.014124
0 0.654000 0.779661 0.016000 0.014124
0 0.636000 0.854520 0.016000 0.014124
