0 0.518000 0.098089 0.036000 0.019115
0 0.201000 0.247988 0.034000 0.019115
0 0.387000 0.248994 0.038000 0.023139
0 0.686000 0.361670 0.040000 0.021127
0 0.537000 0.385815 0.034000 0.021127
0 0.177000 0.534205 0.038000 0.022133
0 0.364000 0.534708 0.032000 0.023139
0 0.372000 0.648893 0.036000 0.024145
0 0.555000 0.648893 0.038000 0.024145
0 0.481000 0.672535 0.034000 0.023139
0 0.667000 0.673541 0.038000 0.021127
0 0.351000 0.791247 0.038000 0.021127
0 0.389000 0.814889 0.038000 0.022133
0 0.128000 0.968813 0.036000 0.022133
