0 0.628000 0.145480 0.020000 0.025424
0 0.457000 0.182910 0.022000 0.018362
0 0.497000 0.220339 0.018000 0.022599
0 0.651000 0.218927 0.022000 0.022599
0 0.237000 0.369350 0.022000 0.021186
0 0.303000 0.406780 0.022000 0.019774
0 0.563000 0.441384 0.022000 0.021186
0 0.716000 0.514831 0.020000 0.024011
0 0.326000 0.551554 0.024000 0.021186
0 0.740000 0.627119 0.024000 0.019774
0 0.349000 0.664548 0.022000 0.021186
0 0.541000 0.700565 0.022000 0.019774
0 0.350000 0.740113 0.020000 0.022599
0 0.370000 0.851695 0.024000 0.019774
