0 0.473000 0.106638 0.034000 0.026836
0 0.286000 0.238701 0.016000 0.014124
0 0.509000 0.352401 0.014000 0.012712
0 0.361000 0.577684 0.014000 0.014124
0 0.333000 0.657486 0.014000 0.012712
0 0.436000 0.657486 0.016000 0.012712
0 0.479000 0.658192 0.014000 0.014124
0 0.523000 0.657486 0.014000 0.012712
0 0.303000 0.687147 0.014000 0.015537
0 0.303000 0.897599 0.014000 0.012712
0 0.383000 0.826271 0.014000 0.011299
0 0.521000 0.466102 0.014000 0.014124
0 0.506000 0.267655 0.016000 0.015537
0 0.477000 0.380650 0.014000 0.012712
0 0.521000 0.408192 0.014000 0.014124
0 0.492000 0.437853 0.016000 0.011299
0 0.667000 0.465395 0.014000 0.012712
0 0.610000 0.521893 0.016000 0.012712
