0 0.431000 0.104520 0.030000 0.025424
0 0.426000 0.178672 0.024000 0.018362
0 0.258000 0.214689 0.024000 0.019774
0 0.512000 0.216102 0.024000 0.022599
0 0.398000 0.252119 0.024000 0.018362
0 0.516000 0.251412 0.024000 0.019774
0 0.746000 0.251412 0.024000 0.022599
0 0.720000 0.289548 0.024000 0.019774
0 0.298000 0.622881 0.024000 0.022599
0 0.462000 0.622881 0.024000 0.022599
0 0.349000 0.695621 0.022000 0.021186
0 0.343000 0.732345 0.026000 0.018362
0 0.532000 0.734463 0.024000 0.019774
0 0.268000 0.770480 0.024000 0.021186
0 0.603000 0.807910 0.026000 0.022599
0 0.720000 0.806497 0.024000 0.022599
0 0.512000 0.844633 0.024000 0.019774
0 0.700000 0.844633 0.024000 0.019774
0 0.163000 0.882768 0.026000 0.022599
0 0.466000 0.881356 0.024000 0.022599
0 0.628000 0.880650 0.024000 0.021186
0 0.790000 0.882768 0.024000 0.022599
