0 0.135000 0.122614 0.014000 0.013216
0 0.182000 0.157856 0.016000 0.013216
0 0.166000 0.193833 0.016000 0.011747
0 0.213000 0.212922 0.014000 0.011747
0 0.152000 0.395742 0.016000 0.013216
0 0.571000 0.157122 0.014000 0.011747
0 0.828000 0.212922 0.016000 0.011747
0 0.587000 0.285609 0.014000 0.013216
0 0.571000 0.303231 0.014000 0.013216
0 0.642000 0.377386 0.016000 0.014684
0 0.572000 0.432452 0.016000 0.013216
0 0.572000 0.450073 0.016000 0.013216
0 0.864000 0.487518 0.016000 0.014684
0 0.619000 0.506608 0.014000 0.011747
0 0.510000 0.524963 0.016000 0.013216
0 0.721000 0.525698 0.018000 0.014684
0 0.895000 0.524229 0.014000 0.014684
0 0.690000 0.560940 0.016000 0.014684
0 0.229000 0.414097 0.018000 0.011747
0 0.701000 0.726138 0.014000 0.013216
0 0.145000 0.853157 0.014000 0.014684
0 0.324000 0.910426 0.016000 0.011747
0 0.096000 0.322320 0.016000 0.013216
0 0.228000 0.870778 0.016000 0.011747
0 0.232000 0.926579 0.016000 0.011747
0 0.812000 0.763583 0.016000 0.014684
0 0.748000 0.542584 0.016000 0.013216
0 0.897000 0.450073 0.022000 0.013216
0 0.736000 0.396476 0.016000 0.011747
0 0.684000 0.176211 0.016000 0.011747
