0 0.615000 0.098164 0.022000 0.021186
0 0.434000 0.225282 0.020000 0.015537
0 0.311000 0.247175 0.022000 0.019774
0 0.795000 0.247175 0.022000 0.019774
0 0.330000 0.269774 0.024000 0.016949
0 0.651000 0.266949 0.018000 0.019774
0 0.250000 0.289548 0.020000 0.019774
0 0.411000 0.353107 0.022000 0.016949
0 0.413000 0.375706 0.022000 0.019774
0 0.616000 0.375000 0.020000 0.015537
0 0.190000 0.396186 0.024000 0.018362
0 0.372000 0.396186 0.024000 0.018362
0 0.430000 0.396893 0.024000 0.016949
0 0.656000 0.461864 0.020000 0.019774
0 0.341000 0.588983 0.018000 0.016949
