0 0.251000 0.100282 0.018000 0.019774
0 0.268000 0.194209 0.024000 0.018362
0 0.303000 0.247881 0.030000 0.024011
0 0.263000 0.299435 0.018000 0.019774
0 0.348000 0.300847 0.024000 0.022599
0 0.251000 0.354520 0.018000 0.019774
0 0.375000 0.569915 0.018000 0.018362
0 0.660000 0.568503 0.020000 0.018362
0 0.301000 0.604520 0.018000 0.016949
0 0.265000 0.658898 0.018000 0.018362
0 0.552000 0.658898 0.020000 0.018362
0 0.159000 0.697740 0.018000 0.022599
0 0.675000 0.749294 0.018000 0.018362
0 0.370000 0.748588 0.020000 0.022599
0 0.241000 0.786723 0.018000 0.019774
0 0.263000 0.840395 0.018000 0.016949
0 0.568000 0.840395 0.016000 0.016949
0 0.247000 0.877825 0.018000 0.021186
