0 0.600129 0.043419 0.037468 0.030165
0 0.463824 0.205210 0.025840 0.021024
0 0.361111 0.315814 0.016796 0.011883
0 0.393411 0.316728 0.016796 0.011883
0 0.269380 0.343236 0.014212 0.013711
0 0.335271 0.369744 0.016796 0.011883
0 0.335271 0.396252 0.016796 0.011883
0 0.335271 0.449269 0.016796 0.011883
0 0.335271 0.502742 0.016796 0.012797
0 0.270026 0.555302 0.015504 0.011883
0 0.618217 0.581353 0.016796 0.012797
0 0.549742 0.661335 0.016796 0.011883
0 0.566537 0.687843 0.016796 0.011883
0 0.430879 0.846892 0.016796 0.011883
0 0.813953 0.846892 0.018088 0.011883
