0 0.616000 0.134278 0.032000 0.022942
0 0.120000 0.507422 0.020000 0.013495
0 0.065000 0.526316 0.018000 0.013495
0 0.138000 0.599865 0.020000 0.012146
0 0.354000 0.597841 0.020000 0.013495
0 0.409000 0.634953 0.018000 0.014845
0 0.140000 0.655870 0.020000 0.013495
0 0.444000 0.653846 0.020000 0.014845
0 0.184000 0.674089 0.020000 0.014845
0 0.194000 0.710526 0.020000 0.014845
0 0.401000 0.727395 0.018000 0.013495
0 0.268000 0.820513 0.020000 0.016194
0 0.697000 0.543860 0.018000 0.013495
0 0.915000 0.561404 0.022000 0.016194
0 0.733000 0.673414 0.018000 0.013495
0 0.517000 0.694332 0.022000 0.014845
0 0.689000 0.693657 0.018000 0.016194
0 0.700000 0.730094 0.020000 0.013495
0 0.879000 0.728070 0.018000 0.014845
0 0.916000 0.747638 0.020000 0.016194
0 0.771000 0.766532 0.018000 0.013495
0 0.712000 0.858974 0.020000 0.014845
0 0.900000 0.913630 0.020000 0.016194
0 0.269000 0.206478 0.014000 0.013495
0 0.255000 0.222672 0.014000 0.010796
0 0.517000 0.206478 0.014000 0.010796
0 0.813000 0.206478 0.014000 0.010796
0 0.638000 0.222672 0.016000 0.010796
0 0.377000 0.240216 0.014000 0.010796
0 0.470000 0.240891 0.012000 0.012146
0 0.299000 0.257085 0.014000 0.012146
0 0.377000 0.257085 0.014000 0.012146
