0 0.458000 0.103424 0.028000 0.021398
0 0.546000 0.201141 0.024000 0.019971
0 0.566000 0.227532 0.024000 0.021398
0 0.764000 0.228245 0.024000 0.019971
0 0.618000 0.255350 0.024000 0.019971
0 0.419000 0.281027 0.022000 0.019971
0 0.647000 0.308845 0.022000 0.024251
0 0.394000 0.360913 0.024000 0.022825
0 0.698000 0.360200 0.020000 0.021398
0 0.192000 0.413695 0.024000 0.019971
0 0.647000 0.439372 0.022000 0.019971
0 0.419000 0.465050 0.026000 0.019971
0 0.647000 0.466476 0.022000 0.022825
0 0.548000 0.530670 0.024000 0.022825
0 0.842000 0.530670 0.024000 0.019971
0 0.445000 0.556348 0.026000 0.019971
0 0.445000 0.584165 0.026000 0.021398
0 0.446000 0.609130 0.024000 0.019971
0 0.508000 0.636234 0.024000 0.022825
0 0.685000 0.636947 0.026000 0.021398
0 0.392000 0.662625 0.024000 0.021398
0 0.344000 0.688302 0.024000 0.021398
0 0.521000 0.689729 0.022000 0.021398
0 0.697000 0.716120 0.022000 0.022825
0 0.494000 0.768902 0.024000 0.019971
0 0.723000 0.769615 0.022000 0.024251
0 0.496000 0.794579 0.024000 0.019971
0 0.470000 0.820970 0.024000 0.021398
0 0.395000 0.848787 0.026000 0.022825
0 0.545000 0.847361 0.022000 0.022825
0 0.790000 0.849501 0.024000 0.024251
0 0.217000 0.875178 0.026000 0.024251
0 0.550000 0.135521 0.028000 0.022825
0 0.486000 0.387304 0.024000 0.021398
