0 0.599375 0.127208 0.036250 0.028269
0 0.321250 0.165636 0.025000 0.015018
0 0.650000 0.165194 0.022500 0.017668
0 0.344375 0.238958 0.021250 0.016784
0 0.696250 0.239841 0.022500 0.018551
0 0.439375 0.276943 0.023750 0.018551
0 0.296875 0.313604 0.021250 0.017668
0 0.509375 0.312721 0.021250 0.017668
0 0.429375 0.350707 0.021250 0.017668
0 0.571875 0.351148 0.023750 0.016784
0 0.426875 0.423587 0.021250 0.016784
0 0.544375 0.424028 0.021250 0.017668
0 0.661875 0.424028 0.021250 0.017668
0 0.344375 0.609541 0.021250 0.017668
