0 0.417000 0.096751 0.018000 0.015537
0 0.760000 0.214689 0.016000 0.014124
0 0.389000 0.235876 0.018000 0.016949
0 0.655000 0.257062 0.018000 0.014124
0 0.220000 0.277542 0.016000 0.015537
0 0.820000 0.278955 0.016000 0.015537
0 0.337000 0.300141 0.018000 0.015537
0 0.424000 0.300847 0.016000 0.016949
0 0.221000 0.321328 0.018000 0.015537
0 0.159000 0.341808 0.018000 0.014124
0 0.494000 0.341808 0.020000 0.014124
0 0.249000 0.427966 0.018000 0.016949
0 0.443000 0.427260 0.018000 0.012712
0 0.690000 0.427966 0.020000 0.016949
0 0.759000 0.427966 0.018000 0.016949
0 0.547000 0.448446 0.018000 0.015537
0 0.442000 0.514124 0.016000 0.016949
0 0.601000 0.512712 0.018000 0.016949
0 0.159000 0.534605 0.018000 0.018362
0 0.557000 0.555085 0.018000 0.016949
0 0.654000 0.576977 0.016000 0.015537
0 0.707000 0.597458 0.018000 0.014124
0 0.601000 0.661017 0.018000 0.014124
0 0.583000 0.704096 0.018000 0.012712
0 0.549000 0.725282 0.018000 0.015537
0 0.425000 0.746469 0.018000 0.012712
0 0.266000 0.766949 0.020000 0.014124
0 0.213000 0.384887 0.018000 0.012712
