0 0.409000 0.127825 0.034000 0.024011
0 0.433000 0.189266 0.022000 0.016949
0 0.353000 0.216102 0.022000 0.016949
0 0.716000 0.216808 0.020000 0.015537
0 0.209000 0.246469 0.022000 0.015537
0 0.433000 0.246469 0.022000 0.018362
0 0.572000 0.245763 0.020000 0.019774
0 0.413000 0.275424 0.022000 0.016949
0 0.673000 0.275424 0.018000 0.019774
0 0.210000 0.303672 0.020000 0.016949
0 0.433000 0.334040 0.018000 0.018362
0 0.817000 0.334040 0.022000 0.018362
0 0.374000 0.391243 0.020000 0.016949
0 0.332000 0.427260 0.020000 0.018362
0 0.474000 0.427966 0.020000 0.016949
0 0.675000 0.427966 0.022000 0.019774
0 0.333000 0.673023 0.022000 0.021186
0 0.615000 0.702684 0.022000 0.018362
0 0.373000 0.732345 0.022000 0.015537
0 0.554000 0.732345 0.020000 0.018362
0 0.575000 0.790254 0.022000 0.018362
0 0.766000 0.790254 0.020000 0.021186
0 0.272000 0.819915 0.020000 0.018362
0 0.252000 0.848164 0.020000 0.018362
0 0.534000 0.848870 0.020000 0.019774
0 0.292000 0.877119 0.020000 0.019774
0 0.392000 0.935028 0.020000 0.019774
0 0.494000 0.875000 0.020000 0.015537
