0 0.560000 0.103814 0.028000 0.026836
0 0.513000 0.175847 0.026000 0.024011
0 0.665000 0.211864 0.030000 0.019774
0 0.191000 0.286723 0.026000 0.022599
0 0.620000 0.435028 0.028000 0.019774
0 0.424000 0.471751 0.028000 0.019774
0 0.245000 0.509887 0.026000 0.022599
0 0.504000 0.509887 0.028000 0.022599
0 0.460000 0.547316 0.028000 0.024011
0 0.638000 0.546610 0.028000 0.019774
0 0.353000 0.657486 0.026000 0.021186
0 0.558000 0.657486 0.028000 0.021186
0 0.820000 0.657486 0.032000 0.024011
0 0.163000 0.731638 0.030000 0.022599
0 0.397000 0.731638 0.026000 0.022599
0 0.524000 0.731638 0.028000 0.025424
0 0.245000 0.767655 0.030000 0.021186
0 0.675000 0.769068 0.026000 0.021186
0 0.488000 0.879944 0.028000 0.022599
