0 0.735000 0.152051 0.022000 0.018388
0 0.560000 0.263083 0.020000 0.016973
0 0.257000 0.318246 0.018000 0.014144
0 0.418000 0.318953 0.020000 0.015559
0 0.559000 0.318246 0.018000 0.014144
0 0.681000 0.317539 0.022000 0.015559
0 0.782000 0.318246 0.020000 0.014144
0 0.176000 0.346535 0.020000 0.016973
0 0.439000 0.345827 0.018000 0.015559
0 0.519000 0.346535 0.018000 0.016973
0 0.397000 0.401697 0.018000 0.016973
0 0.257000 0.511315 0.018000 0.015559
0 0.418000 0.512023 0.020000 0.016973
0 0.560000 0.511315 0.020000 0.015559
0 0.681000 0.512730 0.018000 0.015559
0 0.782000 0.512023 0.020000 0.014144
0 0.216000 0.541018 0.020000 0.015559
0 0.782000 0.567893 0.020000 0.015559
0 0.378000 0.677511 0.020000 0.016973
0 0.560000 0.678925 0.020000 0.016973
0 0.609000 0.734795 0.018000 0.018388
0 0.440000 0.900283 0.020000 0.015559
