0 0.516000 0.089109 0.024000 0.019802
0 0.435000 0.403112 0.022000 0.016973
0 0.622000 0.402405 0.020000 0.018388
0 0.789000 0.402405 0.022000 0.018388
0 0.293000 0.427864 0.022000 0.018388
0 0.517000 0.454738 0.022000 0.018388
0 0.307000 0.506365 0.022000 0.016973
0 0.265000 0.532532 0.022000 0.018388
0 0.311000 0.584866 0.022000 0.018388
0 0.381000 0.663366 0.022000 0.016973
0 0.153000 0.689533 0.022000 0.018388
0 0.175000 0.714993 0.022000 0.018388
0 0.716000 0.715700 0.020000 0.016973
0 0.382000 0.767327 0.020000 0.018388
0 0.688000 0.767327 0.020000 0.018388
0 0.300000 0.846535 0.020000 0.018388
0 0.641000 0.898868 0.022000 0.018388
