0 0.241000 0.140537 0.022000 0.021186
0 0.324000 0.190678 0.024000 0.019774
0 0.282000 0.233757 0.024000 0.024011
0 0.635000 0.280367 0.022000 0.018362
0 0.372000 0.324859 0.024000 0.025424
0 0.714000 0.326977 0.020000 0.021186
0 0.715000 0.372175 0.022000 0.021186
0 0.393000 0.408192 0.022000 0.016949
0 0.734000 0.408192 0.020000 0.025424
0 0.473000 0.453390 0.022000 0.022599
0 0.575000 0.453390 0.022000 0.022599
0 0.353000 0.534605 0.022000 0.021186
0 0.655000 0.534605 0.022000 0.026836
0 0.221000 0.568503 0.022000 0.018362
0 0.716000 0.615819 0.024000 0.022599
0 0.503000 0.684322 0.022000 0.024011
0 0.312000 0.765537 0.024000 0.022599
0 0.625000 0.834040 0.022000 0.024011
0 0.766000 0.833333 0.020000 0.028249
0 0.222000 0.870056 0.020000 0.022599
0 0.402000 0.869350 0.020000 0.021186
