0 0.394000 0.280367 0.020000 0.015537
0 0.269000 0.322034 0.022000 0.019774
0 0.428000 0.338983 0.020000 0.016949
0 0.771000 0.337571 0.018000 0.019774
0 0.517000 0.356638 0.018000 0.021186
0 0.588000 0.397599 0.020000 0.018362
0 0.446000 0.415960 0.020000 0.018362
0 0.198000 0.459040 0.020000 0.016949
0 0.357000 0.459040 0.018000 0.019774
0 0.212000 0.483051 0.020000 0.019774
0 0.300000 0.483051 0.020000 0.016949
0 0.269000 0.508475 0.018000 0.016949
0 0.393000 0.508475 0.018000 0.016949
0 0.327000 0.532486 0.018000 0.016949
0 0.733000 0.581215 0.018000 0.018362
0 0.540000 0.605932 0.020000 0.016949
0 0.653000 0.604520 0.018000 0.016949
0 0.415000 0.630650 0.018000 0.018362
0 0.428000 0.653955 0.020000 0.019774
0 0.781000 0.653955 0.018000 0.019774
0 0.376000 0.694915 0.020000 0.019774
0 0.816000 0.695621 0.016000 0.021186
0 0.410000 0.714689 0.020000 0.016949
0 0.197000 0.757062 0.022000 0.016949
0 0.446000 0.757062 0.020000 0.019774
0 0.671000 0.806497 0.018000 0.016949
0 0.446000 0.846751 0.020000 0.018362
0 0.569000 0.848164 0.018000 0.018362
0 0.569000 0.864407 0.018000 0.016949
0 0.627000 0.889124 0.018000 0.018362
