0 0.463000 0.103814 0.034000 0.029661
0 0.583000 0.177966 0.022000 0.022599
0 0.492000 0.275424 0.024000 0.016949
0 0.347000 0.299435 0.022000 0.016949
0 0.463000 0.324859 0.018000 0.016949
0 0.758000 0.322740 0.024000 0.018362
0 0.646000 0.389831 0.020000 0.016949
0 0.362000 0.437147 0.020000 0.015537
0 0.222000 0.460452 0.020000 0.016949
0 0.605000 0.461158 0.018000 0.015537
0 0.483000 0.484463 0.018000 0.016949
0 0.726000 0.509181 0.020000 0.018362
0 0.201000 0.531780 0.018000 0.015537
0 0.431000 0.891243 0.014000 0.014124
0 0.264000 0.905367 0.016000 0.014124
0 0.567000 0.905367 0.018000 0.014124
0 0.643000 0.920904 0.014000 0.014124
0 0.521000 0.920198 0.014000 0.012712
0 0.763000 0.920904 0.014000 0.014124
0 0.544000 0.252119 0.020000 0.015537
0 0.363000 0.533192 0.018000 0.018362
