0 0.437000 0.103814 0.026000 0.024011
0 0.250000 0.216808 0.024000 0.018362
0 0.519000 0.253531 0.018000 0.012712
0 0.251000 0.289548 0.022000 0.019774
0 0.298000 0.289548 0.024000 0.019774
0 0.441000 0.290960 0.018000 0.014124
0 0.580000 0.289548 0.024000 0.016949
0 0.689000 0.290254 0.018000 0.015537
0 0.826000 0.289548 0.024000 0.019774
0 0.210000 0.326271 0.024000 0.019774
0 0.298000 0.364407 0.024000 0.019774
0 0.342000 0.401130 0.020000 0.014124
0 0.649000 0.401836 0.022000 0.015537
0 0.251000 0.437147 0.022000 0.018362
0 0.345000 0.436441 0.022000 0.019774
0 0.586000 0.437853 0.024000 0.019774
0 0.680000 0.437147 0.024000 0.021186
0 0.204000 0.474576 0.024000 0.022599
0 0.463000 0.474576 0.022000 0.019774
0 0.337000 0.584746 0.022000 0.019774
0 0.643000 0.585452 0.022000 0.018362
0 0.425000 0.622175 0.022000 0.018362
0 0.204000 0.660311 0.024000 0.021186
0 0.467000 0.697034 0.022000 0.021186
0 0.611000 0.733757 0.022000 0.018362
0 0.226000 0.844633 0.024000 0.016949
0 0.533000 0.881356 0.022000 0.019774
