0 0.300000 0.100309 0.020000 0.018519
0 0.407000 0.119599 0.018000 0.013889
0 0.191000 0.140432 0.018000 0.018519
0 0.281000 0.138889 0.018000 0.015432
0 0.373000 0.162037 0.018000 0.018519
0 0.821000 0.161265 0.018000 0.020062
0 0.209000 0.182099 0.018000 0.015432
0 0.281000 0.223765 0.018000 0.018519
0 0.371000 0.222222 0.018000 0.015432
0 0.443000 0.243827 0.018000 0.015432
0 0.371000 0.263889 0.018000 0.015432
0 0.731000 0.264660 0.018000 0.016975
0 0.821000 0.265432 0.018000 0.018519
0 0.444000 0.283951 0.016000 0.015432
0 0.335000 0.306327 0.018000 0.016975
0 0.691000 0.306327 0.018000 0.020062
0 0.245000 0.326389 0.018000 0.020062
0 0.299000 0.327160 0.018000 0.018519
0 0.408000 0.326389 0.020000 0.020062
0 0.569000 0.347222 0.018000 0.015432
0 0.623000 0.347222 0.018000 0.018519
0 0.191000 0.388889 0.018000 0.018519
0 0.623000 0.389660 0.018000 0.016975
0 0.379000 0.410494 0.018000 0.018519
0 0.812000 0.410494 0.020000 0.018519
0 0.191000 0.472222 0.018000 0.021605
0 0.174000 0.512346 0.016000 0.018519
0 0.681000 0.615741 0.018000 0.015432
0 0.771000 0.617284 0.018000 0.018519
0 0.245000 0.678241 0.018000 0.016975
0 0.263000 0.678241 0.018000 0.016975
0 0.173000 0.802469 0.018000 0.015432
0 0.192000 0.802469 0.020000 0.015432
0 0.677000 0.802469 0.018000 0.015432
0 0.371000 0.843364 0.018000 0.020062
0 0.408000 0.864969 0.020000 0.016975
0 0.461000 0.864969 0.018000 0.016975
0 0.154000 0.243827 0.020000 0.018519
