0 0.325000 0.428767 0.022000 0.035616
0 0.393000 0.431507 0.022000 0.035616
0 0.371000 0.613699 0.022000 0.032877
0 0.440000 0.613699 0.020000 0.032877
0 0.370000 0.715068 0.020000 0.032877
0 0.439000 0.715068 0.022000 0.032877
0 0.113000 0.726027 0.022000 0.032877
0 0.181000 0.726027 0.022000 0.038356
0 0.771000 0.542466 0.022000 0.032877
0 0.838000 0.545205 0.020000 0.032877
0 0.723000 0.802740 0.026000 0.032877
0 0.724000 0.832877 0.020000 0.032877
0 0.846000 0.812329 0.020000 0.030137
0 0.914000 0.813699 0.020000 0.032877
