0 0.296000 0.206921 0.020000 0.021186
0 0.663000 0.236582 0.018000 0.021186
0 0.629000 0.262712 0.018000 0.019774
0 0.651000 0.370763 0.018000 0.021186
0 0.402000 0.406073 0.020000 0.018362
0 0.456000 0.431497 0.020000 0.018362
0 0.741000 0.431497 0.018000 0.021186
0 0.386000 0.512006 0.020000 0.018362
0 0.670000 0.512006 0.020000 0.018362
0 0.802000 0.511299 0.020000 0.019774
0 0.346000 0.600282 0.020000 0.016949
0 0.572000 0.599576 0.020000 0.018362
0 0.588000 0.622881 0.020000 0.019774
0 0.159000 0.652542 0.022000 0.019774
0 0.441000 0.651836 0.018000 0.015537
0 0.367000 0.706921 0.018000 0.018362
0 0.197000 0.734463 0.018000 0.016949
0 0.292000 0.790960 0.020000 0.019774
0 0.460000 0.873588 0.020000 0.018362
0 0.687000 0.874294 0.018000 0.016949
