0 0.411374 0.135036 0.028065 0.072993
0 0.788774 0.116788 0.014771 0.043796
0 0.717134 0.930657 0.016248 0.043796
0 0.161743 0.406934 0.013294 0.040146
0 0.119645 0.478102 0.011817 0.043796
0 0.117430 0.549270 0.010340 0.040146
0 0.422452 0.589416 0.011817 0.040146
0 0.121123 0.622263 0.011817 0.032847
0 0.139586 0.660584 0.010340 0.036496
0 0.091581 0.698905 0.011817 0.032847
0 0.118168 0.770073 0.011817 0.036496
0 0.254801 0.770073 0.013294 0.036496
0 0.392910 0.773723 0.011817 0.043796
0 0.081241 0.806569 0.011817 0.043796
0 0.188331 0.844891 0.010340 0.040146
0 0.459380 0.844891 0.011817 0.047445
0 0.956425 0.886861 0.025111 0.065693
0 0.245199 0.662409 0.011817 0.032847
