0 0.490000 0.099576 0.020000 0.018362
0 0.424000 0.375706 0.020000 0.016949
0 0.292000 0.459746 0.020000 0.015537
0 0.645000 0.487288 0.018000 0.016949
0 0.322000 0.542373 0.020000 0.016949
0 0.262000 0.571328 0.020000 0.015537
0 0.444000 0.571328 0.020000 0.015537
0 0.645000 0.569915 0.018000 0.015537
0 0.816000 0.627119 0.020000 0.016949
0 0.373000 0.682910 0.022000 0.015537
0 0.342000 0.709746 0.020000 0.015537
0 0.274000 0.737288 0.020000 0.016949
0 0.544000 0.765537 0.020000 0.016949
0 0.257000 0.793785 0.022000 0.016949
0 0.778000 0.877119 0.020000 0.016949
