0 0.328000 0.103814 0.024000 0.021186
0 0.433000 0.178672 0.022000 0.018362
0 0.492000 0.252825 0.024000 0.019774
0 0.257000 0.253531 0.022000 0.018362
0 0.269000 0.177966 0.022000 0.016949
0 0.186000 0.289548 0.024000 0.016949
0 0.328000 0.289548 0.024000 0.019774
0 0.257000 0.362994 0.022000 0.016949
0 0.727000 0.362994 0.022000 0.019774
0 0.492000 0.400424 0.024000 0.018362
0 0.798000 0.400424 0.024000 0.018362
0 0.445000 0.512006 0.022000 0.018362
0 0.375000 0.548729 0.022000 0.018362
0 0.257000 0.697740 0.022000 0.019774
