0 0.384000 0.038925 0.044000 0.031798
0 0.364000 0.090461 0.028000 0.020833
0 0.230000 0.112390 0.028000 0.020833
0 0.677000 0.113487 0.030000 0.023026
0 0.287000 0.133772 0.030000 0.019737
0 0.517000 0.134320 0.030000 0.023026
0 0.143000 0.157346 0.030000 0.020833
0 0.658000 0.156250 0.032000 0.020833
0 0.299000 0.296053 0.030000 0.019737
0 0.082000 0.402412 0.032000 0.024123
0 0.198000 0.445724 0.028000 0.020833
0 0.143000 0.488487 0.030000 0.020833
0 0.081000 0.508224 0.034000 0.018640
0 0.416000 0.530702 0.032000 0.021930
0 0.386000 0.574561 0.032000 0.021930
0 0.140000 0.634868 0.028000 0.021930
0 0.197000 0.680373 0.030000 0.018640
0 0.563000 0.293860 0.030000 0.028509
0 0.868000 0.316886 0.032000 0.021930
0 0.739000 0.402412 0.030000 0.019737
0 0.899000 0.403509 0.030000 0.017544
0 0.356000 0.722039 0.032000 0.018640
0 0.080000 0.765899 0.032000 0.020833
0 0.250000 0.786184 0.032000 0.019737
0 0.418000 0.787281 0.032000 0.024123
0 0.214000 0.871711 0.028000 0.021930
0 0.334000 0.934759 0.032000 0.020833
0 0.141000 0.956689 0.030000 0.023026
0 0.668000 0.942982 0.028000 0.019737
0 0.712000 0.792763 0.028000 0.017544
0 0.784000 0.651864 0.076000 0.038377
0 0.798000 0.508772 0.044000 0.024123
