0 0.523000 0.084746 0.022000 0.019774
0 0.287000 0.181497 0.018000 0.015537
0 0.504000 0.205508 0.020000 0.015537
0 0.180000 0.229520 0.020000 0.018362
0 0.540000 0.229520 0.020000 0.018362
0 0.303000 0.275424 0.018000 0.016949
0 0.806000 0.275424 0.020000 0.016949
0 0.308000 0.324859 0.020000 0.016949
0 0.268000 0.348164 0.020000 0.015537
0 0.360000 0.395480 0.020000 0.016949
0 0.160000 0.418785 0.020000 0.015537
0 0.464000 0.418785 0.020000 0.015537
0 0.839000 0.418785 0.018000 0.015537
0 0.757000 0.490113 0.018000 0.016949
0 0.308000 0.537429 0.020000 0.021186
0 0.610000 0.561441 0.020000 0.018362
0 0.443000 0.609463 0.022000 0.015537
0 0.418000 0.632062 0.020000 0.015537
0 0.259000 0.656073 0.022000 0.015537
0 0.738000 0.655367 0.020000 0.016949
0 0.717000 0.679379 0.018000 0.016949
0 0.758000 0.703390 0.020000 0.016949
0 0.242000 0.750706 0.020000 0.015537
0 0.580000 0.798729 0.020000 0.018362
0 0.160000 0.823446 0.024000 0.016949
0 0.478000 0.846045 0.020000 0.016949
0 0.657000 0.585452 0.022000 0.015537
