0 0.554000 0.105226 0.036000 0.029661
0 0.373000 0.179379 0.026000 0.019774
0 0.656000 0.216102 0.024000 0.019774
0 0.302000 0.326271 0.024000 0.019774
0 0.538000 0.326977 0.024000 0.018362
0 0.278000 0.363701 0.024000 0.018362
0 0.560000 0.363701 0.024000 0.018362
0 0.468000 0.437853 0.024000 0.019774
0 0.326000 0.512006 0.024000 0.018362
0 0.537000 0.549435 0.026000 0.019774
0 0.302000 0.586158 0.024000 0.019774
0 0.726000 0.586158 0.024000 0.019774
0 0.326000 0.622175 0.024000 0.018362
0 0.514000 0.622175 0.024000 0.018362
0 0.326000 0.733757 0.024000 0.018362
0 0.278000 0.770480 0.024000 0.018362
0 0.608000 0.771186 0.024000 0.019774
0 0.279000 0.808616 0.022000 0.018362
0 0.796000 0.807910 0.024000 0.019774
0 0.526000 0.881356 0.024000 0.019774
