0 0.517500 0.075530 0.020000 0.015018
0 0.298125 0.368816 0.018750 0.016784
0 0.302500 0.391784 0.017500 0.015018
0 0.403125 0.391784 0.018750 0.015018
0 0.504375 0.391784 0.018750 0.015018
0 0.324375 0.409894 0.018750 0.014134
0 0.264375 0.447880 0.018750 0.015901
0 0.243125 0.522527 0.018750 0.016784
0 0.405625 0.558304 0.018750 0.015901
0 0.305000 0.670053 0.017500 0.016784
0 0.708125 0.706714 0.018750 0.017668
0 0.465625 0.725265 0.018750 0.015901
0 0.646875 0.725707 0.018750 0.016784
0 0.748750 0.762367 0.020000 0.015901
0 0.566875 0.781360 0.018750 0.015018
0 0.768125 0.781360 0.018750 0.016784
0 0.708125 0.818021 0.018750 0.015901
0 0.627500 0.855565 0.017500 0.016784
