0 0.505000 0.104167 0.022000 0.020062
0 0.476000 0.141204 0.020000 0.016975
0 0.312000 0.164352 0.020000 0.016975
0 0.257000 0.185957 0.018000 0.016975
0 0.458000 0.185957 0.020000 0.016975
0 0.298000 0.209105 0.020000 0.016975
0 0.463000 0.209105 0.018000 0.016975
0 0.404000 0.230710 0.020000 0.016975
0 0.243000 0.253858 0.018000 0.016975
0 0.353000 0.254630 0.018000 0.018519
0 0.381000 0.277006 0.018000 0.016975
0 0.390000 0.427469 0.020000 0.018519
0 0.737000 0.449846 0.018000 0.016975
0 0.243000 0.472222 0.018000 0.018519
0 0.307000 0.494599 0.018000 0.016975
0 0.545000 0.564043 0.018000 0.016975
0 0.691000 0.563272 0.018000 0.015432
0 0.508000 0.585648 0.020000 0.016975
0 0.344000 0.608796 0.020000 0.016975
0 0.673000 0.609568 0.018000 0.018519
0 0.509000 0.631173 0.018000 0.015432
0 0.765000 0.631944 0.018000 0.016975
0 0.385000 0.655093 0.018000 0.016975
0 0.710000 0.676698 0.020000 0.016975
0 0.203000 0.744599 0.018000 0.016975
0 0.207000 0.767747 0.018000 0.016975
0 0.261000 0.866512 0.018000 0.016975
