0 0.481000 0.110876 0.034000 0.032486
0 0.630000 0.351695 0.024000 0.019774
0 0.210000 0.425847 0.024000 0.018362
0 0.388000 0.564972 0.020000 0.016949
0 0.628000 0.584040 0.020000 0.018362
0 0.806000 0.583333 0.020000 0.019774
0 0.623000 0.657486 0.018000 0.015537
0 0.471000 0.694209 0.018000 0.015537
0 0.418000 0.769068 0.020000 0.015537
0 0.596000 0.769068 0.020000 0.015537
0 0.240000 0.787429 0.020000 0.015537
0 0.334000 0.787429 0.020000 0.015537
0 0.490000 0.564972 0.020000 0.016949
0 0.300000 0.860169 0.020000 0.016949
