0 0.349000 0.127119 0.022000 0.019774
0 0.732000 0.191384 0.024000 0.021186
0 0.341000 0.216102 0.022000 0.019774
0 0.560000 0.248588 0.024000 0.016949
0 0.395000 0.305791 0.022000 0.018362
0 0.795000 0.306497 0.022000 0.016949
0 0.337000 0.331921 0.022000 0.016949
0 0.267000 0.364407 0.022000 0.016949
0 0.431000 0.396186 0.022000 0.018362
0 0.879000 0.396186 0.022000 0.018362
0 0.243000 0.421610 0.022000 0.018362
0 0.784000 0.420904 0.020000 0.016949
0 0.314000 0.473164 0.024000 0.016949
0 0.478000 0.473870 0.024000 0.018362
0 0.855000 0.473164 0.022000 0.019774
0 0.337000 0.498588 0.022000 0.016949
0 0.195000 0.524718 0.022000 0.018362
0 0.502000 0.525424 0.024000 0.016949
0 0.596000 0.525424 0.024000 0.019774
