0 0.123000 0.067715 0.022000 0.015048
0 0.198000 0.105335 0.020000 0.016416
0 0.414000 0.122435 0.020000 0.015048
0 0.103000 0.196990 0.018000 0.013680
0 0.257000 0.233926 0.018000 0.013680
0 0.178000 0.307798 0.020000 0.013680
0 0.141000 0.345417 0.018000 0.017784
0 0.451000 0.362517 0.018000 0.016416
0 0.347000 0.382353 0.018000 0.015048
0 0.488000 0.495896 0.020000 0.015048
0 0.218000 0.534200 0.020000 0.015048
0 0.353000 0.534200 0.018000 0.015048
0 0.422000 0.553352 0.020000 0.015048
0 0.401000 0.590287 0.018000 0.015048
0 0.215000 0.627907 0.018000 0.016416
0 0.446000 0.647743 0.020000 0.017784
0 0.177000 0.722982 0.018000 0.015048
0 0.725000 0.921341 0.014000 0.012312
0 0.785000 0.068399 0.018000 0.016416
0 0.805000 0.355677 0.018000 0.016416
0 0.675000 0.374145 0.018000 0.015048
0 0.713000 0.393981 0.018000 0.016416
0 0.803000 0.432285 0.018000 0.016416
0 0.619000 0.490424 0.018000 0.015048
0 0.757000 0.854309 0.018000 0.017784
0 0.260000 0.178523 0.020000 0.012312
0 0.563000 0.087551 0.018000 0.016416
0 0.562000 0.144323 0.020000 0.015048
0 0.124000 0.458960 0.020000 0.015048
0 0.563000 0.663475 0.018000 0.016416
