0 0.608000 0.112641 0.040000 0.030038
0 0.484000 0.150188 0.032000 0.020025
0 0.411000 0.260325 0.014000 0.012516
0 0.157000 0.279099 0.014000 0.012516
0 0.618000 0.279099 0.016000 0.012516
0 0.092000 0.297247 0.016000 0.013767
0 0.318000 0.316646 0.016000 0.012516
0 0.456000 0.396746 0.020000 0.015019
0 0.097000 0.418023 0.022000 0.015019
0 0.380000 0.479975 0.020000 0.016270
0 0.097000 0.520651 0.022000 0.017522
0 0.389000 0.541927 0.022000 0.017522
0 0.227000 0.562578 0.022000 0.016270
0 0.434000 0.561327 0.024000 0.016270
0 0.120000 0.602628 0.020000 0.016270
0 0.243000 0.675845 0.026000 0.020025
0 0.532000 0.397997 0.024000 0.015019
0 0.631000 0.417397 0.022000 0.016270
0 0.774000 0.499374 0.020000 0.017522
0 0.642000 0.520651 0.020000 0.015019
0 0.599000 0.541927 0.022000 0.015019
0 0.577000 0.561327 0.022000 0.016270
0 0.052000 0.747184 0.020000 0.015019
0 0.377000 0.767209 0.022000 0.015019
0 0.359000 0.787860 0.022000 0.013767
0 0.184000 0.829787 0.020000 0.015019
0 0.140000 0.869212 0.020000 0.016270
0 0.446000 0.891740 0.020000 0.016270
0 0.377000 0.911765 0.022000 0.016270
0 0.642000 0.624531 0.024000 0.017522
0 0.755000 0.645181 0.022000 0.016270
0 0.924000 0.623905 0.020000 0.016270
0 0.746000 0.685232 0.020000 0.016270
0 0.554000 0.726533 0.020000 0.016270
0 0.531000 0.747184 0.022000 0.015019
0 0.772000 0.747810 0.020000 0.016270
0 0.904000 0.768461 0.020000 0.015019
0 0.664000 0.891740 0.020000 0.016270
0 0.598000 0.911139 0.020000 0.015019
0 0.882000 0.913016 0.020000 0.016270
0 0.264000 0.438048 0.020000 0.015019
