0 0.494000 0.084040 0.036000 0.035311
0 0.674000 0.177260 0.016000 0.015537
0 0.727000 0.177966 0.018000 0.016949
0 0.157000 0.205508 0.018000 0.018362
0 0.410000 0.233051 0.020000 0.014124
0 0.498000 0.233051 0.020000 0.016949
0 0.364000 0.317090 0.020000 0.018362
0 0.505000 0.348870 0.018000 0.019774
0 0.391000 0.377119 0.018000 0.019774
0 0.399000 0.406073 0.018000 0.021186
0 0.755000 0.518362 0.022000 0.019774
0 0.417000 0.576271 0.022000 0.022599
0 0.366000 0.632768 0.020000 0.019774
0 0.612000 0.632062 0.020000 0.018362
