0 0.364000 0.118644 0.028000 0.025424
0 0.390000 0.283192 0.024000 0.021186
0 0.214000 0.320621 0.024000 0.019774
0 0.416000 0.319915 0.024000 0.021186
0 0.692000 0.432203 0.024000 0.022599
0 0.340000 0.468927 0.024000 0.019774
0 0.215000 0.580508 0.026000 0.022599
0 0.567000 0.579802 0.026000 0.018362
0 0.390000 0.653955 0.024000 0.019774
0 0.214000 0.692090 0.024000 0.019774
0 0.794000 0.691384 0.024000 0.021186
0 0.592000 0.727401 0.024000 0.019774
0 0.240000 0.765537 0.024000 0.019774
0 0.390000 0.838277 0.024000 0.021186
0 0.313000 0.876412 0.026000 0.021186
