0 0.339000 0.102401 0.026000 0.024011
0 0.432000 0.289548 0.024000 0.022599
0 0.619000 0.325565 0.022000 0.018362
0 0.269000 0.437147 0.022000 0.018362
0 0.398000 0.659605 0.024000 0.025424
0 0.256000 0.733757 0.024000 0.021186
0 0.432000 0.733051 0.024000 0.022599
0 0.572000 0.734463 0.028000 0.022599
0 0.692000 0.733051 0.024000 0.022599
0 0.338000 0.769774 0.024000 0.019774
0 0.655000 0.771186 0.026000 0.019774
0 0.209000 0.807203 0.026000 0.021186
0 0.280000 0.844633 0.024000 0.025424
0 0.737000 0.844633 0.022000 0.022599
0 0.159000 0.882062 0.030000 0.021186
0 0.303000 0.881356 0.026000 0.019774
0 0.831000 0.881356 0.022000 0.022599
