0 0.160558 0.067545 0.024433 0.026359
0 0.362129 0.014003 0.022688 0.024712
0 0.494764 0.014827 0.022688 0.026359
0 0.531414 0.067545 0.022688 0.029654
0 0.701571 0.067545 0.024433 0.026359
0 0.315009 0.124382 0.022688 0.028007
0 0.063700 0.180395 0.026178 0.028007
0 0.386562 0.235585 0.022688 0.026359
0 0.646597 0.235585 0.022688 0.026359
0 0.291449 0.289951 0.024433 0.026359
0 0.678883 0.290774 0.024433 0.028007
0 0.906632 0.291598 0.026178 0.026359
0 0.319372 0.345964 0.024433 0.026359
0 0.484293 0.402801 0.022688 0.028007
0 0.232984 0.458814 0.026178 0.028007
0 0.467714 0.458814 0.024433 0.028007
0 0.159686 0.570016 0.022688 0.026359
0 0.420593 0.626030 0.027923 0.029654
0 0.808901 0.626030 0.026178 0.029654
0 0.516579 0.793245 0.024433 0.028007
0 0.419721 0.848435 0.026178 0.026359
0 0.257417 0.959638 0.022688 0.028007
0 0.679756 0.959638 0.022688 0.028007
