0 0.446000 0.148305 0.020000 0.016949
0 0.603000 0.327684 0.022000 0.014124
0 0.696000 0.328390 0.020000 0.015537
0 0.512000 0.447034 0.020000 0.018362
0 0.668000 0.447740 0.020000 0.016949
0 0.601000 0.475989 0.022000 0.016949
0 0.184000 0.522599 0.020000 0.016949
0 0.592000 0.626412 0.020000 0.015537
0 0.745000 0.625000 0.018000 0.015537
0 0.384000 0.663136 0.020000 0.018362
0 0.537000 0.661723 0.018000 0.018362
0 0.432000 0.699859 0.020000 0.018362
0 0.614000 0.820621 0.020000 0.016949
0 0.814000 0.821328 0.020000 0.018362
