0 0.272000 0.265537 0.016000 0.016949
0 0.310000 0.298729 0.020000 0.018362
0 0.411000 0.298729 0.018000 0.018362
0 0.495000 0.298023 0.018000 0.014124
0 0.611000 0.299435 0.018000 0.019774
0 0.209000 0.400424 0.018000 0.021186
0 0.238000 0.534605 0.016000 0.015537
0 0.326000 0.569915 0.016000 0.021186
0 0.577000 0.570621 0.022000 0.019774
0 0.242000 0.603107 0.016000 0.016949
0 0.343000 0.670198 0.018000 0.018362
0 0.460000 0.672316 0.016000 0.016949
0 0.240000 0.740819 0.020000 0.015537
0 0.717000 0.807910 0.018000 0.016949
0 0.483000 0.840395 0.018000 0.014124
0 0.596000 0.841102 0.016000 0.018362
0 0.259000 0.874294 0.018000 0.022599
