0 0.322000 0.105375 0.028000 0.024045
0 0.443000 0.103960 0.030000 0.026874
0 0.258000 0.159123 0.028000 0.021216
0 0.463000 0.205799 0.022000 0.018388
0 0.261000 0.228430 0.018000 0.018388
0 0.386000 0.253890 0.020000 0.015559
0 0.488000 0.252475 0.020000 0.015559
0 0.839000 0.253890 0.018000 0.018388
0 0.298000 0.278642 0.020000 0.016973
0 0.398000 0.278642 0.020000 0.014144
0 0.762000 0.278642 0.020000 0.016973
0 0.221000 0.303395 0.022000 0.015559
0 0.322000 0.301980 0.020000 0.015559
0 0.685000 0.302687 0.022000 0.016973
0 0.402000 0.328147 0.020000 0.016973
0 0.818000 0.326733 0.020000 0.019802
0 0.301000 0.350778 0.018000 0.016973
0 0.321000 0.376238 0.022000 0.016973
0 0.423000 0.375530 0.022000 0.015559
0 0.241000 0.399576 0.022000 0.018388
0 0.160000 0.423621 0.024000 0.015559
0 0.382000 0.446959 0.020000 0.016973
0 0.596000 0.447666 0.020000 0.018388
0 0.798000 0.447666 0.020000 0.018388
0 0.676000 0.473126 0.020000 0.018388
0 0.463000 0.496464 0.018000 0.016973
0 0.285000 0.543140 0.026000 0.019802
0 0.474000 0.543140 0.028000 0.019802
0 0.422000 0.589816 0.020000 0.016973
0 0.560000 0.589816 0.020000 0.019802
0 0.838000 0.613154 0.020000 0.018388
0 0.363000 0.663366 0.022000 0.019802
0 0.818000 0.661952 0.020000 0.014144
0 0.424000 0.687412 0.020000 0.016973
0 0.287000 0.734088 0.026000 0.019802
0 0.393000 0.734088 0.026000 0.022631
0 0.500000 0.780764 0.020000 0.016973
0 0.656000 0.780057 0.020000 0.018388
0 0.160000 0.804102 0.024000 0.018388
0 0.386000 0.829562 0.020000 0.015559
0 0.508000 0.828854 0.020000 0.016973
0 0.735000 0.829562 0.022000 0.015559
0 0.422000 0.852900 0.020000 0.016973
