0 0.601000 0.113701 0.018000 0.015537
0 0.742000 0.169492 0.016000 0.014124
0 0.345000 0.221751 0.018000 0.014124
0 0.583000 0.278249 0.018000 0.014124
0 0.777000 0.296610 0.018000 0.014124
0 0.363000 0.350282 0.018000 0.014124
0 0.742000 0.387712 0.016000 0.012712
0 0.275000 0.440678 0.018000 0.014124
0 0.177000 0.459040 0.018000 0.014124
0 0.318000 0.459746 0.016000 0.012712
0 0.777000 0.459040 0.018000 0.014124
0 0.248000 0.478107 0.016000 0.012712
0 0.495000 0.478107 0.018000 0.015537
0 0.795000 0.478107 0.018000 0.015537
0 0.177000 0.495763 0.018000 0.014124
0 0.406000 0.497175 0.016000 0.014124
0 0.566000 0.496469 0.016000 0.012712
0 0.725000 0.495763 0.018000 0.014124
0 0.699000 0.531780 0.018000 0.015537
0 0.319000 0.550847 0.018000 0.014124
0 0.195000 0.569209 0.018000 0.014124
0 0.283000 0.640537 0.018000 0.012712
0 0.742000 0.278249 0.016000 0.014124
