0 0.653000 0.103107 0.022000 0.016949
0 0.427000 0.140537 0.022000 0.015537
0 0.471000 0.141949 0.022000 0.015537
0 0.381000 0.180085 0.018000 0.015537
0 0.687000 0.178672 0.022000 0.018362
0 0.690000 0.223870 0.024000 0.015537
0 0.306000 0.290960 0.020000 0.016949
0 0.263000 0.365819 0.022000 0.016949
0 0.263000 0.402542 0.018000 0.016949
0 0.306000 0.439972 0.020000 0.018362
0 0.262000 0.475989 0.020000 0.016949
0 0.479000 0.772599 0.022000 0.016949
0 0.523000 0.772599 0.022000 0.016949
0 0.764000 0.810734 0.020000 0.016949
0 0.312000 0.883475 0.020000 0.015537
0 0.337000 0.740113 0.018000 0.016949
