0 0.639000 0.087857 0.058000 0.044286
0 0.571000 0.263571 0.034000 0.024286
0 0.586000 0.392143 0.012000 0.012857
0 0.256000 0.485714 0.016000 0.014286
0 0.357000 0.485714 0.014000 0.011429
0 0.256000 0.517857 0.016000 0.012857
0 0.554000 0.567857 0.016000 0.012857
0 0.654000 0.567857 0.012000 0.012857
0 0.525000 0.645000 0.014000 0.012857
0 0.285000 0.804286 0.014000 0.011429
0 0.343000 0.821429 0.014000 0.011429
0 0.557000 0.804286 0.014000 0.011429
0 0.653000 0.501429 0.014000 0.011429
0 0.425000 0.645000 0.014000 0.012857
0 0.486000 0.392857 0.016000 0.014286
