0 0.515000 0.103814 0.030000 0.024011
0 0.562000 0.177966 0.024000 0.019774
0 0.304000 0.214689 0.024000 0.016949
0 0.328000 0.252825 0.024000 0.019774
0 0.305000 0.326977 0.022000 0.018362
0 0.328000 0.363701 0.024000 0.018362
0 0.562000 0.362994 0.024000 0.019774
0 0.704000 0.437147 0.024000 0.018362
0 0.328000 0.474576 0.024000 0.016949
0 0.745000 0.512006 0.022000 0.018362
0 0.653000 0.548729 0.022000 0.018362
0 0.610000 0.622175 0.024000 0.018362
0 0.774000 0.660311 0.024000 0.018362
0 0.281000 0.697034 0.022000 0.018362
0 0.629000 0.697034 0.022000 0.018362
0 0.280000 0.733757 0.024000 0.018362
0 0.610000 0.770480 0.024000 0.018362
0 0.257000 0.882062 0.022000 0.018362
