0 0.541000 0.102401 0.026000 0.024011
0 0.594000 0.176554 0.028000 0.028249
0 0.164000 0.213983 0.028000 0.024011
0 0.460000 0.215395 0.028000 0.021186
0 0.515000 0.253531 0.026000 0.024011
0 0.729000 0.291667 0.026000 0.026836
0 0.515000 0.324859 0.026000 0.022599
0 0.515000 0.361582 0.026000 0.025424
0 0.326000 0.399011 0.032000 0.026836
0 0.783000 0.399718 0.022000 0.022599
0 0.541000 0.440678 0.026000 0.025424
0 0.433000 0.550847 0.026000 0.025424
0 0.217000 0.585452 0.026000 0.026836
0 0.568000 0.586158 0.028000 0.025424
0 0.543000 0.658898 0.030000 0.024011
0 0.329000 0.771893 0.030000 0.024011
0 0.758000 0.771893 0.028000 0.026836
0 0.272000 0.805791 0.028000 0.026836
0 0.407000 0.805791 0.026000 0.026836
0 0.810000 0.843220 0.028000 0.025424
