0 0.286000 0.082627 0.020000 0.018362
0 0.893000 0.164548 0.022000 0.015537
0 0.792000 0.248588 0.024000 0.016949
0 0.266000 0.330508 0.020000 0.016949
0 0.302000 0.386299 0.020000 0.018362
0 0.685000 0.387006 0.018000 0.016949
0 0.867000 0.384887 0.022000 0.021186
0 0.710000 0.469633 0.020000 0.018362
0 0.341000 0.497881 0.018000 0.018362
0 0.584000 0.498588 0.020000 0.016949
0 0.669000 0.553672 0.018000 0.016949
0 0.120000 0.610169 0.020000 0.019774
0 0.568000 0.664548 0.020000 0.015537
0 0.584000 0.692797 0.020000 0.018362
0 0.726000 0.693503 0.020000 0.016949
0 0.866000 0.693503 0.020000 0.019774
0 0.343000 0.720339 0.022000 0.019774
0 0.605000 0.720339 0.022000 0.016949
0 0.750000 0.776130 0.020000 0.018362
0 0.891000 0.776836 0.018000 0.016949
