0 0.300000 0.115819 0.020000 0.022599
0 0.427000 0.287429 0.022000 0.018362
0 0.288000 0.326977 0.024000 0.024011
0 0.628000 0.328390 0.024000 0.024011
0 0.167000 0.364407 0.026000 0.025424
0 0.249000 0.437853 0.022000 0.022599
0 0.620000 0.438559 0.024000 0.018362
0 0.168000 0.471751 0.024000 0.025424
0 0.635000 0.473870 0.026000 0.024011
0 0.303000 0.548023 0.022000 0.019774
0 0.367000 0.549435 0.026000 0.022599
0 0.587000 0.551554 0.022000 0.021186
0 0.801000 0.549435 0.022000 0.022599
0 0.391000 0.599576 0.026000 0.021186
0 0.806000 0.598870 0.024000 0.022599
0 0.765000 0.629237 0.022000 0.018362
0 0.656000 0.745056 0.020000 0.024011
0 0.182000 0.777542 0.024000 0.024011
0 0.633000 0.776836 0.022000 0.028249
0 0.583000 0.812853 0.022000 0.021186
