0 0.500000 0.099359 0.019134 0.013533
0 0.371098 0.266026 0.017120 0.013533
0 0.549345 0.266026 0.017120 0.012108
0 0.177744 0.404915 0.017120 0.012108
0 0.448640 0.515670 0.017120 0.012821
0 0.212991 0.544516 0.017120 0.013533
0 0.570997 0.515670 0.016113 0.012821
0 0.691339 0.516026 0.017120 0.013533
0 0.689325 0.543803 0.017120 0.012108
0 0.776435 0.571581 0.016113 0.013533
0 0.432024 0.627493 0.016113 0.012821
0 0.412890 0.710470 0.016113 0.012108
0 0.691843 0.849003 0.016113 0.011396
0 0.249245 0.905271 0.017120 0.012821
0 0.828298 0.433405 0.015106 0.013533
