0 0.461000 0.105873 0.022000 0.020093
0 0.235000 0.181607 0.022000 0.020093
0 0.353000 0.233385 0.022000 0.018547
0 0.313000 0.309892 0.022000 0.020093
0 0.569000 0.312210 0.022000 0.021638
0 0.824000 0.310665 0.020000 0.021638
0 0.646000 0.337713 0.020000 0.020093
0 0.196000 0.364760 0.020000 0.018547
0 0.569000 0.363215 0.022000 0.018547
0 0.824000 0.363988 0.020000 0.023184
0 0.332000 0.441267 0.020000 0.017002
0 0.510000 0.441267 0.020000 0.020093
0 0.588000 0.441267 0.020000 0.017002
0 0.687000 0.441267 0.022000 0.020093
0 0.823000 0.442040 0.022000 0.018547
0 0.195000 0.467543 0.022000 0.020093
0 0.352000 0.467543 0.020000 0.017002
0 0.490000 0.467543 0.020000 0.020093
0 0.568000 0.466770 0.020000 0.018547
0 0.705000 0.466770 0.022000 0.018547
0 0.255000 0.493045 0.022000 0.021638
0 0.627000 0.493045 0.022000 0.021638
0 0.391000 0.571097 0.022000 0.020093
0 0.549000 0.571097 0.022000 0.020093
0 0.744000 0.570325 0.020000 0.021638
0 0.352000 0.674652 0.020000 0.020093
0 0.392000 0.726430 0.020000 0.021638
0 0.509000 0.727202 0.022000 0.020093
0 0.372000 0.753478 0.020000 0.020093
0 0.549000 0.752705 0.022000 0.018547
0 0.588000 0.805255 0.020000 0.018547
0 0.845000 0.804482 0.022000 0.020093
0 0.313000 0.831530 0.022000 0.018547
0 0.509000 0.829985 0.022000 0.021638
