0 0.301000 0.098870 0.018000 0.016949
0 0.502000 0.100282 0.020000 0.019774
0 0.200000 0.127825 0.020000 0.018362
0 0.421000 0.127825 0.022000 0.018362
0 0.602000 0.127119 0.020000 0.019774
0 0.786000 0.127119 0.020000 0.019774
0 0.341000 0.155367 0.018000 0.016949
0 0.381000 0.154661 0.022000 0.018362
0 0.498000 0.182910 0.020000 0.018362
0 0.200000 0.266243 0.020000 0.018362
0 0.380000 0.266243 0.020000 0.018362
0 0.442000 0.322034 0.020000 0.019774
0 0.602000 0.321328 0.020000 0.021186
0 0.724000 0.323446 0.020000 0.016949
0 0.602000 0.406073 0.020000 0.018362
0 0.516000 0.432910 0.020000 0.018362
0 0.542000 0.655367 0.020000 0.016949
0 0.361000 0.711864 0.022000 0.019774
0 0.562000 0.794492 0.020000 0.015537
0 0.200000 0.822034 0.020000 0.016949
0 0.380000 0.822034 0.020000 0.019774
