0 0.273000 0.084046 0.026000 0.042735
0 0.249000 0.242165 0.026000 0.039886
0 0.356000 0.283476 0.024000 0.048433
0 0.347000 0.437322 0.026000 0.037037
0 0.178000 0.478632 0.024000 0.039886
0 0.319000 0.480057 0.026000 0.042735
0 0.368000 0.480057 0.024000 0.037037
0 0.093000 0.675214 0.026000 0.039886
0 0.142000 0.678063 0.024000 0.045584
0 0.261000 0.720798 0.022000 0.045584
0 0.369000 0.878917 0.026000 0.042735
0 0.118000 0.920228 0.024000 0.039886
0 0.259000 0.921652 0.026000 0.042735
0 0.307000 0.921652 0.026000 0.042735
0 0.094000 0.964387 0.024000 0.037037
0 0.141000 0.962963 0.026000 0.045584
0 0.308000 0.965812 0.024000 0.045584
0 0.451000 0.964387 0.026000 0.042735
0 0.902000 0.675214 0.024000 0.045584
