0 0.192000 0.130650 0.024000 0.018362
0 0.181000 0.151836 0.022000 0.018362
0 0.464000 0.224576 0.020000 0.016949
0 0.605000 0.225989 0.022000 0.022599
0 0.797000 0.353814 0.022000 0.015537
0 0.200000 0.428672 0.020000 0.018362
0 0.342000 0.427966 0.020000 0.019774
0 0.261000 0.501412 0.022000 0.019774
0 0.676000 0.522599 0.020000 0.019774
0 0.302000 0.575565 0.020000 0.015537
0 0.684000 0.576271 0.020000 0.016949
0 0.403000 0.593927 0.022000 0.018362
0 0.302000 0.649718 0.020000 0.016949
0 0.442000 0.649718 0.020000 0.016949
0 0.625000 0.650424 0.022000 0.018362
0 0.614000 0.668079 0.020000 0.016949
0 0.261000 0.704802 0.022000 0.016949
0 0.585000 0.760593 0.022000 0.018362
0 0.573000 0.780367 0.022000 0.018362
0 0.696000 0.780367 0.024000 0.021186
0 0.262000 0.853107 0.020000 0.016949
0 0.574000 0.870763 0.020000 0.018362
0 0.221000 0.890537 0.022000 0.018362
0 0.362000 0.891243 0.020000 0.019774
0 0.161000 0.649011 0.022000 0.015537
