0 0.245000 0.132853 0.042000 0.030105
0 0.697000 0.133508 0.042000 0.026178
0 0.061000 0.309555 0.022000 0.014398
0 0.279000 0.310864 0.022000 0.014398
0 0.118000 0.344241 0.020000 0.013089
0 0.309000 0.344241 0.022000 0.015707
0 0.022000 0.360602 0.020000 0.014398
0 0.287000 0.361257 0.022000 0.015707
0 0.390000 0.378272 0.020000 0.015707
0 0.160000 0.447644 0.020000 0.015707
0 0.211000 0.464005 0.022000 0.014398
0 0.020000 0.498691 0.020000 0.015707
0 0.159000 0.514398 0.022000 0.013089
0 0.287000 0.530759 0.022000 0.017016
0 0.100000 0.550393 0.020000 0.014398
0 0.139000 0.567408 0.022000 0.014398
0 0.021000 0.584424 0.026000 0.014398
0 0.098000 0.585079 0.020000 0.015707
0 0.684000 0.259162 0.020000 0.015707
0 0.717000 0.275524 0.018000 0.017016
0 0.641000 0.293194 0.022000 0.015707
0 0.833000 0.309555 0.022000 0.014398
0 0.621000 0.325262 0.022000 0.014398
0 0.837000 0.327880 0.022000 0.014398
0 0.543000 0.343586 0.022000 0.014398
0 0.621000 0.344241 0.022000 0.015707
0 0.504000 0.395288 0.024000 0.015707
0 0.848000 0.412958 0.024000 0.017016
0 0.601000 0.464660 0.022000 0.015707
0 0.868000 0.481021 0.024000 0.014398
0 0.523000 0.515707 0.022000 0.015707
0 0.680000 0.515052 0.020000 0.014398
0 0.659000 0.532723 0.022000 0.013089
0 0.753000 0.532068 0.022000 0.014398
0 0.906000 0.550393 0.020000 0.017016
0 0.653000 0.566754 0.022000 0.015707
0 0.751000 0.583770 0.022000 0.015707
0 0.804000 0.584424 0.020000 0.017016
0 0.581000 0.601440 0.022000 0.017016
0 0.773000 0.601440 0.022000 0.017016
0 0.872000 0.600785 0.024000 0.015707
0 0.621000 0.617801 0.022000 0.015707
0 0.659000 0.617801 0.022000 0.015707
0 0.799000 0.618455 0.022000 0.014398
