0 0.542000 0.101839 0.028000 0.025460
0 0.598000 0.101839 0.028000 0.025460
0 0.709000 0.228430 0.018000 0.018388
0 0.191000 0.318953 0.018000 0.021216
0 0.598000 0.468175 0.020000 0.016973
0 0.248000 0.495050 0.020000 0.016973
0 0.248000 0.551627 0.020000 0.022631
0 0.451000 0.579915 0.018000 0.016973
0 0.286000 0.607496 0.020000 0.018388
0 0.377000 0.672560 0.018000 0.021216
0 0.710000 0.673267 0.020000 0.019802
0 0.377000 0.728430 0.022000 0.022631
0 0.580000 0.729137 0.020000 0.018388
0 0.784000 0.783593 0.020000 0.019802
0 0.859000 0.784300 0.022000 0.021216
0 0.378000 0.811881 0.020000 0.016973
0 0.619000 0.840170 0.018000 0.016973
0 0.360000 0.867751 0.020000 0.018388
0 0.230000 0.896040 0.020000 0.024045
