0 0.681015 0.028500 0.019868 0.013000
0 0.559603 0.193500 0.019868 0.011000
0 0.721854 0.205500 0.022075 0.011000
0 0.662252 0.280500 0.022075 0.011000
0 0.764901 0.280500 0.024283 0.011000
0 0.435982 0.292500 0.024283 0.011000
0 0.611479 0.483000 0.022075 0.010000
0 0.559603 0.543500 0.019868 0.013000
0 0.661148 0.544500 0.019868 0.013000
0 0.589404 0.555000 0.022075 0.012000
0 0.569536 0.615000 0.022075 0.010000
0 0.671082 0.615500 0.022075 0.013000
0 0.732892 0.615500 0.022075 0.011000
0 0.701987 0.627500 0.022075 0.011000
0 0.599338 0.679500 0.019868 0.013000
0 0.599338 0.692500 0.024283 0.011000
0 0.763797 0.692500 0.022075 0.011000
0 0.445916 0.702500 0.022075 0.011000
0 0.548565 0.704000 0.024283 0.012000
0 0.730684 0.703000 0.022075 0.010000
0 0.641280 0.759000 0.019868 0.012000
0 0.743929 0.759000 0.022075 0.012000
0 0.805740 0.759000 0.022075 0.012000
0 0.682119 0.966000 0.022075 0.012000
0 0.518764 0.979000 0.022075 0.012000
