0 0.465000 0.106789 0.042000 0.032532
0 0.514000 0.168317 0.028000 0.022631
0 0.165000 0.200141 0.030000 0.024045
0 0.324000 0.295615 0.028000 0.025460
0 0.407000 0.326025 0.026000 0.024045
0 0.245000 0.388967 0.030000 0.025460
0 0.486000 0.388260 0.028000 0.024045
0 0.701000 0.388260 0.030000 0.024045
0 0.360000 0.454031 0.028000 0.022631
0 0.548000 0.451909 0.028000 0.021216
0 0.253000 0.483027 0.026000 0.021216
0 0.440000 0.485149 0.028000 0.022631
0 0.549000 0.544554 0.030000 0.022631
0 0.298000 0.575672 0.028000 0.022631
0 0.650000 0.576379 0.028000 0.021216
0 0.298000 0.607496 0.028000 0.024045
0 0.567000 0.608204 0.030000 0.022631
0 0.703000 0.607496 0.030000 0.018388
0 0.522000 0.637199 0.028000 0.024045
0 0.684000 0.639321 0.028000 0.025460
0 0.272000 0.669024 0.028000 0.019802
0 0.192000 0.700849 0.028000 0.024045
0 0.244000 0.731966 0.028000 0.021216
0 0.594000 0.731966 0.028000 0.021216
0 0.770000 0.731259 0.028000 0.022631
0 0.299000 0.762376 0.026000 0.022631
0 0.359000 0.795615 0.026000 0.024045
