0 0.488000 0.088660 0.024000 0.032990
0 0.236000 0.240206 0.024000 0.039175
0 0.512000 0.284536 0.028000 0.028866
0 0.108000 0.443299 0.028000 0.032990
0 0.230000 0.441237 0.024000 0.028866
0 0.094000 0.552577 0.024000 0.032990
0 0.216000 0.557732 0.024000 0.030928
0 0.363000 0.554639 0.022000 0.032990
0 0.144000 0.698969 0.024000 0.037113
0 0.290000 0.696907 0.024000 0.028866
0 0.252000 0.826804 0.024000 0.032990
0 0.291000 0.954639 0.026000 0.028866
0 0.805000 0.606186 0.026000 0.037113
0 0.867000 0.731959 0.026000 0.032990
