0 0.549375 0.101148 0.026250 0.020318
0 0.579375 0.240283 0.016250 0.012367
0 0.755625 0.239841 0.018750 0.015018
0 0.556875 0.257951 0.016250 0.012367
0 0.266250 0.313604 0.017500 0.015901
0 0.610000 0.332155 0.017500 0.014134
0 0.485625 0.350265 0.016250 0.015018
0 0.575000 0.370141 0.020000 0.014134
0 0.357500 0.609541 0.017500 0.014134
0 0.415625 0.813604 0.018750 0.014134
0 0.538750 0.813604 0.017500 0.012367
0 0.733125 0.832155 0.016250 0.012367
0 0.856250 0.832597 0.017500 0.013251
0 0.900000 0.905919 0.017500 0.015018
0 0.317500 0.925795 0.017500 0.014134
