0 0.439000 0.141243 0.022000 0.019774
0 0.703000 0.103814 0.022000 0.021186
0 0.339000 0.215395 0.022000 0.021186
0 0.728000 0.252825 0.024000 0.022599
0 0.293000 0.363701 0.022000 0.024011
0 0.481000 0.362994 0.022000 0.022599
0 0.269000 0.438559 0.022000 0.024011
0 0.386000 0.512712 0.024000 0.022599
0 0.551000 0.511299 0.022000 0.019774
0 0.763000 0.512006 0.022000 0.024011
0 0.210000 0.548729 0.024000 0.021186
0 0.421000 0.548729 0.022000 0.021186
0 0.680000 0.549435 0.024000 0.022599
0 0.292000 0.622881 0.024000 0.019774
0 0.468000 0.659605 0.024000 0.019774
0 0.409000 0.733757 0.022000 0.021186
0 0.633000 0.770480 0.022000 0.018362
0 0.210000 0.807910 0.024000 0.019774
0 0.775000 0.807203 0.022000 0.018362
