0 0.500000 0.105932 0.024000 0.019774
0 0.293000 0.219633 0.022000 0.018362
0 0.594000 0.302260 0.020000 0.019774
0 0.206000 0.335452 0.024000 0.018362
0 0.403000 0.334746 0.022000 0.016949
0 0.513000 0.334746 0.022000 0.016949
0 0.601000 0.335452 0.022000 0.015537
0 0.523000 0.367232 0.022000 0.016949
0 0.307000 0.447034 0.022000 0.015537
0 0.527000 0.447740 0.022000 0.016949
0 0.791000 0.447034 0.022000 0.018362
0 0.359000 0.474576 0.022000 0.019774
0 0.440000 0.521186 0.020000 0.016949
0 0.681000 0.521893 0.022000 0.018362
0 0.336000 0.549435 0.020000 0.016949
0 0.352000 0.596751 0.024000 0.018362
0 0.637000 0.595339 0.022000 0.018362
0 0.351000 0.668785 0.022000 0.018362
0 0.462000 0.670198 0.020000 0.018362
0 0.792000 0.670198 0.024000 0.018362
0 0.395000 0.744350 0.022000 0.016949
0 0.535000 0.771893 0.022000 0.018362
0 0.456000 0.817797 0.020000 0.016949
0 0.627000 0.819209 0.022000 0.016949
0 0.391000 0.846751 0.022000 0.018362
