0 0.320000 0.094767 0.020000 0.014144
0 0.328000 0.137199 0.020000 0.016973
0 0.166000 0.201556 0.016000 0.018388
0 0.493000 0.201556 0.022000 0.015559
0 0.237000 0.222772 0.018000 0.015559
0 0.851000 0.222772 0.018000 0.015559
0 0.131000 0.242574 0.018000 0.015559
0 0.611000 0.265205 0.018000 0.015559
0 0.536000 0.285007 0.020000 0.015559
0 0.395000 0.306931 0.018000 0.016973
0 0.167000 0.330269 0.018000 0.018388
0 0.255000 0.328854 0.018000 0.018388
0 0.396000 0.328854 0.020000 0.015559
0 0.156000 0.371287 0.020000 0.015559
0 0.387000 0.371994 0.018000 0.019802
0 0.725000 0.371287 0.018000 0.015559
0 0.226000 0.414427 0.016000 0.016973
0 0.545000 0.415134 0.018000 0.015559
0 0.175000 0.435644 0.018000 0.014144
0 0.476000 0.436351 0.020000 0.015559
0 0.637000 0.435644 0.018000 0.016973
0 0.184000 0.478784 0.020000 0.018388
0 0.626000 0.478076 0.020000 0.019802
0 0.768000 0.478784 0.020000 0.015559
0 0.217000 0.499293 0.018000 0.016973
0 0.148000 0.519802 0.020000 0.018388
0 0.868000 0.520509 0.020000 0.016973
0 0.169000 0.584866 0.018000 0.018388
0 0.380000 0.583451 0.020000 0.015559
0 0.760000 0.584866 0.016000 0.018388
0 0.201000 0.606082 0.018000 0.015559
0 0.326000 0.607496 0.020000 0.015559
0 0.201000 0.649929 0.018000 0.018388
0 0.326000 0.648515 0.020000 0.018388
0 0.202000 0.693069 0.020000 0.019802
0 0.743000 0.691655 0.018000 0.019802
0 0.148000 0.712871 0.020000 0.016973
0 0.202000 0.734088 0.020000 0.016973
0 0.166000 0.753890 0.020000 0.016973
0 0.168000 0.798444 0.020000 0.018388
0 0.486000 0.798444 0.020000 0.018388
0 0.201000 0.819661 0.018000 0.015559
0 0.450000 0.820368 0.020000 0.016973
0 0.573000 0.818953 0.018000 0.014144
0 0.165000 0.839463 0.018000 0.015559
0 0.655000 0.862093 0.018000 0.018388
0 0.780000 0.861386 0.020000 0.019802
0 0.575000 0.691655 0.018000 0.014144
