0 0.355982 0.070000 0.050222 0.133333
0 0.693501 0.065000 0.045790 0.116667
0 0.116691 0.281667 0.014771 0.036667
0 0.058346 0.341667 0.013294 0.043333
0 0.232644 0.446667 0.013294 0.040000
0 0.299114 0.450000 0.013294 0.046667
0 0.406204 0.445000 0.014771 0.036667
0 0.098227 0.503333 0.013294 0.040000
0 0.165436 0.506667 0.011817 0.040000
0 0.232644 0.501667 0.013294 0.036667
0 0.299852 0.503333 0.014771 0.040000
0 0.359675 0.501667 0.013294 0.043333
0 0.118907 0.580000 0.013294 0.040000
0 0.071640 0.638333 0.013294 0.036667
0 0.245938 0.693333 0.013294 0.040000
0 0.566470 0.186667 0.013294 0.033333
0 0.593058 0.186667 0.013294 0.040000
0 0.533973 0.238333 0.013294 0.036667
0 0.734121 0.238333 0.011817 0.036667
0 0.761448 0.243333 0.013294 0.040000
0 0.843427 0.241667 0.014771 0.043333
0 0.909897 0.235000 0.014771 0.043333
0 0.521418 0.293333 0.014771 0.046667
0 0.694978 0.350000 0.013294 0.046667
0 0.829394 0.345000 0.013294 0.043333
0 0.722304 0.400000 0.014771 0.033333
0 0.842688 0.398333 0.013294 0.036667
0 0.709010 0.455000 0.014771 0.043333
0 0.829394 0.455000 0.013294 0.043333
0 0.596750 0.555000 0.011817 0.030000
0 0.521418 0.610000 0.011817 0.040000
0 0.663220 0.661667 0.011817 0.043333
0 0.677253 0.715000 0.013294 0.043333
0 0.690547 0.770000 0.013294 0.040000
0 0.596750 0.815000 0.011817 0.036667
0 0.696455 0.870000 0.013294 0.040000
