0 0.564000 0.159605 0.016000 0.014124
0 0.300000 0.180791 0.016000 0.014124
0 0.661000 0.181497 0.018000 0.015537
0 0.318000 0.223870 0.016000 0.015537
0 0.337000 0.245763 0.018000 0.014124
0 0.672000 0.287429 0.016000 0.015537
0 0.284000 0.309322 0.020000 0.016949
0 0.549000 0.309322 0.018000 0.014124
0 0.655000 0.309322 0.018000 0.014124
0 0.266000 0.330508 0.016000 0.019774
0 0.832000 0.330508 0.020000 0.016949
0 0.231000 0.352401 0.018000 0.015537
0 0.777000 0.372881 0.018000 0.016949
0 0.619000 0.394774 0.018000 0.015537
0 0.477000 0.415960 0.018000 0.015537
0 0.478000 0.459040 0.016000 0.016949
0 0.285000 0.501412 0.018000 0.016949
0 0.354000 0.521893 0.016000 0.015537
0 0.796000 0.521893 0.016000 0.015537
0 0.795000 0.564972 0.018000 0.016949
0 0.717000 0.713277 0.018000 0.014124
0 0.460000 0.799435 0.016000 0.014124
0 0.549000 0.799435 0.018000 0.014124
0 0.389000 0.841102 0.018000 0.015537
0 0.302000 0.841808 0.016000 0.016949
0 0.618000 0.862288 0.016000 0.015537
0 0.618000 0.521186 0.020000 0.014124
0 0.459000 0.201977 0.018000 0.014124
