0 0.402000 0.102401 0.040000 0.035311
0 0.514000 0.190678 0.024000 0.022599
0 0.191000 0.228107 0.026000 0.024011
0 0.675000 0.227401 0.026000 0.022599
0 0.299000 0.263418 0.026000 0.021186
0 0.379000 0.302260 0.026000 0.022599
0 0.513000 0.301554 0.026000 0.021186
0 0.783000 0.301554 0.026000 0.021186
0 0.379000 0.338277 0.026000 0.021186
0 0.769000 0.338277 0.026000 0.021186
0 0.480000 0.375000 0.028000 0.021186
0 0.433000 0.413136 0.026000 0.021186
0 0.245000 0.596751 0.026000 0.021186
0 0.379000 0.671610 0.026000 0.021186
0 0.561000 0.746469 0.026000 0.024011
0 0.379000 0.820621 0.026000 0.025424
0 0.513000 0.819915 0.026000 0.021186
0 0.407000 0.857345 0.026000 0.019774
0 0.622000 0.858051 0.028000 0.024011
0 0.810000 0.855932 0.028000 0.019774
0 0.487000 0.895480 0.026000 0.025424
0 0.675000 0.894068 0.026000 0.022599
