0 0.493000 0.104520 0.026000 0.022599
0 0.673000 0.175141 0.014000 0.011299
0 0.616000 0.229520 0.016000 0.012712
0 0.648000 0.269068 0.016000 0.012712
0 0.388000 0.307910 0.016000 0.011299
0 0.324000 0.339689 0.016000 0.009887
0 0.642000 0.339689 0.016000 0.015537
0 0.374000 0.392655 0.016000 0.014124
0 0.373000 0.471751 0.014000 0.011299
0 0.373000 0.432910 0.014000 0.009887
0 0.373000 0.512006 0.014000 0.012712
0 0.325000 0.543079 0.018000 0.012712
0 0.389000 0.636299 0.018000 0.015537
0 0.525000 0.676554 0.014000 0.011299
0 0.389000 0.716102 0.018000 0.014124
0 0.511000 0.716808 0.014000 0.012712
0 0.355000 0.748588 0.018000 0.014124
0 0.359000 0.859463 0.018000 0.012712
0 0.355000 0.930791 0.014000 0.014124
0 0.736000 0.929379 0.016000 0.014124
