0 0.619000 0.137006 0.018000 0.014124
0 0.354000 0.160311 0.020000 0.015537
0 0.371000 0.180791 0.018000 0.014124
0 0.247000 0.201977 0.018000 0.014124
0 0.681000 0.201977 0.018000 0.016949
0 0.601000 0.223164 0.018000 0.014124
0 0.265000 0.244350 0.018000 0.016949
0 0.424000 0.308616 0.016000 0.015537
0 0.602000 0.395480 0.016000 0.016949
0 0.301000 0.457627 0.018000 0.014124
0 0.178000 0.480226 0.020000 0.014124
0 0.319000 0.479520 0.018000 0.015537
0 0.583000 0.480226 0.018000 0.016949
0 0.724000 0.479520 0.016000 0.015537
0 0.512000 0.628531 0.016000 0.014124
0 0.495000 0.755650 0.018000 0.019774
0 0.785000 0.756356 0.018000 0.018362
0 0.265000 0.777542 0.018000 0.015537
0 0.566000 0.819209 0.016000 0.016949
0 0.477000 0.841102 0.018000 0.015537
0 0.212000 0.862288 0.016000 0.012712
0 0.672000 0.862994 0.016000 0.014124
0 0.530000 0.884181 0.016000 0.014124
0 0.689000 0.884181 0.018000 0.014124
