0 0.147000 0.101078 0.030000 0.051213
0 0.209000 0.102426 0.030000 0.048518
0 0.472000 0.214286 0.020000 0.024259
0 0.046000 0.208895 0.024000 0.024259
0 0.101000 0.167116 0.018000 0.026954
0 0.196000 0.312668 0.016000 0.026954
0 0.341000 0.314016 0.018000 0.029650
0 0.073000 0.264151 0.018000 0.026954
0 0.273000 0.265499 0.018000 0.029650
0 0.465000 0.265499 0.018000 0.029650
0 0.722000 0.312668 0.016000 0.026954
0 0.502000 0.357143 0.020000 0.024259
0 0.249000 0.397574 0.018000 0.024259
0 0.280000 0.400270 0.020000 0.029650
0 0.138000 0.423181 0.016000 0.021563
0 0.090000 0.473046 0.020000 0.024259
0 0.170000 0.521563 0.016000 0.018868
0 0.217000 0.521563 0.018000 0.029650
0 0.106000 0.547170 0.020000 0.026954
0 0.083000 0.800539 0.018000 0.026954
0 0.101000 0.835580 0.022000 0.026954
0 0.659000 0.893531 0.018000 0.029650
0 0.850000 0.892183 0.016000 0.032345
0 0.544000 0.839623 0.016000 0.029650
