0 0.183000 0.442424 0.018000 0.024242
0 0.668000 0.321212 0.016000 0.028283
0 0.622000 0.378788 0.016000 0.030303
0 0.647000 0.488889 0.014000 0.032323
0 0.610000 0.540404 0.016000 0.030303
0 0.721000 0.119192 0.014000 0.036364
0 0.224000 0.638384 0.016000 0.028283
0 0.317000 0.645455 0.014000 0.026263
0 0.391000 0.627273 0.018000 0.022222
0 0.745000 0.614141 0.014000 0.028283
0 0.789000 0.623232 0.018000 0.022222
0 0.704000 0.647475 0.016000 0.030303
0 0.787000 0.795960 0.014000 0.024242
0 0.877000 0.729293 0.014000 0.024242
0 0.986000 0.726263 0.016000 0.026263
0 0.450000 0.265657 0.016000 0.022222
0 0.611000 0.716162 0.014000 0.026263
0 0.918000 0.726263 0.016000 0.026263
