0 0.230146 0.291667 0.022690 0.043333
0 0.242301 0.665000 0.017828 0.043333
0 0.305511 0.041667 0.014587 0.043333
0 0.380875 0.465000 0.025932 0.056667
0 0.302269 0.668333 0.021070 0.043333
0 0.279579 0.781667 0.021070 0.050000
0 0.439222 0.761667 0.022690 0.043333
0 0.179903 0.880000 0.016207 0.040000
0 0.234198 0.881667 0.014587 0.043333
0 0.157212 0.916667 0.016207 0.040000
0 0.794976 0.085000 0.014587 0.036667
0 0.692058 0.226667 0.022690 0.040000
0 0.589951 0.565000 0.022690 0.050000
0 0.705024 0.675000 0.016207 0.043333
0 0.856564 0.515000 0.014587 0.036667
0 0.911669 0.515000 0.017828 0.036667
0 0.786062 0.551667 0.016207 0.036667
0 0.827391 0.551667 0.014587 0.030000
0 0.820097 0.590000 0.019449 0.040000
