0 0.546000 0.104520 0.028000 0.022599
0 0.303000 0.140537 0.022000 0.018362
0 0.255000 0.141243 0.022000 0.019774
0 0.573000 0.215395 0.022000 0.018362
0 0.255000 0.252825 0.022000 0.019774
0 0.561000 0.252119 0.022000 0.018362
0 0.655000 0.252119 0.022000 0.018362
0 0.361000 0.362994 0.022000 0.016949
0 0.691000 0.363701 0.022000 0.021186
0 0.538000 0.399718 0.024000 0.019774
0 0.280000 0.437853 0.024000 0.019774
0 0.315000 0.512006 0.022000 0.018362
0 0.420000 0.548729 0.024000 0.018362
0 0.750000 0.548023 0.024000 0.019774
0 0.232000 0.622881 0.024000 0.019774
0 0.362000 0.696328 0.024000 0.019774
0 0.597000 0.697034 0.022000 0.018362
0 0.279000 0.733757 0.022000 0.018362
0 0.373000 0.733757 0.022000 0.018362
0 0.160000 0.733757 0.024000 0.018362
0 0.291000 0.846045 0.022000 0.019774
