0 0.222000 0.270701 0.048000 0.031847
0 0.278000 0.317197 0.016000 0.012739
0 0.260000 0.336306 0.016000 0.010191
0 0.415000 0.336306 0.018000 0.015287
0 0.150000 0.354777 0.016000 0.014013
0 0.290000 0.373248 0.016000 0.012739
0 0.384000 0.373248 0.016000 0.012739
0 0.273000 0.392357 0.018000 0.015287
0 0.211000 0.410191 0.018000 0.012739
0 0.397000 0.485987 0.018000 0.011465
0 0.183000 0.504459 0.018000 0.012739
0 0.388000 0.503822 0.016000 0.014013
0 0.089000 0.541401 0.018000 0.012739
0 0.151000 0.560510 0.018000 0.012739
0 0.106000 0.577070 0.016000 0.012739
0 0.042000 0.596815 0.020000 0.011465
0 0.228000 0.596815 0.016000 0.011465
0 0.198000 0.615924 0.016000 0.011465
0 0.726000 0.271975 0.048000 0.031847
0 0.783000 0.317197 0.018000 0.012739
0 0.764000 0.336306 0.016000 0.012739
0 0.919000 0.336306 0.018000 0.015287
0 0.654000 0.354140 0.016000 0.012739
0 0.794000 0.373248 0.016000 0.012739
0 0.887000 0.373248 0.018000 0.012739
0 0.777000 0.392357 0.014000 0.012739
0 0.714000 0.409554 0.016000 0.014013
0 0.900000 0.484713 0.016000 0.014013
0 0.686000 0.504459 0.016000 0.012739
0 0.893000 0.504459 0.018000 0.015287
0 0.594000 0.541401 0.016000 0.010191
0 0.654000 0.560510 0.016000 0.012739
0 0.609000 0.578344 0.018000 0.012739
0 0.545000 0.597452 0.018000 0.012739
0 0.733000 0.596815 0.014000 0.011465
0 0.702000 0.615924 0.016000 0.011465
