0 0.346000 0.081215 0.040000 0.029661
0 0.374000 0.171610 0.024000 0.021186
0 0.272000 0.285311 0.024000 0.019774
0 0.348000 0.286017 0.024000 0.021186
0 0.336000 0.314266 0.024000 0.021186
0 0.633000 0.285311 0.026000 0.019774
0 0.878000 0.286017 0.024000 0.021186
0 0.297000 0.370763 0.026000 0.021186
0 0.449000 0.371469 0.026000 0.022599
0 0.667000 0.372881 0.026000 0.025424
0 0.793000 0.370763 0.026000 0.018362
0 0.466000 0.484463 0.024000 0.022599
0 0.269000 0.513418 0.026000 0.018362
0 0.630000 0.513418 0.024000 0.021186
0 0.272000 0.569915 0.024000 0.021186
0 0.294000 0.599576 0.024000 0.021186
0 0.222000 0.684322 0.024000 0.018362
0 0.465000 0.685028 0.026000 0.019774
0 0.499000 0.741525 0.026000 0.022599
0 0.676000 0.740819 0.024000 0.021186
0 0.278000 0.798729 0.024000 0.018362
0 0.436000 0.826977 0.024000 0.021186
0 0.251000 0.855932 0.026000 0.019774
0 0.247000 0.884181 0.026000 0.019774
0 0.516000 0.883475 0.024000 0.021186
0 0.278000 0.912429 0.024000 0.022599
