0 0.275000 0.137346 0.022000 0.018519
0 0.608000 0.137346 0.020000 0.018519
0 0.206000 0.193673 0.020000 0.020062
0 0.507000 0.224537 0.018000 0.020062
0 0.802000 0.225309 0.020000 0.021605
0 0.255000 0.253086 0.018000 0.018519
0 0.695000 0.252315 0.018000 0.016975
0 0.843000 0.253086 0.022000 0.018519
0 0.333000 0.280864 0.018000 0.015432
0 0.224000 0.358025 0.020000 0.018519
0 0.323000 0.357253 0.022000 0.016975
0 0.480000 0.387346 0.020000 0.018519
0 0.617000 0.386574 0.018000 0.016975
0 0.216000 0.519290 0.020000 0.020062
0 0.206000 0.641975 0.020000 0.018519
