0 0.447000 0.141949 0.026000 0.024011
0 0.662000 0.177260 0.024000 0.024011
0 0.312000 0.355226 0.024000 0.024011
0 0.770000 0.355932 0.024000 0.022599
0 0.474000 0.427260 0.024000 0.024011
0 0.716000 0.498588 0.024000 0.022599
0 0.782000 0.533898 0.024000 0.019774
0 0.540000 0.568503 0.024000 0.021186
0 0.164000 0.639831 0.024000 0.022599
0 0.487000 0.676554 0.026000 0.022599
0 0.783000 0.711864 0.022000 0.022599
0 0.298000 0.747175 0.024000 0.019774
0 0.770000 0.819209 0.024000 0.025424
0 0.823000 0.818503 0.026000 0.024011
0 0.298000 0.854520 0.024000 0.019774
