0 0.335000 0.059969 0.034000 0.029595
0 0.511000 0.056854 0.038000 0.032710
0 0.090000 0.190031 0.036000 0.034268
0 0.117000 0.515576 0.034000 0.028037
0 0.100000 0.631620 0.036000 0.035826
0 0.241000 0.632399 0.034000 0.031153
0 0.092000 0.770249 0.036000 0.032710
0 0.268000 0.770249 0.036000 0.032710
0 0.657000 0.768692 0.034000 0.035826
0 0.356000 0.806075 0.036000 0.032710
0 0.462000 0.807632 0.036000 0.032710
0 0.092000 0.915109 0.036000 0.029595
0 0.586000 0.914330 0.032000 0.034268
0 0.128000 0.949377 0.036000 0.029595
