0 0.160000 0.252825 0.028000 0.025424
0 0.302000 0.252825 0.024000 0.022599
0 0.280000 0.288136 0.024000 0.028249
0 0.577000 0.401130 0.026000 0.022599
0 0.572000 0.474576 0.024000 0.025424
0 0.576000 0.509887 0.024000 0.022599
0 0.162000 0.546610 0.028000 0.025424
0 0.507000 0.548729 0.026000 0.026836
0 0.232000 0.581921 0.024000 0.025424
0 0.427000 0.622881 0.026000 0.022599
0 0.257000 0.695621 0.026000 0.026836
0 0.374000 0.735169 0.028000 0.024011
0 0.364000 0.772599 0.024000 0.025424
0 0.628000 0.807203 0.024000 0.026836
0 0.186000 0.843927 0.024000 0.024011
0 0.303000 0.846045 0.026000 0.025424
0 0.625000 0.880650 0.026000 0.024011
