0 0.432000 0.105932 0.024000 0.019774
0 0.675000 0.139124 0.026000 0.024011
0 0.192000 0.171610 0.024000 0.018362
0 0.487000 0.238701 0.022000 0.022599
0 0.434000 0.305791 0.024000 0.021186
0 0.783000 0.305085 0.022000 0.022599
0 0.353000 0.370763 0.022000 0.024011
0 0.487000 0.371469 0.026000 0.019774
0 0.327000 0.406073 0.026000 0.021186
0 0.756000 0.404661 0.024000 0.021186
0 0.272000 0.437853 0.024000 0.022599
0 0.757000 0.437853 0.026000 0.019774
0 0.219000 0.570621 0.026000 0.019774
0 0.514000 0.603107 0.024000 0.019774
0 0.730000 0.570621 0.024000 0.022599
0 0.245000 0.704096 0.022000 0.021186
0 0.568000 0.771186 0.024000 0.022599
0 0.677000 0.869350 0.026000 0.021186
