0 0.313000 0.064781 0.018000 0.023723
0 0.638000 0.065693 0.016000 0.021898
0 0.710000 0.063869 0.016000 0.021898
0 0.294000 0.096715 0.020000 0.025547
0 0.277000 0.162409 0.018000 0.021898
0 0.494000 0.160584 0.020000 0.018248
0 0.222000 0.192518 0.020000 0.020073
0 0.566000 0.193431 0.016000 0.025547
0 0.549000 0.291971 0.018000 0.021898
0 0.312000 0.322080 0.016000 0.023723
0 0.548000 0.320255 0.020000 0.020073
0 0.222000 0.353102 0.020000 0.023723
0 0.603000 0.354015 0.018000 0.021898
0 0.221000 0.385949 0.018000 0.020073
0 0.312000 0.387774 0.020000 0.023723
0 0.657000 0.387774 0.018000 0.023723
0 0.402000 0.480839 0.016000 0.020073
0 0.276000 0.642336 0.020000 0.021898
0 0.588000 0.643248 0.020000 0.023723
0 0.747000 0.677007 0.018000 0.021898
0 0.692000 0.739964 0.020000 0.023723
0 0.716000 0.644161 0.016000 0.018248
