0 0.393000 0.081796 0.062000 0.043050
0 0.475000 0.212177 0.026000 0.020910
0 0.290000 0.363469 0.016000 0.011070
0 0.513000 0.392374 0.014000 0.009840
0 0.302000 0.465560 0.016000 0.011070
0 0.374000 0.479705 0.016000 0.009840
0 0.348000 0.495080 0.016000 0.011070
0 0.449000 0.620541 0.014000 0.011070
0 0.383000 0.669127 0.014000 0.009840
0 0.607000 0.669127 0.014000 0.009840
0 0.308000 0.702337 0.016000 0.009840
0 0.569000 0.717712 0.014000 0.011070
0 0.447000 0.986470 0.018000 0.014760
0 0.451000 0.450800 0.014000 0.011070
