0 0.535000 0.106082 0.038000 0.036775
0 0.280000 0.183168 0.024000 0.018388
0 0.544000 0.183168 0.020000 0.015559
0 0.301000 0.217822 0.018000 0.016973
0 0.423000 0.377652 0.022000 0.016973
0 0.624000 0.376945 0.020000 0.018388
0 0.302000 0.396747 0.020000 0.018388
0 0.584000 0.396040 0.020000 0.016973
0 0.261000 0.414427 0.018000 0.014144
0 0.321000 0.414427 0.018000 0.016973
0 0.704000 0.415134 0.020000 0.018388
0 0.241000 0.432107 0.018000 0.015559
0 0.282000 0.433522 0.024000 0.015559
0 0.563000 0.434229 0.018000 0.016973
0 0.362000 0.486563 0.020000 0.016973
0 0.522000 0.487270 0.020000 0.018388
0 0.201000 0.506365 0.022000 0.016973
0 0.383000 0.506365 0.022000 0.016973
0 0.584000 0.505658 0.020000 0.015559
0 0.765000 0.505658 0.022000 0.021216
0 0.442000 0.524045 0.020000 0.018388
0 0.362000 0.560113 0.020000 0.019802
0 0.382000 0.578501 0.020000 0.019802
0 0.352000 0.612447 0.020000 0.019802
0 0.534000 0.612447 0.020000 0.016973
0 0.322000 0.631542 0.020000 0.015559
0 0.362000 0.630835 0.020000 0.016973
0 0.442000 0.630127 0.020000 0.015559
0 0.644000 0.666195 0.020000 0.016973
0 0.824000 0.666195 0.020000 0.016973
0 0.221000 0.685290 0.022000 0.015559
0 0.402000 0.684583 0.020000 0.016973
0 0.645000 0.738331 0.022000 0.019802
0 0.744000 0.738331 0.020000 0.016973
0 0.403000 0.757426 0.022000 0.018388
0 0.644000 0.757426 0.020000 0.015559
0 0.341000 0.775813 0.022000 0.018388
0 0.482000 0.775106 0.020000 0.016973
0 0.302000 0.810467 0.020000 0.016973
0 0.563000 0.809760 0.018000 0.018388
0 0.281000 0.880481 0.022000 0.018388
0 0.544000 0.883310 0.020000 0.021216
0 0.724000 0.359264 0.020000 0.016973
