0 0.550000 0.104953 0.026667 0.025943
0 0.226667 0.149764 0.026667 0.016509
0 0.225000 0.260613 0.023333 0.016509
0 0.485000 0.259434 0.023333 0.018868
0 0.440000 0.295991 0.020000 0.016509
0 0.703333 0.297170 0.020000 0.018868
0 0.595000 0.369104 0.023333 0.016509
0 0.486667 0.408019 0.020000 0.018868
0 0.510000 0.491745 0.020000 0.016509
0 0.465000 0.528302 0.023333 0.018868
0 0.155000 0.564858 0.030000 0.016509
0 0.533333 0.602594 0.026667 0.021226
0 0.353333 0.674528 0.026667 0.018868
0 0.506667 0.711085 0.026667 0.021226
0 0.398333 0.748821 0.023333 0.021226
0 0.396667 0.784198 0.020000 0.016509
0 0.596667 0.784198 0.020000 0.016509
0 0.485000 0.820755 0.023333 0.018868
0 0.683333 0.261792 0.020000 0.018868
0 0.180000 0.823113 0.026667 0.018868
