0 0.822000 0.214689 0.024000 0.016949
0 0.367000 0.252119 0.022000 0.018362
0 0.549000 0.288842 0.022000 0.018362
0 0.684000 0.325565 0.024000 0.018362
0 0.185000 0.362994 0.022000 0.019774
0 0.708000 0.362994 0.024000 0.019774
0 0.707000 0.399011 0.022000 0.018362
0 0.231000 0.436441 0.022000 0.016949
0 0.207000 0.473164 0.022000 0.016949
0 0.412000 0.473164 0.024000 0.016949
0 0.479000 0.473870 0.022000 0.018362
0 0.822000 0.473870 0.024000 0.015537
0 0.185000 0.510593 0.022000 0.018362
0 0.275000 0.510593 0.022000 0.018362
0 0.615000 0.511299 0.022000 0.019774
0 0.752000 0.585452 0.024000 0.018362
0 0.389000 0.621469 0.022000 0.019774
0 0.412000 0.658898 0.024000 0.018362
0 0.480000 0.695621 0.020000 0.018362
0 0.503000 0.696328 0.022000 0.019774
0 0.752000 0.696328 0.024000 0.016949
0 0.571000 0.732345 0.022000 0.018362
0 0.435000 0.770480 0.022000 0.018362
0 0.525000 0.769068 0.022000 0.018362
0 0.253000 0.807203 0.022000 0.018362
0 0.275000 0.807910 0.022000 0.019774
0 0.751000 0.807203 0.022000 0.018362
