0 0.272000 0.317881 0.020000 0.026490
0 0.276000 0.399558 0.020000 0.026490
0 0.425000 0.473510 0.018000 0.024283
0 0.237000 0.547461 0.022000 0.030905
0 0.367000 0.603753 0.018000 0.024283
0 0.540000 0.601545 0.020000 0.024283
0 0.318000 0.644592 0.020000 0.026490
0 0.575000 0.697572 0.018000 0.022075
0 0.676000 0.145695 0.020000 0.026490
0 0.772000 0.185430 0.020000 0.026490
0 0.868000 0.235099 0.020000 0.024283
0 0.884000 0.282561 0.020000 0.026490
0 0.804000 0.453642 0.016000 0.028698
0 0.823000 0.454746 0.018000 0.026490
0 0.903000 0.652318 0.018000 0.028698
0 0.921000 0.651214 0.022000 0.026490
0 0.592000 0.114790 0.020000 0.026490
