0 0.180233 0.094161 0.020930 0.013980
0 0.322093 0.094572 0.018605 0.014803
0 0.422674 0.094161 0.019767 0.013980
0 0.604651 0.093750 0.020930 0.014803
0 0.203488 0.131168 0.018605 0.015625
0 0.333721 0.168586 0.018605 0.014803
0 0.292442 0.242599 0.019767 0.016447
0 0.463372 0.206003 0.017442 0.013980
0 0.644186 0.205181 0.018605 0.013980
0 0.694767 0.241776 0.017442 0.014803
0 0.684302 0.372122 0.019767 0.015625
0 0.575000 0.409128 0.019767 0.013980
0 0.353488 0.354441 0.018605 0.016447
0 0.393605 0.446135 0.019767 0.015625
0 0.838372 0.446135 0.018605 0.013980
0 0.677326 0.520148 0.017442 0.015625
0 0.294767 0.502467 0.019767 0.014803
0 0.255233 0.557566 0.019767 0.014803
0 0.463953 0.631579 0.018605 0.013158
0 0.575581 0.613487 0.018605 0.014803
0 0.161047 0.631168 0.022093 0.017270
0 0.474419 0.669408 0.020930 0.014803
0 0.294767 0.797697 0.019767 0.014803
0 0.315698 0.854030 0.019767 0.015625
0 0.838953 0.817434 0.017442 0.014803
