0 0.587000 0.100989 0.022000 0.021186
0 0.214000 0.265537 0.020000 0.016949
0 0.572000 0.266243 0.020000 0.015537
0 0.431000 0.290960 0.018000 0.014124
0 0.722000 0.314266 0.020000 0.015537
0 0.569000 0.413842 0.018000 0.019774
0 0.324000 0.435734 0.020000 0.015537
0 0.319000 0.459746 0.018000 0.015537
0 0.327000 0.483757 0.018000 0.015537
0 0.629000 0.508475 0.018000 0.016949
0 0.477000 0.531780 0.018000 0.018362
0 0.723000 0.530367 0.018000 0.015537
0 0.252000 0.555791 0.020000 0.015537
0 0.403000 0.651130 0.018000 0.016949
0 0.214000 0.699153 0.020000 0.016949
0 0.270000 0.817090 0.020000 0.015537
0 0.497000 0.841808 0.018000 0.016949
0 0.610000 0.841808 0.020000 0.014124
0 0.233000 0.865113 0.018000 0.015537
0 0.553000 0.865819 0.018000 0.016949
0 0.657000 0.289548 0.018000 0.016949
0 0.157000 0.699153 0.018000 0.016949
