0 0.553000 0.103814 0.026000 0.021186
0 0.373000 0.141243 0.022000 0.019774
0 0.538000 0.141243 0.024000 0.019774
0 0.702000 0.141243 0.024000 0.019774
0 0.232000 0.178672 0.024000 0.018362
0 0.679000 0.177966 0.022000 0.019774
0 0.326000 0.289548 0.024000 0.019774
0 0.538000 0.290254 0.024000 0.018362
0 0.350000 0.326271 0.024000 0.019774
0 0.750000 0.326271 0.024000 0.019774
0 0.326000 0.362994 0.024000 0.016949
0 0.656000 0.362994 0.024000 0.019774
0 0.302000 0.399718 0.024000 0.016949
0 0.538000 0.400424 0.024000 0.018362
0 0.232000 0.475282 0.024000 0.018362
0 0.232000 0.585452 0.024000 0.018362
0 0.750000 0.585452 0.024000 0.018362
0 0.232000 0.697034 0.024000 0.018362
0 0.538000 0.696328 0.024000 0.019774
0 0.632000 0.696328 0.024000 0.019774
0 0.232000 0.808616 0.024000 0.018362
0 0.726000 0.807203 0.024000 0.018362
0 0.704000 0.845339 0.024000 0.018362
