0 0.313000 0.102546 0.026000 0.021216
0 0.267000 0.185997 0.018000 0.012730
0 0.194000 0.205092 0.016000 0.016973
0 0.432000 0.223479 0.020000 0.014144
0 0.657000 0.223479 0.018000 0.016973
0 0.231000 0.241867 0.018000 0.016973
0 0.469000 0.241160 0.018000 0.015559
0 0.269000 0.299151 0.018000 0.015559
0 0.571000 0.300566 0.018000 0.021216
0 0.680000 0.371994 0.016000 0.014144
0 0.212000 0.390382 0.016000 0.014144
0 0.463000 0.391089 0.018000 0.015559
0 0.621000 0.391089 0.018000 0.015559
0 0.194000 0.407355 0.020000 0.014144
0 0.399000 0.427864 0.018000 0.015559
0 0.578000 0.427864 0.020000 0.012730
0 0.178000 0.464639 0.020000 0.018388
0 0.441000 0.463932 0.018000 0.014144
0 0.232000 0.502829 0.020000 0.015559
0 0.289000 0.630835 0.018000 0.014144
0 0.469000 0.630835 0.018000 0.014144
0 0.578000 0.631542 0.016000 0.012730
0 0.733000 0.629420 0.018000 0.014144
0 0.353000 0.668317 0.018000 0.015559
0 0.301000 0.705092 0.018000 0.015559
0 0.668000 0.741867 0.020000 0.012730
0 0.288000 0.760962 0.020000 0.016973
0 0.721000 0.760962 0.022000 0.016973
0 0.249000 0.798444 0.018000 0.015559
