0 0.561000 0.102401 0.038000 0.026836
0 0.202000 0.163842 0.024000 0.016949
0 0.203000 0.208333 0.026000 0.018362
0 0.319000 0.295198 0.022000 0.019774
0 0.651000 0.295198 0.026000 0.019774
0 0.390000 0.373588 0.020000 0.021186
0 0.744000 0.372175 0.024000 0.021186
0 0.580000 0.415960 0.024000 0.021186
0 0.555000 0.460452 0.022000 0.016949
0 0.839000 0.462571 0.022000 0.018362
0 0.650000 0.536723 0.024000 0.016949
0 0.437000 0.658192 0.022000 0.019774
0 0.624000 0.657486 0.024000 0.018362
0 0.203000 0.823446 0.026000 0.016949
