0 0.212000 0.092000 0.036000 0.061333
0 0.134000 0.154667 0.036000 0.064000
0 0.327000 0.150667 0.034000 0.061333
0 0.600000 0.152000 0.032000 0.058667
0 0.582000 0.353333 0.036000 0.056000
0 0.876000 0.428000 0.040000 0.066667
0 0.875000 0.501333 0.038000 0.053333
0 0.208000 0.632000 0.036000 0.069333
0 0.444000 0.637333 0.040000 0.080000
0 0.250000 0.714667 0.040000 0.069333
0 0.640000 0.712000 0.036000 0.064000
0 0.521000 0.773333 0.034000 0.064000
0 0.642000 0.774667 0.036000 0.066667
0 0.288000 0.836000 0.036000 0.066667
