0 0.473000 0.103814 0.026000 0.032486
0 0.222000 0.139831 0.024000 0.025424
0 0.562000 0.214689 0.024000 0.028249
0 0.279000 0.252119 0.022000 0.026836
0 0.257000 0.399718 0.026000 0.025424
0 0.609000 0.438559 0.022000 0.021186
0 0.668000 0.474576 0.024000 0.028249
0 0.398000 0.511299 0.024000 0.025424
0 0.822000 0.509181 0.024000 0.024011
0 0.772000 0.547316 0.024000 0.021186
0 0.327000 0.622881 0.026000 0.028249
0 0.656000 0.660311 0.024000 0.024011
0 0.210000 0.696328 0.024000 0.022599
0 0.656000 0.697740 0.024000 0.019774
0 0.373000 0.733757 0.022000 0.024011
0 0.752000 0.733757 0.024000 0.026836
0 0.303000 0.770480 0.022000 0.021186
0 0.562000 0.769068 0.024000 0.026836
