0 0.225000 0.140901 0.022500 0.018551
0 0.726875 0.215106 0.021250 0.016784
0 0.538125 0.251767 0.021250 0.019435
0 0.280000 0.252208 0.022500 0.016784
0 0.468750 0.363516 0.025000 0.016784
0 0.703125 0.363958 0.023750 0.017668
0 0.280000 0.399735 0.022500 0.018551
0 0.296875 0.511484 0.023750 0.017668
0 0.622500 0.548145 0.025000 0.018551
0 0.716250 0.548145 0.025000 0.018551
0 0.327500 0.585247 0.022500 0.018551
0 0.410625 0.696996 0.023750 0.019435
0 0.668750 0.733657 0.025000 0.018551
0 0.304375 0.807420 0.023750 0.017668
0 0.609375 0.807420 0.021250 0.017668
