0 0.669000 0.266243 0.022000 0.015537
0 0.290000 0.300847 0.020000 0.016949
0 0.239000 0.375706 0.022000 0.016949
0 0.470000 0.375000 0.020000 0.015537
0 0.674000 0.412429 0.020000 0.016949
0 0.551000 0.449859 0.018000 0.015537
0 0.751000 0.449859 0.022000 0.015537
0 0.428000 0.561441 0.020000 0.015537
0 0.490000 0.561441 0.020000 0.015537
0 0.154000 0.634887 0.020000 0.018362
0 0.730000 0.672316 0.020000 0.014124
0 0.448000 0.783192 0.020000 0.015537
0 0.730000 0.783192 0.020000 0.015537
0 0.176000 0.843220 0.020000 0.014124
