0 0.535144 0.040601 0.022364 0.018910
0 0.628594 0.075083 0.020767 0.016685
0 0.406550 0.098999 0.023962 0.017798
0 0.654153 0.098999 0.020767 0.015573
0 0.943291 0.098999 0.023962 0.017798
0 0.115815 0.122358 0.020767 0.015573
0 0.753195 0.145161 0.023962 0.016685
0 0.284345 0.286429 0.022364 0.016685
0 0.849840 0.286986 0.022364 0.022247
0 0.864217 0.332592 0.025559 0.020022
0 0.768371 0.354839 0.022364 0.015573
0 0.660543 0.402113 0.023962 0.018910
0 0.501597 0.447720 0.022364 0.014461
0 0.428914 0.494994 0.023962 0.015573
0 0.688498 0.493882 0.022364 0.015573
0 0.575080 0.542269 0.019169 0.018910
0 0.160543 0.564516 0.023962 0.016685
0 0.350639 0.752503 0.020767 0.016685
0 0.584665 0.868743 0.022364 0.015573
0 0.729233 0.215795 0.020767 0.015573
