0 0.487000 0.084040 0.034000 0.029661
0 0.110000 0.130650 0.020000 0.015537
0 0.212000 0.150424 0.020000 0.018362
0 0.181000 0.186441 0.018000 0.016949
0 0.252000 0.223870 0.020000 0.015537
0 0.192000 0.242232 0.020000 0.015537
0 0.796000 0.241525 0.020000 0.016949
0 0.131000 0.260593 0.022000 0.015537
0 0.272000 0.278955 0.020000 0.018362
0 0.648000 0.316384 0.020000 0.016949
0 0.870000 0.316384 0.020000 0.016949
0 0.454000 0.336158 0.020000 0.016949
0 0.494000 0.391949 0.020000 0.018362
0 0.286000 0.408898 0.020000 0.015537
0 0.487000 0.408898 0.022000 0.015537
0 0.352000 0.427260 0.020000 0.015537
0 0.648000 0.464689 0.020000 0.016949
0 0.070000 0.483757 0.020000 0.018362
0 0.736000 0.483051 0.020000 0.016949
0 0.433000 0.502119 0.018000 0.018362
0 0.110000 0.520480 0.020000 0.018362
0 0.398000 0.519774 0.020000 0.016949
0 0.479000 0.519774 0.022000 0.016949
0 0.808000 0.521893 0.020000 0.018362
0 0.232000 0.538842 0.020000 0.015537
0 0.494000 0.539548 0.020000 0.016949
0 0.454000 0.557203 0.020000 0.015537
0 0.676000 0.557910 0.020000 0.016949
0 0.252000 0.576271 0.020000 0.016949
0 0.111000 0.593927 0.022000 0.015537
0 0.650000 0.612994 0.020000 0.016949
0 0.070000 0.631356 0.024000 0.016949
0 0.353000 0.632062 0.022000 0.015537
0 0.636000 0.632062 0.024000 0.015537
0 0.182000 0.668785 0.020000 0.015537
0 0.272000 0.686441 0.020000 0.016949
0 0.676000 0.686441 0.024000 0.016949
0 0.776000 0.706215 0.020000 0.016949
0 0.817000 0.723870 0.022000 0.018362
0 0.171000 0.743644 0.022000 0.018362
0 0.182000 0.779661 0.020000 0.016949
0 0.333000 0.817090 0.022000 0.018362
0 0.191000 0.834746 0.018000 0.016949
0 0.594000 0.836158 0.020000 0.016949
0 0.928000 0.835452 0.020000 0.018362
0 0.151000 0.871469 0.022000 0.016949
0 0.454000 0.871469 0.020000 0.016949
0 0.333000 0.908898 0.022000 0.015537
0 0.494000 0.908898 0.020000 0.015537
0 0.252000 0.927966 0.020000 0.016949
0 0.212000 0.947034 0.020000 0.015537
0 0.736000 0.926554 0.020000 0.016949
0 0.918000 0.927260 0.020000 0.015537
0 0.715000 0.946328 0.022000 0.016949
0 0.568000 0.409605 0.020000 0.016949
0 0.876000 0.557910 0.020000 0.016949
