0 0.434000 0.093927 0.016000 0.018362
0 0.468000 0.296610 0.016000 0.014124
0 0.249000 0.334040 0.014000 0.015537
0 0.315000 0.353814 0.014000 0.015537
0 0.637000 0.354520 0.014000 0.014124
0 0.461000 0.430085 0.014000 0.018362
0 0.836000 0.444915 0.016000 0.019774
0 0.250000 0.466102 0.016000 0.016949
0 0.703000 0.483757 0.014000 0.015537
0 0.168000 0.538842 0.016000 0.015537
0 0.337000 0.556497 0.014000 0.016949
0 0.527000 0.576977 0.014000 0.015537
0 0.387000 0.594633 0.014000 0.016949
0 0.758000 0.594633 0.016000 0.016949
0 0.255000 0.631356 0.014000 0.016949
0 0.689000 0.651836 0.014000 0.015537
0 0.152000 0.670198 0.016000 0.012712
0 0.211000 0.689266 0.014000 0.014124
0 0.250000 0.747175 0.016000 0.014124
0 0.351000 0.764124 0.014000 0.016949
0 0.219000 0.783898 0.014000 0.014124
0 0.226000 0.802260 0.016000 0.014124
0 0.169000 0.819915 0.014000 0.015537
0 0.446000 0.819915 0.016000 0.015537
0 0.430000 0.891949 0.016000 0.018362
0 0.344000 0.447034 0.016000 0.012712
0 0.512000 0.501412 0.016000 0.014124
0 0.308000 0.894068 0.016000 0.014124
0 0.820000 0.875000 0.016000 0.012712
