0 0.547000 0.101839 0.026000 0.022631
0 0.540000 0.132249 0.028000 0.024045
0 0.810000 0.132249 0.028000 0.024045
0 0.162000 0.195898 0.032000 0.024045
0 0.533000 0.227016 0.026000 0.021216
0 0.239000 0.258840 0.030000 0.022631
0 0.162000 0.289958 0.032000 0.022631
0 0.782000 0.289958 0.032000 0.022631
0 0.514000 0.321782 0.028000 0.024045
0 0.702000 0.321782 0.028000 0.024045
0 0.540000 0.420085 0.028000 0.022631
0 0.662000 0.546676 0.028000 0.021216
0 0.769000 0.546676 0.030000 0.021216
0 0.285000 0.580622 0.026000 0.024045
0 0.474000 0.579915 0.028000 0.022631
0 0.688000 0.615276 0.028000 0.025460
0 0.336000 0.648515 0.028000 0.024045
0 0.771000 0.649929 0.030000 0.024045
0 0.608000 0.717822 0.028000 0.024045
0 0.285000 0.751768 0.030000 0.024045
0 0.416000 0.788543 0.032000 0.029703
