0 0.411000 0.099576 0.022000 0.015537
0 0.411000 0.127825 0.022000 0.018362
0 0.250000 0.155367 0.024000 0.019774
0 0.714000 0.156073 0.024000 0.018362
0 0.249000 0.210452 0.022000 0.019774
0 0.491000 0.210452 0.022000 0.016949
0 0.773000 0.211158 0.022000 0.018362
0 0.310000 0.237994 0.020000 0.015537
0 0.310000 0.266243 0.020000 0.015537
0 0.693000 0.266949 0.022000 0.016949
0 0.754000 0.293785 0.020000 0.019774
0 0.190000 0.321328 0.024000 0.018362
0 0.311000 0.322034 0.022000 0.016949
0 0.734000 0.321328 0.020000 0.018362
0 0.290000 0.349576 0.020000 0.018362
0 0.472000 0.349576 0.020000 0.018362
0 0.553000 0.348870 0.022000 0.016949
0 0.350000 0.403955 0.020000 0.016949
0 0.391000 0.432203 0.022000 0.019774
0 0.734000 0.432203 0.020000 0.016949
0 0.300000 0.459746 0.020000 0.018362
0 0.844000 0.460452 0.020000 0.019774
0 0.471000 0.514831 0.022000 0.018362
0 0.573000 0.571328 0.022000 0.018362
0 0.249000 0.599576 0.022000 0.018362
0 0.311000 0.627119 0.022000 0.016949
0 0.350000 0.653249 0.020000 0.018362
0 0.411000 0.681497 0.022000 0.015537
0 0.856000 0.682203 0.020000 0.016949
0 0.390000 0.737288 0.020000 0.016949
0 0.674000 0.736582 0.024000 0.018362
0 0.773000 0.737994 0.022000 0.018362
0 0.250000 0.764124 0.020000 0.019774
0 0.441000 0.765537 0.022000 0.016949
0 0.602000 0.764124 0.020000 0.016949
0 0.804000 0.765537 0.020000 0.016949
0 0.401000 0.792373 0.022000 0.016949
0 0.642000 0.793079 0.020000 0.018362
0 0.249000 0.819915 0.022000 0.018362
0 0.774000 0.819915 0.020000 0.018362
0 0.209000 0.847458 0.022000 0.016949
0 0.351000 0.876412 0.022000 0.015537
0 0.552000 0.875706 0.020000 0.019774
0 0.310000 0.902542 0.020000 0.019774
0 0.552000 0.902542 0.020000 0.019774
