0 0.481000 0.107345 0.038000 0.039548
0 0.336000 0.237288 0.020000 0.016949
0 0.601000 0.273305 0.018000 0.018362
0 0.829000 0.291667 0.018000 0.018362
0 0.302000 0.347458 0.020000 0.019774
0 0.425000 0.349576 0.018000 0.018362
0 0.771000 0.403249 0.018000 0.018362
0 0.195000 0.421610 0.018000 0.018362
0 0.751000 0.532486 0.018000 0.016949
0 0.372000 0.552260 0.016000 0.016949
0 0.522000 0.552260 0.020000 0.019774
0 0.725000 0.589689 0.018000 0.018362
0 0.158000 0.608757 0.020000 0.019774
0 0.318000 0.608051 0.020000 0.015537
0 0.653000 0.644774 0.018000 0.018362
0 0.195000 0.663136 0.018000 0.018362
0 0.725000 0.664548 0.018000 0.018362
0 0.158000 0.682910 0.020000 0.018362
0 0.283000 0.682910 0.018000 0.021186
0 0.619000 0.682203 0.018000 0.016949
0 0.355000 0.718927 0.022000 0.016949
0 0.477000 0.718927 0.022000 0.022599
0 0.602000 0.718220 0.020000 0.021186
0 0.196000 0.736582 0.020000 0.018362
0 0.406000 0.737994 0.020000 0.021186
0 0.213000 0.756356 0.018000 0.015537
0 0.424000 0.774718 0.020000 0.018362
0 0.760000 0.775424 0.020000 0.016949
0 0.786000 0.794492 0.020000 0.015537
0 0.212000 0.811441 0.020000 0.018362
0 0.477000 0.273305 0.018000 0.015537
0 0.707000 0.291667 0.018000 0.015537
0 0.601000 0.588277 0.018000 0.015537
