0 0.614000 0.139831 0.024000 0.019774
0 0.317000 0.215395 0.018000 0.015537
0 0.418000 0.215395 0.020000 0.015537
0 0.222000 0.307910 0.020000 0.016949
0 0.414000 0.307203 0.020000 0.018362
0 0.383000 0.334746 0.022000 0.014124
0 0.484000 0.335452 0.020000 0.015537
0 0.282000 0.362994 0.020000 0.016949
0 0.383000 0.362288 0.018000 0.018362
0 0.444000 0.362994 0.020000 0.016949
0 0.706000 0.391243 0.020000 0.016949
0 0.459000 0.426554 0.018000 0.016949
0 0.560000 0.426554 0.020000 0.016949
0 0.741000 0.427260 0.022000 0.015537
0 0.580000 0.492232 0.020000 0.018362
0 0.302000 0.687147 0.020000 0.015537
0 0.442000 0.853107 0.016000 0.016949
0 0.161000 0.242232 0.022000 0.015537
