0 0.619000 0.104520 0.026000 0.022599
0 0.405000 0.103814 0.026000 0.021186
0 0.279000 0.141243 0.022000 0.019774
0 0.478000 0.141243 0.024000 0.019774
0 0.538000 0.214689 0.024000 0.019774
0 0.208000 0.251412 0.024000 0.016949
0 0.561000 0.252119 0.022000 0.018362
0 0.750000 0.362994 0.024000 0.019774
0 0.562000 0.474576 0.024000 0.016949
0 0.208000 0.512006 0.024000 0.021186
0 0.514000 0.512006 0.024000 0.021186
0 0.749000 0.585452 0.022000 0.018362
0 0.444000 0.622175 0.024000 0.018362
0 0.302000 0.697034 0.024000 0.018362
0 0.325000 0.733051 0.026000 0.019774
0 0.490000 0.734463 0.024000 0.019774
0 0.631000 0.733051 0.022000 0.019774
