0 0.520000 0.104520 0.040000 0.031073
0 0.575000 0.189972 0.030000 0.024011
0 0.755000 0.189972 0.030000 0.024011
0 0.483000 0.226695 0.030000 0.026836
0 0.303000 0.263418 0.030000 0.024011
0 0.620000 0.264124 0.028000 0.025424
0 0.302000 0.338983 0.028000 0.025424
0 0.332000 0.376412 0.028000 0.026836
0 0.181000 0.413136 0.034000 0.024011
0 0.574000 0.411723 0.028000 0.026836
0 0.665000 0.449153 0.030000 0.025424
0 0.454000 0.485876 0.032000 0.028249
0 0.755000 0.487288 0.030000 0.025424
0 0.333000 0.596751 0.030000 0.021186
0 0.303000 0.670904 0.030000 0.022599
0 0.757000 0.707627 0.030000 0.025424
0 0.454000 0.782486 0.028000 0.025424
0 0.392000 0.819915 0.032000 0.026836
0 0.393000 0.857345 0.030000 0.022599
