0 0.720859 0.369000 0.049080 0.018000
0 0.372699 0.485000 0.046012 0.020000
0 0.573620 0.485000 0.049080 0.020000
0 0.500000 0.503500 0.049080 0.017000
0 0.374233 0.600000 0.042945 0.018000
0 0.625767 0.599500 0.049080 0.017000
0 0.776074 0.600000 0.055215 0.020000
0 0.450920 0.619000 0.049080 0.018000
0 0.550613 0.619000 0.046012 0.018000
0 0.274540 0.830500 0.046012 0.019000
0 0.426380 0.830000 0.049080 0.018000
0 0.576687 0.830000 0.049080 0.018000
0 0.828221 0.830500 0.049080 0.019000
0 0.475460 0.945000 0.049080 0.016000
