0 0.619000 0.102782 0.022000 0.020093
0 0.250000 0.136012 0.024000 0.021638
0 0.593000 0.136785 0.022000 0.020093
0 0.619000 0.308346 0.022000 0.023184
0 0.479000 0.343122 0.022000 0.021638
0 0.730000 0.343895 0.020000 0.023184
0 0.619000 0.412674 0.022000 0.021638
0 0.525000 0.446677 0.022000 0.021638
0 0.550000 0.549459 0.024000 0.023184
0 0.459000 0.618238 0.022000 0.018547
0 0.356000 0.824575 0.020000 0.020093
0 0.447000 0.859351 0.022000 0.021638
0 0.561000 0.859351 0.022000 0.018547
0 0.402000 0.893354 0.020000 0.018547
