0 0.446000 0.123139 0.040000 0.029770
0 0.331000 0.261840 0.018000 0.014885
0 0.247000 0.280785 0.018000 0.017591
0 0.695000 0.283491 0.018000 0.017591
0 0.879000 0.282138 0.018000 0.012179
0 0.293000 0.322057 0.018000 0.013532
0 0.382000 0.322057 0.020000 0.016238
0 0.447000 0.322057 0.018000 0.013532
0 0.215000 0.560217 0.022000 0.016238
0 0.095000 0.583897 0.022000 0.014885
0 0.165000 0.582544 0.022000 0.014885
0 0.085000 0.605548 0.022000 0.020298
0 0.406000 0.604195 0.024000 0.017591
0 0.210000 0.692828 0.024000 0.018945
0 0.173000 0.782138 0.022000 0.018945
0 0.155000 0.825440 0.022000 0.018945
0 0.101000 0.846414 0.022000 0.017591
0 0.211000 0.848444 0.022000 0.018945
0 0.165000 0.870095 0.022000 0.016238
0 0.413000 0.870095 0.026000 0.018945
0 0.055000 0.892422 0.022000 0.017591
0 0.222000 0.892422 0.024000 0.017591
0 0.552000 0.384980 0.020000 0.014885
0 0.661000 0.384980 0.022000 0.017591
0 0.909000 0.384980 0.022000 0.017591
0 0.529000 0.407984 0.022000 0.017591
0 0.663000 0.407307 0.022000 0.013532
0 0.964000 0.407307 0.024000 0.016238
0 0.561000 0.428281 0.022000 0.017591
0 0.790000 0.428958 0.020000 0.016238
0 0.877000 0.428958 0.022000 0.018945
0 0.595000 0.451286 0.022000 0.020298
0 0.682000 0.450609 0.020000 0.018945
0 0.663000 0.472936 0.022000 0.017591
0 0.778000 0.473613 0.024000 0.018945
0 0.697000 0.495940 0.022000 0.020298
0 0.685000 0.516238 0.022000 0.017591
0 0.551000 0.537889 0.022000 0.017591
0 0.887000 0.561570 0.022000 0.016238
0 0.595000 0.693505 0.022000 0.017591
0 0.833000 0.715156 0.022000 0.017591
0 0.963000 0.714479 0.022000 0.021651
0 0.528000 0.803112 0.028000 0.020298
0 0.965000 0.847091 0.026000 0.018945
0 0.617000 0.868742 0.022000 0.018945
0 0.674000 0.869418 0.024000 0.014885
0 0.659000 0.891069 0.022000 0.017591
0 0.964000 0.891746 0.024000 0.018945
