0 0.096000 0.037678 0.020000 0.022403
0 0.256000 0.026477 0.020000 0.020367
0 0.416000 0.037678 0.020000 0.026477
0 0.569000 0.038697 0.018000 0.024440
0 0.725000 0.037678 0.018000 0.026477
0 0.106000 0.156823 0.020000 0.024440
0 0.231000 0.158859 0.018000 0.020367
0 0.231000 0.183299 0.018000 0.024440
0 0.398000 0.147658 0.020000 0.022403
0 0.400000 0.174134 0.020000 0.030550
0 0.489000 0.175153 0.022000 0.024440
0 0.631000 0.170061 0.018000 0.026477
0 0.817000 0.163951 0.022000 0.030550
0 0.416000 0.344196 0.020000 0.024440
0 0.467000 0.368635 0.018000 0.020367
0 0.638000 0.492872 0.020000 0.024440
0 0.819000 0.442974 0.018000 0.026477
0 0.078000 0.633401 0.020000 0.024440
0 0.223000 0.644603 0.022000 0.022403
0 0.422000 0.645621 0.020000 0.032587
0 0.601000 0.645621 0.018000 0.028513
0 0.776000 0.646640 0.020000 0.022403
0 0.040000 0.775967 0.020000 0.024440
0 0.130000 0.775967 0.020000 0.028513
0 0.182000 0.774949 0.020000 0.026477
0 0.423000 0.742363 0.022000 0.026477
0 0.611000 0.749491 0.018000 0.020367
0 0.051000 0.939919 0.018000 0.030550
0 0.801000 0.830957 0.022000 0.028513
