0 0.513092 0.085114 0.025176 0.020655
0 0.274421 0.347578 0.017120 0.012821
0 0.294058 0.429487 0.016113 0.014245
0 0.734139 0.388533 0.016113 0.013533
0 0.274421 0.576567 0.017120 0.013533
0 0.293555 0.616097 0.017120 0.012821
0 0.402820 0.698006 0.016113 0.014245
0 0.522659 0.657407 0.016113 0.012821
0 0.366566 0.844373 0.016113 0.013533
0 0.555891 0.844017 0.016113 0.014245
0 0.598187 0.780627 0.016113 0.014245
0 0.273917 0.867877 0.016113 0.013533
0 0.330312 0.739672 0.016113 0.013533
0 0.680765 0.908832 0.016113 0.012821
