0 0.603329 0.187584 0.016644 0.021592
0 0.687240 0.186235 0.020804 0.018893
0 0.783634 0.184211 0.019417 0.020243
0 0.597781 0.462213 0.016644 0.020243
0 0.226768 0.562753 0.015257 0.018893
0 0.287795 0.562753 0.018031 0.021592
0 0.307212 0.562078 0.020804 0.022942
0 0.588072 0.572200 0.016644 0.026991
0 0.650485 0.572200 0.019417 0.021592
0 0.846047 0.470310 0.019417 0.022942
0 0.905687 0.473684 0.019417 0.021592
0 0.580444 0.663293 0.018031 0.020243
0 0.599168 0.685560 0.019417 0.021592
0 0.364078 0.806343 0.018031 0.017544
0 0.348128 0.827935 0.019417 0.020243
0 0.876560 0.787449 0.019417 0.020243
0 0.855062 0.810391 0.018031 0.022942
0 0.571429 0.950067 0.024965 0.024291
