0 0.445000 0.057910 0.018000 0.014124
0 0.555000 0.057910 0.018000 0.014124
0 0.483000 0.083333 0.026000 0.022599
0 0.751000 0.082627 0.026000 0.021186
0 0.309000 0.121469 0.026000 0.022599
0 0.403000 0.158898 0.026000 0.024011
0 0.793000 0.158898 0.026000 0.024011
0 0.160000 0.232345 0.024000 0.021186
0 0.457000 0.232345 0.026000 0.021186
0 0.725000 0.232345 0.026000 0.021186
0 0.215000 0.269068 0.026000 0.021186
0 0.161000 0.305791 0.026000 0.021186
0 0.456000 0.305791 0.024000 0.024011
0 0.646000 0.305791 0.028000 0.021186
0 0.295000 0.343220 0.026000 0.022599
0 0.404000 0.343220 0.028000 0.019774
0 0.564000 0.343927 0.028000 0.024011
0 0.698000 0.343220 0.024000 0.019774
0 0.162000 0.418079 0.028000 0.022599
0 0.161000 0.453390 0.026000 0.022599
0 0.564000 0.491525 0.028000 0.022599
0 0.806000 0.491525 0.028000 0.019774
0 0.348000 0.528955 0.028000 0.021186
0 0.295000 0.564266 0.026000 0.024011
0 0.215000 0.602401 0.026000 0.021186
0 0.497000 0.602401 0.026000 0.021186
0 0.402000 0.676554 0.028000 0.019774
0 0.187000 0.750706 0.026000 0.021186
0 0.267000 0.750706 0.026000 0.021186
0 0.189000 0.787429 0.026000 0.021186
0 0.268000 0.788136 0.028000 0.019774
0 0.188000 0.824153 0.028000 0.021186
0 0.267000 0.825565 0.026000 0.021186
0 0.215000 0.861582 0.026000 0.022599
0 0.496000 0.861582 0.028000 0.022599
