0 0.188000 0.104520 0.024000 0.022599
0 0.245000 0.214689 0.022000 0.019774
0 0.273000 0.251412 0.022000 0.019774
0 0.467000 0.252119 0.022000 0.018362
0 0.271000 0.324859 0.022000 0.019774
0 0.356000 0.362994 0.020000 0.019774
0 0.188000 0.399718 0.024000 0.022599
0 0.428000 0.400424 0.024000 0.018362
0 0.805000 0.586864 0.022000 0.021186
0 0.517000 0.620763 0.026000 0.021186
0 0.596000 0.697034 0.024000 0.018362
0 0.326000 0.734463 0.024000 0.019774
0 0.429000 0.733757 0.026000 0.021186
0 0.245000 0.771893 0.022000 0.018362
0 0.320000 0.769774 0.024000 0.019774
0 0.597000 0.807203 0.022000 0.018362
0 0.293000 0.845339 0.022000 0.021186
0 0.460000 0.843927 0.024000 0.015537
0 0.342000 0.881356 0.020000 0.019774
0 0.530000 0.881356 0.024000 0.022599
0 0.791000 0.881356 0.022000 0.019774
