0 0.474000 0.119350 0.032000 0.024011
0 0.390000 0.321328 0.024000 0.021186
0 0.339000 0.359463 0.026000 0.021186
0 0.818000 0.358757 0.028000 0.022599
0 0.793000 0.394774 0.026000 0.021186
0 0.440000 0.432203 0.028000 0.019774
0 0.162000 0.470339 0.028000 0.022599
0 0.365000 0.507062 0.026000 0.022599
0 0.541000 0.506356 0.026000 0.021186
0 0.340000 0.543079 0.024000 0.021186
0 0.767000 0.543785 0.022000 0.022599
0 0.491000 0.580508 0.026000 0.019774
0 0.731000 0.581215 0.026000 0.021186
0 0.617000 0.618644 0.026000 0.022599
0 0.162000 0.653955 0.028000 0.022599
0 0.693000 0.655367 0.026000 0.025424
0 0.239000 0.690678 0.026000 0.022599
0 0.643000 0.692090 0.026000 0.022599
0 0.591000 0.766949 0.026000 0.022599
0 0.441000 0.802260 0.026000 0.022599
0 0.642000 0.802260 0.024000 0.022599
0 0.365000 0.877119 0.026000 0.022599
0 0.693000 0.877119 0.026000 0.022599
