0 0.448000 0.103395 0.024000 0.024691
0 0.707000 0.175926 0.022000 0.018519
0 0.478000 0.209105 0.024000 0.013889
0 0.296000 0.277006 0.024000 0.020062
0 0.409000 0.279321 0.018000 0.021605
0 0.662000 0.280093 0.020000 0.020062
0 0.454000 0.313272 0.020000 0.018519
0 0.706000 0.310957 0.020000 0.020062
0 0.181000 0.344907 0.022000 0.020062
0 0.408000 0.345679 0.020000 0.018519
0 0.615000 0.346451 0.018000 0.016975
0 0.180000 0.380401 0.016000 0.016975
0 0.684000 0.382716 0.020000 0.018519
0 0.272000 0.415123 0.016000 0.018519
0 0.776000 0.415123 0.020000 0.018519
0 0.524000 0.449846 0.020000 0.020062
0 0.638000 0.450617 0.020000 0.018519
0 0.367000 0.519290 0.018000 0.016975
0 0.642000 0.519290 0.024000 0.020062
0 0.433000 0.553241 0.022000 0.016975
0 0.650000 0.553241 0.020000 0.013889
0 0.410000 0.587963 0.024000 0.018519
0 0.368000 0.656636 0.020000 0.016975
0 0.594000 0.655864 0.020000 0.018519
0 0.779000 0.656636 0.022000 0.020062
0 0.364000 0.724537 0.024000 0.023148
0 0.345000 0.759259 0.026000 0.015432
0 0.457000 0.759259 0.022000 0.018519
0 0.180000 0.793210 0.024000 0.021605
0 0.410000 0.793210 0.024000 0.018519
0 0.617000 0.793210 0.026000 0.021605
0 0.345000 0.827932 0.022000 0.020062
0 0.826000 0.827160 0.024000 0.018519
0 0.432000 0.863426 0.020000 0.020062
