0 0.246000 0.104520 0.024000 0.019774
0 0.304000 0.177260 0.024000 0.021186
0 0.281000 0.214689 0.022000 0.019774
0 0.456000 0.289548 0.024000 0.022599
0 0.163000 0.326271 0.022000 0.019774
0 0.375000 0.327684 0.022000 0.019774
0 0.269000 0.400424 0.022000 0.018362
0 0.433000 0.400424 0.022000 0.021186
0 0.351000 0.437147 0.022000 0.021186
0 0.222000 0.659605 0.024000 0.019774
0 0.328000 0.696328 0.024000 0.019774
0 0.374000 0.733051 0.024000 0.019774
0 0.328000 0.770480 0.024000 0.021186
0 0.481000 0.548729 0.022000 0.021186
