0 0.796000 0.139124 0.020000 0.018362
0 0.332000 0.197034 0.020000 0.018362
0 0.594000 0.196328 0.020000 0.016949
0 0.572000 0.226695 0.020000 0.018362
0 0.252000 0.312853 0.020000 0.018362
0 0.332000 0.370763 0.020000 0.018362
0 0.332000 0.429379 0.020000 0.016949
0 0.353000 0.458333 0.022000 0.018362
0 0.332000 0.485876 0.020000 0.019774
0 0.333000 0.515537 0.022000 0.019774
0 0.353000 0.602401 0.022000 0.018362
0 0.716000 0.633475 0.020000 0.018362
0 0.533000 0.659605 0.018000 0.016949
0 0.433000 0.689972 0.022000 0.018362
0 0.333000 0.718927 0.022000 0.016949
0 0.575000 0.747881 0.022000 0.018362
0 0.655000 0.776130 0.022000 0.018362
0 0.756000 0.777542 0.020000 0.018362
0 0.311000 0.835452 0.018000 0.018362
0 0.413000 0.836864 0.022000 0.018362
0 0.614000 0.834746 0.020000 0.016949
0 0.272000 0.892655 0.020000 0.019774
0 0.473000 0.893362 0.018000 0.018362
0 0.533000 0.923023 0.022000 0.021186
