0 0.049165 0.598333 0.020408 0.036667
0 0.144712 0.116667 0.014842 0.033333
0 0.144712 0.326667 0.014842 0.033333
0 0.146568 0.581667 0.014842 0.030000
0 0.384045 0.086667 0.014842 0.033333
0 0.398887 0.138333 0.014842 0.036667
0 0.295918 0.191667 0.016698 0.036667
0 0.543599 0.295000 0.014842 0.030000
0 0.398887 0.400000 0.014842 0.040000
0 0.268089 0.400000 0.016698 0.040000
0 0.355288 0.451667 0.016698 0.036667
0 0.325603 0.505000 0.016698 0.036667
0 0.443414 0.505000 0.014842 0.043333
0 0.513915 0.505000 0.014842 0.036667
0 0.275510 0.766667 0.016698 0.040000
0 0.435993 0.768333 0.014842 0.036667
0 0.275510 0.870000 0.016698 0.040000
0 0.536178 0.871667 0.014842 0.036667
0 0.275510 0.920000 0.016698 0.033333
0 0.309833 0.973333 0.014842 0.040000
0 0.903525 0.085000 0.014842 0.030000
0 0.908163 0.136667 0.016698 0.033333
0 0.909091 0.190000 0.014842 0.026667
0 0.909091 0.243333 0.014842 0.033333
0 0.909091 0.295000 0.014842 0.030000
0 0.909091 0.348333 0.014842 0.030000
0 0.908163 0.396667 0.012987 0.026667
0 0.907236 0.451667 0.014842 0.030000
0 0.907236 0.506667 0.014842 0.026667
0 0.907236 0.558333 0.014842 0.030000
0 0.907236 0.608333 0.014842 0.030000
0 0.907236 0.663333 0.014842 0.033333
0 0.907236 0.715000 0.014842 0.030000
0 0.907236 0.766667 0.014842 0.033333
0 0.942486 0.820000 0.014842 0.033333
0 0.908163 0.973333 0.012987 0.026667
0 0.275510 0.816667 0.016698 0.033333
