0 0.491000 0.074859 0.018000 0.016949
0 0.468000 0.462571 0.040000 0.035311
0 0.221000 0.629237 0.022000 0.018362
0 0.432000 0.646893 0.020000 0.019774
0 0.718000 0.647599 0.020000 0.018362
0 0.840000 0.648305 0.020000 0.016949
0 0.220000 0.684322 0.020000 0.018362
0 0.382000 0.758475 0.020000 0.016949
0 0.523000 0.814972 0.018000 0.016949
0 0.220000 0.831921 0.020000 0.019774
0 0.654000 0.850989 0.020000 0.018362
0 0.814000 0.853107 0.020000 0.016949
0 0.189000 0.889124 0.018000 0.015537
0 0.280000 0.907486 0.020000 0.015537
