0 0.531000 0.155587 0.018000 0.016973
0 0.590000 0.178925 0.020000 0.018388
0 0.571000 0.202263 0.018000 0.019802
0 0.530000 0.250354 0.020000 0.016973
0 0.774000 0.273692 0.020000 0.015559
0 0.267000 0.319661 0.022000 0.016973
0 0.408000 0.249646 0.020000 0.015559
0 0.387000 0.342999 0.018000 0.015559
0 0.515000 0.533946 0.018000 0.018388
0 0.302000 0.637199 0.020000 0.018388
0 0.464000 0.661245 0.020000 0.015559
0 0.293000 0.794908 0.018000 0.016973
0 0.246000 0.342999 0.020000 0.015559
0 0.531000 0.367751 0.022000 0.016973
