0 0.573000 0.140537 0.030000 0.024011
0 0.342000 0.205508 0.020000 0.015537
0 0.300000 0.224576 0.020000 0.014124
0 0.482000 0.225282 0.020000 0.015537
0 0.583000 0.225282 0.022000 0.015537
0 0.331000 0.335452 0.022000 0.015537
0 0.412000 0.390537 0.020000 0.015537
0 0.562000 0.465395 0.020000 0.015537
0 0.159000 0.483757 0.022000 0.015537
0 0.280000 0.502119 0.020000 0.015537
0 0.300000 0.521186 0.020000 0.016949
0 0.462000 0.521186 0.020000 0.016949
0 0.542000 0.521186 0.020000 0.016949
0 0.624000 0.520480 0.020000 0.015537
0 0.744000 0.521186 0.020000 0.016949
0 0.200000 0.539548 0.020000 0.016949
0 0.644000 0.539548 0.020000 0.016949
0 0.805000 0.539548 0.018000 0.016949
0 0.502000 0.557203 0.020000 0.015537
0 0.664000 0.557910 0.020000 0.016949
0 0.280000 0.576977 0.020000 0.015537
0 0.200000 0.613701 0.020000 0.015537
0 0.159000 0.650424 0.022000 0.015537
0 0.332000 0.669492 0.020000 0.016949
0 0.341000 0.687147 0.018000 0.015537
0 0.562000 0.687147 0.020000 0.015537
0 0.704000 0.687853 0.020000 0.016949
0 0.805000 0.687853 0.018000 0.016949
0 0.340000 0.725282 0.020000 0.015537
0 0.341000 0.761299 0.018000 0.014124
0 0.452000 0.835452 0.020000 0.015537
0 0.341000 0.853814 0.018000 0.015537
0 0.522000 0.872175 0.020000 0.015537
0 0.342000 0.891243 0.020000 0.014124
0 0.704000 0.891243 0.020000 0.016949
