0 0.217000 0.181497 0.022000 0.018362
0 0.218000 0.225989 0.024000 0.016949
0 0.525000 0.339689 0.022000 0.018362
0 0.723000 0.339689 0.022000 0.015537
0 0.533000 0.370763 0.022000 0.018362
0 0.776000 0.370763 0.024000 0.018362
0 0.559000 0.447740 0.022000 0.016949
0 0.217000 0.514831 0.022000 0.015537
0 0.393000 0.514831 0.022000 0.015537
0 0.327000 0.552260 0.022000 0.016949
0 0.350000 0.598164 0.024000 0.018362
0 0.481000 0.774718 0.022000 0.018362
0 0.436000 0.846751 0.024000 0.018362
0 0.415000 0.886299 0.022000 0.018362
0 0.591000 0.885593 0.022000 0.016949
