0 0.633000 0.103814 0.022000 0.018362
0 0.539000 0.140537 0.022000 0.018362
0 0.657000 0.141243 0.022000 0.019774
0 0.304000 0.214689 0.020000 0.016949
0 0.821000 0.215395 0.022000 0.018362
0 0.610000 0.252119 0.024000 0.018362
0 0.469000 0.288842 0.022000 0.018362
0 0.257000 0.326977 0.022000 0.021186
0 0.586000 0.326977 0.024000 0.018362
0 0.822000 0.326977 0.024000 0.018362
0 0.775000 0.362994 0.022000 0.019774
0 0.328000 0.400424 0.024000 0.021186
0 0.233000 0.474576 0.022000 0.019774
0 0.398000 0.622881 0.024000 0.019774
0 0.609000 0.585452 0.022000 0.018362
0 0.704000 0.585452 0.024000 0.018362
0 0.492000 0.622175 0.024000 0.018362
0 0.751000 0.622881 0.022000 0.022599
0 0.257000 0.734463 0.022000 0.019774
0 0.257000 0.807910 0.022000 0.019774
0 0.445000 0.808616 0.022000 0.021186
0 0.539000 0.807910 0.022000 0.019774
0 0.775000 0.807203 0.022000 0.021186
0 0.210000 0.845339 0.024000 0.021186
