0 0.443000 0.105226 0.018000 0.018362
0 0.215000 0.262006 0.018000 0.018362
0 0.325000 0.293079 0.018000 0.018362
0 0.756000 0.293079 0.016000 0.018362
0 0.215000 0.330508 0.018000 0.016949
0 0.529000 0.330508 0.018000 0.016949
0 0.658000 0.331215 0.020000 0.018362
0 0.381000 0.387006 0.018000 0.016949
0 0.601000 0.386299 0.018000 0.018362
0 0.585000 0.404661 0.018000 0.015537
0 0.437000 0.442090 0.018000 0.016949
0 0.621000 0.478814 0.018000 0.016949
0 0.214000 0.498588 0.020000 0.016949
0 0.287000 0.516243 0.018000 0.018362
0 0.566000 0.516243 0.020000 0.015537
0 0.658000 0.572034 0.020000 0.016949
0 0.437000 0.589689 0.018000 0.018362
0 0.677000 0.591102 0.018000 0.015537
0 0.769000 0.590395 0.018000 0.016949
0 0.473000 0.627119 0.018000 0.016949
0 0.455000 0.682203 0.022000 0.014124
0 0.602000 0.681497 0.020000 0.018362
0 0.524000 0.808616 0.020000 0.018362
0 0.758000 0.899718 0.020000 0.019774
0 0.591000 0.104520 0.018000 0.014124
