0 0.109603 0.116259 0.035491 0.033217
0 0.412317 0.076923 0.035491 0.027972
0 0.691023 0.077797 0.029228 0.029720
0 0.969729 0.078671 0.027140 0.034965
0 0.598121 0.114510 0.031315 0.029720
0 0.875783 0.115385 0.031315 0.031469
0 0.691023 0.153846 0.029228 0.031469
0 0.688935 0.190559 0.029228 0.027972
0 0.813152 0.191434 0.031315 0.029720
0 0.472860 0.190559 0.027140 0.031469
0 0.397704 0.269231 0.027140 0.031469
0 0.527140 0.346154 0.031315 0.031469
0 0.752610 0.305944 0.027140 0.031469
0 0.109603 0.306818 0.027140 0.029720
0 0.393528 0.445804 0.031315 0.031469
0 0.664927 0.446678 0.027140 0.033217
0 0.109603 0.548077 0.027140 0.029720
0 0.654489 0.627622 0.027140 0.027972
0 0.969729 0.627622 0.031315 0.031469
0 0.076200 0.720280 0.031315 0.031469
0 0.460334 0.780594 0.031315 0.029720
0 0.110647 0.849650 0.029228 0.031469
0 0.125261 0.923077 0.033403 0.031469
0 0.338205 0.923951 0.029228 0.029720
0 0.652401 0.923951 0.031315 0.029720
0 0.717119 0.829545 0.027140 0.029720
0 0.937370 0.923951 0.025052 0.029720
