0 0.371000 0.117232 0.018000 0.016949
0 0.177000 0.158898 0.018000 0.015537
0 0.441000 0.180085 0.018000 0.015537
0 0.644000 0.222458 0.016000 0.015537
0 0.641000 0.244350 0.018000 0.016949
0 0.543000 0.286723 0.018000 0.014124
0 0.768000 0.329802 0.016000 0.015537
0 0.433000 0.435734 0.018000 0.015537
0 0.598000 0.479520 0.020000 0.015537
0 0.239000 0.542373 0.018000 0.019774
0 0.680000 0.543079 0.016000 0.018362
0 0.196000 0.564266 0.016000 0.015537
0 0.371000 0.563559 0.018000 0.016949
0 0.583000 0.564266 0.018000 0.015537
0 0.706000 0.563559 0.016000 0.014124
0 0.636000 0.584746 0.020000 0.016949
0 0.643000 0.606638 0.018000 0.015537
0 0.817000 0.605932 0.018000 0.016949
0 0.351000 0.627825 0.018000 0.015537
0 0.799000 0.627825 0.018000 0.015537
0 0.495000 0.649011 0.018000 0.015537
0 0.316000 0.670198 0.020000 0.015537
0 0.607000 0.670904 0.018000 0.014124
0 0.344000 0.691384 0.020000 0.015537
0 0.644000 0.691384 0.016000 0.015537
0 0.159000 0.713277 0.018000 0.014124
0 0.583000 0.712571 0.018000 0.015537
0 0.583000 0.733757 0.018000 0.015537
0 0.724000 0.798023 0.016000 0.016949
0 0.672000 0.819209 0.020000 0.016949
0 0.812000 0.819209 0.016000 0.016949
0 0.707000 0.841102 0.018000 0.015537
0 0.522000 0.862994 0.016000 0.016949
0 0.733000 0.862288 0.018000 0.015537
0 0.309000 0.903955 0.018000 0.019774
0 0.389000 0.798729 0.018000 0.015537
0 0.442000 0.564972 0.016000 0.014124
0 0.395000 0.670904 0.018000 0.014124
