0 0.137000 0.151890 0.030000 0.027616
0 0.310000 0.220203 0.020000 0.018895
0 0.313000 0.253634 0.022000 0.015988
0 0.125000 0.444767 0.022000 0.017442
0 0.241000 0.477471 0.018000 0.015988
0 0.358000 0.509448 0.020000 0.015988
0 0.262000 0.608285 0.020000 0.015988
0 0.143000 0.706395 0.018000 0.017442
0 0.598000 0.167878 0.020000 0.018895
0 0.597000 0.186773 0.022000 0.015988
0 0.790000 0.531250 0.020000 0.018895
0 0.697000 0.651163 0.022000 0.020349
0 0.574000 0.707122 0.020000 0.015988
0 0.772000 0.742733 0.020000 0.017442
0 0.869000 0.724564 0.022000 0.015988
0 0.671000 0.774709 0.022000 0.017442
0 0.652000 0.792878 0.020000 0.018895
0 0.555000 0.811047 0.022000 0.017442
0 0.908000 0.861192 0.020000 0.015988
0 0.151000 0.321948 0.018000 0.015988
0 0.790000 0.827762 0.020000 0.015988
