0 0.314000 0.104520 0.036000 0.028249
0 0.533000 0.135593 0.022000 0.019774
0 0.221000 0.163136 0.022000 0.018362
0 0.564000 0.164548 0.020000 0.021186
0 0.311000 0.191384 0.022000 0.021186
0 0.760000 0.192090 0.020000 0.016949
0 0.503000 0.218927 0.022000 0.016949
0 0.705000 0.220339 0.022000 0.019774
0 0.716000 0.276130 0.020000 0.018362
0 0.310000 0.331921 0.020000 0.019774
0 0.793000 0.329802 0.022000 0.018362
0 0.564000 0.386299 0.020000 0.018362
0 0.463000 0.415254 0.022000 0.019774
0 0.201000 0.497175 0.022000 0.019774
0 0.785000 0.497175 0.022000 0.016949
0 0.645000 0.553672 0.022000 0.016949
0 0.818000 0.747175 0.020000 0.019774
0 0.633000 0.803672 0.022000 0.016949
0 0.705000 0.831215 0.022000 0.018362
