0 0.441000 0.098164 0.018000 0.018362
0 0.458000 0.122175 0.020000 0.018362
0 0.819000 0.122175 0.018000 0.021186
0 0.300000 0.144774 0.020000 0.018362
0 0.230000 0.165254 0.016000 0.019774
0 0.371000 0.164548 0.018000 0.018362
0 0.451000 0.188559 0.018000 0.021186
0 0.699000 0.189266 0.018000 0.019774
0 0.746000 0.210452 0.020000 0.019774
0 0.671000 0.233051 0.018000 0.019774
0 0.565000 0.277542 0.018000 0.024011
0 0.371000 0.298023 0.018000 0.019774
0 0.454000 0.322034 0.020000 0.022599
0 0.477000 0.344633 0.018000 0.019774
0 0.617000 0.343927 0.018000 0.018362
0 0.178000 0.366525 0.020000 0.021186
0 0.832000 0.410311 0.024000 0.021186
0 0.230000 0.433616 0.020000 0.016949
0 0.495000 0.454802 0.018000 0.016949
0 0.795000 0.456215 0.018000 0.022599
0 0.547000 0.499294 0.018000 0.018362
0 0.159000 0.522599 0.026000 0.019774
0 0.833000 0.537429 0.026000 0.018362
0 0.741000 0.557910 0.018000 0.016949
0 0.569000 0.576977 0.018000 0.015537
0 0.424000 0.596045 0.020000 0.016949
0 0.671000 0.596751 0.018000 0.018362
0 0.335000 0.632062 0.018000 0.018362
0 0.583000 0.634181 0.018000 0.019774
0 0.247000 0.673023 0.018000 0.021186
0 0.353000 0.674435 0.018000 0.021186
0 0.256000 0.696328 0.020000 0.019774
0 0.494000 0.696328 0.020000 0.019774
0 0.662000 0.764124 0.020000 0.016949
0 0.830000 0.783898 0.020000 0.019774
0 0.283000 0.830508 0.018000 0.019774
0 0.388000 0.830508 0.020000 0.016949
0 0.812000 0.830508 0.020000 0.016949
0 0.442000 0.852401 0.020000 0.018362
0 0.477000 0.873588 0.018000 0.021186
