0 0.426000 0.416667 0.036000 0.048387
0 0.570000 0.419355 0.036000 0.048387
0 0.158000 0.211022 0.016000 0.024194
0 0.046000 0.288978 0.016000 0.024194
0 0.159000 0.477151 0.018000 0.024194
0 0.130000 0.501344 0.016000 0.024194
0 0.186000 0.501344 0.016000 0.024194
0 0.232000 0.418011 0.016000 0.029570
0 0.233000 0.654570 0.018000 0.024194
0 0.030000 0.750000 0.020000 0.026882
0 0.102000 0.750000 0.016000 0.021505
0 0.232000 0.911290 0.016000 0.026882
0 0.346000 0.869624 0.016000 0.029570
0 0.891000 0.196237 0.014000 0.026882
0 0.739000 0.245968 0.018000 0.024194
0 0.940000 0.245968 0.016000 0.024194
0 0.672000 0.423387 0.016000 0.029570
0 0.902000 0.486559 0.016000 0.026882
0 0.944000 0.487903 0.016000 0.024194
0 0.831000 0.513441 0.018000 0.026882
0 0.670000 0.661290 0.016000 0.032258
0 0.886000 0.732527 0.016000 0.029570
0 0.750000 0.759409 0.016000 0.024194
0 0.807000 0.756720 0.014000 0.029570
0 0.784000 0.901882 0.016000 0.029570
0 0.671000 0.922043 0.014000 0.032258
