0 0.834000 0.103814 0.028000 0.024011
0 0.468000 0.140537 0.024000 0.024011
0 0.562000 0.180085 0.024000 0.021186
0 0.774000 0.177260 0.024000 0.021186
0 0.527000 0.288136 0.022000 0.022599
0 0.315000 0.363701 0.022000 0.021186
0 0.327000 0.474576 0.022000 0.025424
0 0.304000 0.585452 0.024000 0.018362
0 0.186000 0.621469 0.024000 0.019774
0 0.316000 0.697034 0.024000 0.021186
0 0.551000 0.695621 0.026000 0.024011
0 0.327000 0.733051 0.022000 0.019774
0 0.397000 0.769774 0.026000 0.022599
0 0.304000 0.882062 0.024000 0.021186
