0 0.213000 0.096045 0.018000 0.016949
0 0.742000 0.096045 0.020000 0.014124
0 0.230000 0.117232 0.020000 0.014124
0 0.442000 0.116525 0.020000 0.015537
0 0.335000 0.181497 0.018000 0.018362
0 0.283000 0.329802 0.018000 0.015537
0 0.407000 0.330508 0.018000 0.019774
0 0.213000 0.394068 0.018000 0.014124
0 0.441000 0.394774 0.018000 0.015537
0 0.407000 0.415960 0.018000 0.012712
0 0.601000 0.414548 0.018000 0.015537
0 0.231000 0.435734 0.018000 0.015537
0 0.424000 0.436441 0.020000 0.016949
0 0.619000 0.436441 0.018000 0.014124
0 0.159000 0.457627 0.018000 0.016949
0 0.513000 0.458333 0.018000 0.012712
0 0.671000 0.456921 0.018000 0.015537
0 0.177000 0.478814 0.018000 0.014124
0 0.301000 0.479520 0.018000 0.015537
0 0.336000 0.479520 0.020000 0.015537
0 0.653000 0.479520 0.018000 0.015537
0 0.266000 0.500706 0.020000 0.015537
0 0.284000 0.564972 0.020000 0.014124
0 0.513000 0.565678 0.018000 0.018362
0 0.671000 0.628531 0.018000 0.016949
0 0.813000 0.692797 0.018000 0.015537
0 0.689000 0.713277 0.018000 0.014124
0 0.513000 0.181497 0.018000 0.015537
