0 0.501000 0.113154 0.042000 0.031117
0 0.486000 0.160537 0.028000 0.024045
0 0.298000 0.307638 0.028000 0.024045
0 0.700000 0.454738 0.028000 0.026874
0 0.766000 0.530410 0.028000 0.022631
0 0.514000 0.567893 0.028000 0.021216
0 0.351000 0.603253 0.026000 0.024045
0 0.836000 0.603960 0.028000 0.022631
0 0.620000 0.642150 0.028000 0.022631
0 0.646000 0.679632 0.028000 0.024045
0 0.298000 0.752475 0.028000 0.022631
0 0.380000 0.827440 0.028000 0.022631
0 0.298000 0.865629 0.028000 0.022631
0 0.807000 0.864215 0.030000 0.025460
