0 0.257000 0.103107 0.022000 0.025424
0 0.492000 0.103814 0.024000 0.021186
0 0.751000 0.104520 0.022000 0.022599
0 0.327000 0.141243 0.022000 0.019774
0 0.233000 0.140537 0.022000 0.018362
0 0.539000 0.141243 0.022000 0.019774
0 0.539000 0.177966 0.022000 0.019774
0 0.373000 0.401130 0.022000 0.019774
0 0.257000 0.438559 0.022000 0.021186
0 0.446000 0.585452 0.024000 0.021186
0 0.539000 0.585452 0.022000 0.018362
0 0.539000 0.621469 0.022000 0.019774
0 0.234000 0.659605 0.024000 0.019774
0 0.375000 0.659605 0.022000 0.019774
0 0.469000 0.770480 0.022000 0.021186
0 0.445000 0.808616 0.022000 0.018362
0 0.328000 0.844633 0.024000 0.019774
0 0.445000 0.845339 0.022000 0.021186
0 0.657000 0.846045 0.022000 0.025424
