0 0.782197 0.139286 0.044192 0.035714
0 0.280934 0.298661 0.021465 0.018750
0 0.421086 0.297321 0.023990 0.019643
0 0.648359 0.334375 0.023990 0.018750
0 0.507576 0.372321 0.022727 0.017857
0 0.489899 0.408929 0.022727 0.019643
0 0.592172 0.409375 0.022727 0.018750
0 0.743687 0.445089 0.022727 0.018750
0 0.578914 0.483036 0.023990 0.017857
0 0.813131 0.484375 0.022727 0.020536
0 0.351010 0.519643 0.022727 0.017857
0 0.699495 0.520982 0.022727 0.018750
0 0.232323 0.557143 0.022727 0.017857
0 0.561869 0.593304 0.022727 0.018750
0 0.704545 0.631696 0.022727 0.020536
0 0.539141 0.667857 0.022727 0.019643
0 0.444444 0.704911 0.022727 0.018750
0 0.719066 0.706250 0.021465 0.017857
0 0.489899 0.741964 0.022727 0.019643
0 0.351010 0.815625 0.022727 0.020536
0 0.722854 0.853571 0.023990 0.021429
