0 0.488000 0.147919 0.040000 0.025872
0 0.475000 0.286277 0.018000 0.012373
0 0.509000 0.316648 0.018000 0.012373
0 0.561000 0.359393 0.018000 0.012373
0 0.248000 0.375141 0.016000 0.012373
0 0.736000 0.433633 0.020000 0.012373
0 0.827000 0.433633 0.018000 0.012373
0 0.520000 0.463442 0.016000 0.011249
0 0.318000 0.579865 0.016000 0.012373
0 0.631000 0.582677 0.018000 0.013498
0 0.899000 0.585489 0.018000 0.012373
0 0.454000 0.596175 0.016000 0.011249
0 0.577000 0.597300 0.018000 0.011249
0 0.579000 0.612486 0.018000 0.012373
0 0.472000 0.625984 0.016000 0.012373
0 0.110000 0.520810 0.016000 0.011249
0 0.135000 0.564679 0.018000 0.011249
0 0.562000 0.404949 0.016000 0.013498
0 0.136000 0.506187 0.016000 0.011249
0 0.170000 0.302025 0.016000 0.012373
0 0.136000 0.345894 0.020000 0.012373
0 0.091000 0.287964 0.018000 0.011249
0 0.704000 0.268279 0.020000 0.012373
