0 0.350000 0.104520 0.024000 0.019774
0 0.420000 0.103814 0.024000 0.018362
0 0.232000 0.140537 0.024000 0.018362
0 0.704000 0.141243 0.024000 0.019774
0 0.773000 0.140537 0.026000 0.018362
0 0.398000 0.252119 0.024000 0.018362
0 0.467000 0.251412 0.026000 0.019774
0 0.255000 0.326271 0.022000 0.019774
0 0.326000 0.326977 0.024000 0.018362
0 0.655000 0.326977 0.022000 0.021186
0 0.302000 0.363701 0.024000 0.018362
0 0.750000 0.363701 0.024000 0.018362
0 0.820000 0.363701 0.024000 0.018362
0 0.232000 0.401130 0.024000 0.019774
0 0.301000 0.401130 0.026000 0.022599
0 0.632000 0.400424 0.024000 0.018362
0 0.702000 0.400424 0.024000 0.018362
0 0.467000 0.511299 0.022000 0.019774
0 0.161000 0.548023 0.026000 0.019774
0 0.798000 0.622881 0.024000 0.019774
0 0.257000 0.770480 0.026000 0.018362
0 0.396000 0.771186 0.024000 0.019774
0 0.302000 0.845339 0.024000 0.018362
0 0.397000 0.845339 0.022000 0.018362
