0 0.362000 0.100989 0.036000 0.029661
0 0.676000 0.101695 0.036000 0.031073
0 0.393000 0.164548 0.026000 0.021186
0 0.621000 0.163842 0.026000 0.022599
0 0.460000 0.239407 0.024000 0.021186
0 0.353000 0.275424 0.026000 0.019774
0 0.407000 0.312147 0.026000 0.022599
0 0.729000 0.312853 0.026000 0.021186
0 0.380000 0.424435 0.024000 0.021186
0 0.594000 0.425141 0.024000 0.022599
0 0.165000 0.461158 0.026000 0.021186
0 0.675000 0.461158 0.026000 0.021186
0 0.165000 0.498588 0.026000 0.022599
0 0.460000 0.572034 0.024000 0.019774
0 0.461000 0.682910 0.026000 0.021186
0 0.460000 0.758475 0.024000 0.022599
0 0.434000 0.831215 0.028000 0.021186
0 0.620000 0.869350 0.024000 0.024011
