0 0.525000 0.103555 0.026000 0.024730
0 0.413000 0.176198 0.022000 0.021638
0 0.344000 0.211747 0.020000 0.021638
0 0.779000 0.279753 0.022000 0.018547
0 0.343000 0.347759 0.022000 0.021638
0 0.572000 0.349304 0.020000 0.021638
0 0.481000 0.381762 0.022000 0.021638
0 0.618000 0.382535 0.020000 0.023184
0 0.254000 0.451314 0.024000 0.021638
0 0.343000 0.451314 0.022000 0.021638
0 0.344000 0.484544 0.024000 0.020093
0 0.687000 0.486862 0.022000 0.024730
0 0.480000 0.519320 0.024000 0.018547
0 0.503000 0.795981 0.022000 0.021638
0 0.203000 0.863215 0.022000 0.020093
