0 0.218000 0.188679 0.020000 0.017417
0 0.785000 0.066038 0.050000 0.033382
0 0.541000 0.184325 0.018000 0.017417
0 0.735000 0.182874 0.018000 0.017417
0 0.698000 0.202467 0.016000 0.013062
0 0.725000 0.372279 0.034000 0.030479
0 0.575000 0.413643 0.018000 0.014514
0 0.501000 0.599419 0.018000 0.014514
0 0.581000 0.598694 0.018000 0.015965
0 0.219000 0.626270 0.018000 0.015965
0 0.421000 0.696662 0.018000 0.014514
0 0.352000 0.746009 0.016000 0.014514
0 0.443000 0.844702 0.018000 0.014514
0 0.196000 0.865022 0.016000 0.014514
0 0.448000 0.865022 0.020000 0.014514
0 0.287000 0.886067 0.018000 0.015965
0 0.519000 0.884615 0.018000 0.015965
0 0.599000 0.905660 0.018000 0.017417
0 0.753000 0.473149 0.014000 0.017417
0 0.158000 0.673440 0.016000 0.017417
0 0.863000 0.410740 0.018000 0.014514
0 0.381000 0.721335 0.018000 0.017417
