0 0.173000 0.093927 0.014000 0.012712
0 0.584000 0.181497 0.016000 0.012712
0 0.614000 0.205508 0.016000 0.012712
0 0.357000 0.228814 0.014000 0.011299
0 0.327000 0.252119 0.014000 0.012712
0 0.645000 0.252119 0.014000 0.015537
0 0.341000 0.296610 0.014000 0.014124
0 0.343000 0.319209 0.014000 0.014124
0 0.342000 0.343220 0.016000 0.011299
0 0.341000 0.365819 0.014000 0.011299
0 0.327000 0.389124 0.014000 0.012712
0 0.357000 0.456921 0.014000 0.012712
0 0.493000 0.480226 0.014000 0.011299
0 0.356000 0.503531 0.016000 0.012712
0 0.477000 0.502825 0.014000 0.011299
0 0.705000 0.526130 0.014000 0.012712
0 0.407000 0.685734 0.014000 0.012712
0 0.549000 0.684322 0.014000 0.012712
0 0.358000 0.777542 0.016000 0.012712
0 0.342000 0.799435 0.016000 0.011299
0 0.674000 0.137712 0.016000 0.012712
