0 0.216000 0.161631 0.032000 0.027190
0 0.233000 0.598187 0.018000 0.015106
0 0.657000 0.637462 0.014000 0.015106
0 0.472000 0.656344 0.016000 0.013595
0 0.745000 0.657100 0.014000 0.012085
0 0.352000 0.765861 0.016000 0.015106
0 0.225000 0.785498 0.018000 0.015106
0 0.488000 0.786254 0.024000 0.013595
0 0.173000 0.825529 0.018000 0.016616
0 0.249000 0.863293 0.018000 0.013595
0 0.258000 0.882175 0.016000 0.015106
0 0.643000 0.784743 0.022000 0.019637
0 0.631000 0.824773 0.018000 0.015106
0 0.817000 0.843656 0.018000 0.016616
0 0.762000 0.863293 0.016000 0.013595
0 0.740000 0.882931 0.016000 0.016616
0 0.600000 0.598943 0.016000 0.013595
0 0.224000 0.617825 0.016000 0.012085
0 0.224000 0.637462 0.016000 0.015106
0 0.797000 0.636707 0.018000 0.013595
0 0.685000 0.675982 0.014000 0.016616
0 0.284000 0.675227 0.016000 0.015106
0 0.224000 0.700906 0.016000 0.015106
0 0.614000 0.843656 0.016000 0.013595
