0 0.230000 0.181507 0.032000 0.043379
0 0.539000 0.183790 0.034000 0.043379
0 0.711000 0.183790 0.034000 0.043379
0 0.176000 0.341324 0.032000 0.043379
0 0.659000 0.340183 0.034000 0.045662
0 0.038000 0.386986 0.036000 0.043379
0 0.384000 0.386986 0.036000 0.043379
0 0.246000 0.569635 0.032000 0.038813
0 0.523000 0.573059 0.034000 0.045662
0 0.695000 0.574201 0.034000 0.047945
0 0.512000 0.621005 0.032000 0.041096
0 0.340000 0.757991 0.032000 0.045662
0 0.248000 0.852740 0.032000 0.043379
0 0.454000 0.853881 0.032000 0.045662
0 0.626000 0.852740 0.032000 0.038813
