0 0.404000 0.093220 0.020000 0.016949
0 0.624000 0.186441 0.020000 0.016949
0 0.725000 0.186441 0.018000 0.016949
0 0.282000 0.241525 0.020000 0.016949
0 0.383000 0.241525 0.018000 0.016949
0 0.302000 0.296610 0.020000 0.016949
0 0.181000 0.334040 0.018000 0.018362
0 0.221000 0.408898 0.018000 0.015537
0 0.403000 0.408192 0.022000 0.016949
0 0.544000 0.408192 0.020000 0.016949
0 0.786000 0.408192 0.020000 0.016949
0 0.342000 0.444915 0.020000 0.016949
0 0.524000 0.462571 0.020000 0.015537
0 0.262000 0.665960 0.020000 0.015537
0 0.545000 0.870763 0.022000 0.015537
