0 0.257000 0.188559 0.022000 0.021186
0 0.657000 0.216102 0.022000 0.019774
0 0.774000 0.216808 0.024000 0.018362
0 0.633000 0.273305 0.022000 0.018362
0 0.539000 0.301554 0.022000 0.018362
0 0.681000 0.301554 0.022000 0.018362
0 0.335000 0.330508 0.022000 0.016949
0 0.193000 0.472458 0.022000 0.018362
0 0.328000 0.101695 0.024000 0.016949
0 0.493000 0.500706 0.022000 0.018362
0 0.304000 0.558616 0.024000 0.018362
0 0.281000 0.615113 0.022000 0.018362
0 0.233000 0.644068 0.022000 0.016949
0 0.233000 0.671610 0.022000 0.018362
0 0.363000 0.728814 0.022000 0.019774
0 0.739000 0.728107 0.022000 0.021186
0 0.551000 0.786017 0.022000 0.018362
0 0.504000 0.814972 0.024000 0.019774
0 0.245000 0.843220 0.022000 0.022599
0 0.269000 0.901130 0.022000 0.022599
