0 0.470000 0.100265 0.025000 0.022085
0 0.161250 0.188163 0.022500 0.014134
0 0.523750 0.188604 0.020000 0.016784
0 0.708750 0.189046 0.020000 0.014134
0 0.490000 0.207597 0.020000 0.015901
0 0.776875 0.293286 0.021250 0.015901
0 0.336250 0.313163 0.020000 0.016784
0 0.201875 0.352032 0.021250 0.016784
0 0.738750 0.435512 0.020000 0.017668
0 0.731875 0.454947 0.021250 0.015901
0 0.281250 0.474382 0.020000 0.014134
0 0.181875 0.494700 0.021250 0.015901
0 0.373125 0.494258 0.018750 0.015018
0 0.301875 0.545936 0.018750 0.017668
0 0.281250 0.586131 0.020000 0.016784
0 0.442500 0.585247 0.020000 0.016784
0 0.718750 0.584364 0.020000 0.015018
0 0.468750 0.636926 0.020000 0.015901
0 0.685000 0.636484 0.022500 0.015018
0 0.805000 0.636042 0.020000 0.017668
0 0.711875 0.655919 0.021250 0.016784
0 0.156875 0.675795 0.026250 0.017668
0 0.336250 0.676237 0.020000 0.016784
0 0.436250 0.727473 0.020000 0.016784
0 0.343125 0.765901 0.021250 0.017668
0 0.701250 0.785336 0.020000 0.019435
0 0.322500 0.856890 0.020000 0.017668
0 0.591875 0.877208 0.021250 0.019435
