0 0.248000 0.093220 0.016000 0.016949
0 0.407000 0.112288 0.018000 0.015537
0 0.583000 0.112288 0.018000 0.018362
0 0.344000 0.149011 0.016000 0.015537
0 0.663000 0.148305 0.018000 0.016949
0 0.195000 0.167373 0.018000 0.015537
0 0.618000 0.168079 0.016000 0.014124
0 0.203000 0.185028 0.018000 0.014124
0 0.629000 0.187147 0.018000 0.021186
0 0.416000 0.224576 0.020000 0.019774
0 0.627000 0.261299 0.018000 0.019774
0 0.203000 0.278249 0.018000 0.016949
0 0.645000 0.279661 0.018000 0.016949
0 0.681000 0.278955 0.018000 0.021186
0 0.751000 0.279661 0.018000 0.016949
0 0.445000 0.298023 0.018000 0.016949
0 0.587000 0.298729 0.018000 0.018362
0 0.230000 0.334746 0.020000 0.014124
0 0.337000 0.333333 0.018000 0.025424
0 0.318000 0.370763 0.016000 0.018362
0 0.513000 0.372175 0.018000 0.018362
0 0.529000 0.408898 0.018000 0.018362
0 0.565000 0.448446 0.018000 0.021186
0 0.812000 0.445621 0.016000 0.021186
0 0.248000 0.483757 0.020000 0.018362
0 0.247000 0.519068 0.018000 0.018362
0 0.230000 0.538842 0.016000 0.018362
0 0.495000 0.538842 0.018000 0.015537
0 0.655000 0.539548 0.018000 0.016949
0 0.565000 0.557203 0.018000 0.015537
0 0.796000 0.557203 0.020000 0.018362
0 0.373000 0.592514 0.018000 0.018362
0 0.530000 0.593927 0.020000 0.018362
0 0.459000 0.630650 0.018000 0.024011
0 0.708000 0.629944 0.020000 0.025424
0 0.221000 0.667373 0.018000 0.018362
0 0.717000 0.667373 0.018000 0.018362
0 0.423000 0.686441 0.018000 0.019774
0 0.547000 0.684322 0.018000 0.018362
0 0.724000 0.688559 0.016000 0.018362
