0 0.563043 0.122807 0.065217 0.056140
0 0.491304 0.263158 0.034783 0.035088
0 0.732609 0.354386 0.039130 0.028070
0 0.286957 0.396491 0.034783 0.035088
0 0.582609 0.442105 0.034783 0.035088
0 0.317391 0.485965 0.034783 0.031579
0 0.665217 0.528070 0.034783 0.031579
0 0.302174 0.571930 0.039130 0.035088
0 0.247826 0.659649 0.034783 0.035088
0 0.556522 0.661404 0.034783 0.031579
0 0.184783 0.703509 0.030435 0.031579
0 0.345652 0.747368 0.030435 0.028070
0 0.082609 0.791228 0.034783 0.031579
0 0.647826 0.308772 0.034783 0.028070
0 0.832609 0.350877 0.030435 0.035088
0 0.643478 0.396491 0.034783 0.028070
0 0.480435 0.440351 0.030435 0.024561
