0 0.492000 0.139831 0.024000 0.019774
0 0.445000 0.250000 0.022000 0.019774
0 0.468000 0.288136 0.024000 0.019774
0 0.420000 0.435734 0.024000 0.018362
0 0.186000 0.510593 0.024000 0.018362
0 0.586000 0.510593 0.024000 0.021186
0 0.351000 0.584746 0.022000 0.022599
0 0.704000 0.585452 0.024000 0.018362
0 0.186000 0.621469 0.024000 0.019774
0 0.680000 0.658898 0.024000 0.021186
0 0.257000 0.733757 0.022000 0.021186
0 0.304000 0.769774 0.024000 0.019774
0 0.256000 0.843927 0.024000 0.018362
0 0.234000 0.881356 0.024000 0.019774
