0 0.511000 0.059322 0.018000 0.014124
0 0.481000 0.172316 0.018000 0.016949
0 0.509000 0.283192 0.018000 0.018362
0 0.508000 0.403955 0.020000 0.016949
0 0.429000 0.480226 0.018000 0.016949
0 0.820000 0.480932 0.020000 0.015537
0 0.510000 0.545198 0.020000 0.016949
0 0.310000 0.540960 0.020000 0.014124
0 0.370000 0.567090 0.020000 0.015537
0 0.266000 0.593927 0.020000 0.015537
0 0.314000 0.655367 0.020000 0.016949
0 0.415000 0.655367 0.022000 0.016949
0 0.540000 0.656073 0.020000 0.015537
0 0.655000 0.694915 0.022000 0.016949
0 0.765000 0.656780 0.022000 0.016949
0 0.233000 0.698446 0.022000 0.015537
0 0.590000 0.645480 0.020000 0.016949
0 0.226000 0.750706 0.020000 0.015537
0 0.509000 0.852401 0.022000 0.015537
0 0.126000 0.646186 0.020000 0.015537
0 0.126000 0.750706 0.020000 0.015537
0 0.371000 0.723870 0.018000 0.015537
0 0.388000 0.671610 0.020000 0.018362
