0 0.284000 0.103107 0.024000 0.022599
0 0.260000 0.189972 0.024000 0.018362
0 0.513000 0.188559 0.022000 0.024011
0 0.645000 0.314266 0.022000 0.024011
0 0.285000 0.508475 0.022000 0.019774
0 0.595000 0.509887 0.022000 0.025424
0 0.276000 0.560028 0.024000 0.024011
0 0.738000 0.561441 0.024000 0.024011
0 0.275000 0.671610 0.022000 0.024011
0 0.482000 0.673023 0.024000 0.026836
0 0.226000 0.708333 0.024000 0.026836
0 0.283000 0.795904 0.022000 0.024011
0 0.583000 0.796610 0.022000 0.025424
0 0.305000 0.838277 0.022000 0.024011
