0 0.209000 0.081173 0.014000 0.012278
0 0.160000 0.130286 0.016000 0.012278
0 0.807000 0.134379 0.014000 0.015007
0 0.595000 0.153479 0.018000 0.012278
0 0.304000 0.193724 0.016000 0.010914
0 0.348000 0.253752 0.016000 0.010914
0 0.464000 0.255116 0.016000 0.013643
0 0.290000 0.273533 0.020000 0.012278
0 0.390000 0.274898 0.016000 0.012278
0 0.410000 0.274216 0.016000 0.013643
0 0.160000 0.291269 0.016000 0.012278
0 0.446000 0.294679 0.016000 0.013643
0 0.177000 0.311050 0.018000 0.010914
0 0.124000 0.330832 0.016000 0.015007
0 0.143000 0.331514 0.018000 0.013643
0 0.447000 0.332196 0.018000 0.012278
0 0.349000 0.350614 0.018000 0.013643
0 0.159000 0.369714 0.018000 0.016371
0 0.465000 0.389495 0.014000 0.012278
0 0.352000 0.409277 0.016000 0.013643
0 0.407000 0.429059 0.018000 0.012278
0 0.104000 0.562074 0.020000 0.013643
0 0.273000 0.582538 0.018000 0.013643
0 0.248000 0.719645 0.016000 0.012278
0 0.325000 0.738745 0.018000 0.015007
0 0.345000 0.739427 0.018000 0.013643
0 0.363000 0.796726 0.018000 0.013643
0 0.315000 0.834925 0.018000 0.013643
0 0.242000 0.892906 0.016000 0.015007
0 0.268000 0.912688 0.016000 0.013643
0 0.608000 0.274898 0.016000 0.015007
0 0.699000 0.275580 0.018000 0.013643
0 0.839000 0.763302 0.018000 0.012278
