0 0.657000 0.103814 0.022000 0.018362
0 0.399000 0.140537 0.022000 0.018362
0 0.680000 0.214689 0.024000 0.019774
0 0.258000 0.251412 0.024000 0.016949
0 0.540000 0.252119 0.024000 0.021186
0 0.822000 0.251412 0.024000 0.019774
0 0.421000 0.288842 0.022000 0.021186
0 0.586000 0.290254 0.024000 0.021186
0 0.824000 0.290254 0.028000 0.018362
0 0.234000 0.362288 0.024000 0.021186
0 0.257000 0.400424 0.022000 0.018362
0 0.822000 0.399718 0.024000 0.022599
0 0.280000 0.511299 0.024000 0.022599
0 0.716000 0.511299 0.024000 0.022599
0 0.187000 0.585452 0.022000 0.018362
0 0.234000 0.697034 0.024000 0.018362
0 0.162000 0.733757 0.024000 0.018362
0 0.233000 0.807910 0.022000 0.019774
0 0.563000 0.807203 0.022000 0.021186
0 0.632000 0.807910 0.024000 0.022599
0 0.280000 0.846045 0.024000 0.022599
