0 0.450000 0.085452 0.036000 0.032486
0 0.494000 0.149011 0.020000 0.018362
0 0.272000 0.168079 0.020000 0.016949
0 0.534000 0.204802 0.020000 0.016949
0 0.232000 0.223164 0.020000 0.016949
0 0.474000 0.224576 0.020000 0.016949
0 0.286000 0.278955 0.020000 0.015537
0 0.494000 0.298729 0.020000 0.015537
0 0.919000 0.298729 0.022000 0.015537
0 0.514000 0.316384 0.020000 0.014124
0 0.776000 0.317090 0.020000 0.015537
0 0.696000 0.334746 0.020000 0.016949
0 0.185000 0.353814 0.022000 0.015537
0 0.890000 0.353814 0.020000 0.015537
0 0.636000 0.372881 0.020000 0.016949
0 0.594000 0.389831 0.020000 0.016949
0 0.191000 0.464689 0.022000 0.016949
0 0.454000 0.463277 0.020000 0.016949
0 0.857000 0.464689 0.022000 0.016949
0 0.332000 0.483757 0.020000 0.015537
0 0.675000 0.483757 0.022000 0.015537
0 0.071000 0.502119 0.022000 0.015537
0 0.252000 0.502119 0.020000 0.015537
0 0.554000 0.502119 0.020000 0.018362
0 0.111000 0.520480 0.022000 0.015537
0 0.494000 0.538842 0.020000 0.018362
0 0.836000 0.538842 0.020000 0.015537
0 0.454000 0.594633 0.020000 0.016949
0 0.716000 0.593220 0.020000 0.016949
0 0.897000 0.594633 0.022000 0.016949
0 0.212000 0.613701 0.020000 0.018362
0 0.494000 0.613701 0.020000 0.018362
0 0.816000 0.613701 0.020000 0.015537
0 0.756000 0.668079 0.020000 0.016949
0 0.656000 0.687853 0.020000 0.019774
0 0.877000 0.687853 0.022000 0.016949
0 0.272000 0.761299 0.020000 0.016949
0 0.655000 0.761299 0.018000 0.016949
0 0.756000 0.761299 0.020000 0.016949
0 0.071000 0.779661 0.022000 0.016949
0 0.391000 0.798729 0.022000 0.015537
0 0.572000 0.798023 0.020000 0.016949
0 0.735000 0.798729 0.022000 0.015537
0 0.440000 0.816384 0.020000 0.016949
0 0.111000 0.835452 0.022000 0.015537
0 0.454000 0.836158 0.020000 0.016949
0 0.292000 0.946328 0.020000 0.016949
0 0.494000 0.946328 0.020000 0.016949
0 0.716000 0.947034 0.020000 0.018362
0 0.110000 0.927966 0.020000 0.016949
0 0.112000 0.130650 0.024000 0.018362
0 0.615000 0.315678 0.018000 0.015537
0 0.782000 0.149718 0.020000 0.016949
