0 0.581000 0.103814 0.026000 0.021186
0 0.485000 0.474576 0.022000 0.022599
0 0.376000 0.511299 0.024000 0.019774
0 0.720000 0.474576 0.024000 0.022599
0 0.562000 0.510593 0.024000 0.024011
0 0.233000 0.658898 0.022000 0.021186
0 0.376000 0.695621 0.024000 0.021186
0 0.435000 0.733051 0.022000 0.019774
0 0.563000 0.769068 0.026000 0.021186
0 0.633000 0.769774 0.022000 0.019774
0 0.304000 0.807203 0.024000 0.018362
0 0.398000 0.807203 0.024000 0.021186
0 0.680000 0.844633 0.024000 0.019774
0 0.186000 0.881356 0.024000 0.022599
