0 0.106015 0.340000 0.034586 0.073333
0 0.223308 0.338333 0.031579 0.076667
0 0.314286 0.338333 0.033083 0.076667
0 0.106767 0.903333 0.033083 0.080000
0 0.315038 0.903333 0.031579 0.073333
0 0.741353 0.338333 0.033083 0.083333
0 0.857895 0.338333 0.034586 0.076667
0 0.950376 0.338333 0.033083 0.076667
0 0.741353 0.606667 0.033083 0.080000
0 0.857143 0.606667 0.033083 0.080000
0 0.948872 0.605000 0.033083 0.070000
0 0.740602 0.903333 0.034586 0.080000
0 0.857143 0.903333 0.033083 0.080000
0 0.949624 0.905000 0.034586 0.083333
