0 0.487000 0.098164 0.026000 0.024011
0 0.423000 0.265537 0.018000 0.016949
0 0.315000 0.337571 0.018000 0.016949
0 0.484000 0.361582 0.020000 0.016949
0 0.665000 0.361582 0.018000 0.016949
0 0.363000 0.550847 0.018000 0.016949
0 0.343000 0.574859 0.018000 0.016949
0 0.514000 0.598164 0.020000 0.018362
0 0.222000 0.621469 0.020000 0.016949
0 0.373000 0.645480 0.018000 0.016949
0 0.716000 0.645480 0.020000 0.019774
0 0.716000 0.669492 0.020000 0.016949
0 0.404000 0.693503 0.020000 0.019774
0 0.806000 0.692797 0.016000 0.018362
0 0.353000 0.716102 0.018000 0.016949
0 0.655000 0.717514 0.018000 0.019774
0 0.222000 0.740113 0.020000 0.016949
0 0.302000 0.763418 0.020000 0.018362
0 0.444000 0.788136 0.020000 0.019774
