0 0.437000 0.086864 0.022000 0.021186
0 0.497000 0.109463 0.022000 0.018362
0 0.194000 0.130650 0.020000 0.015537
0 0.664000 0.151836 0.020000 0.015537
0 0.686000 0.151130 0.020000 0.016949
0 0.798000 0.151130 0.020000 0.014124
0 0.820000 0.152542 0.020000 0.019774
0 0.159000 0.171610 0.022000 0.018362
0 0.281000 0.173023 0.018000 0.018362
0 0.765000 0.193503 0.018000 0.019774
0 0.786000 0.193503 0.020000 0.019774
0 0.417000 0.235876 0.022000 0.016949
0 0.296000 0.257062 0.020000 0.014124
0 0.301000 0.298729 0.022000 0.015537
0 0.320000 0.299435 0.020000 0.016949
0 0.496000 0.341808 0.020000 0.016949
0 0.315000 0.362288 0.018000 0.015537
0 0.416000 0.362994 0.020000 0.016949
0 0.437000 0.362288 0.018000 0.015537
0 0.537000 0.362288 0.018000 0.018362
0 0.300000 0.405367 0.020000 0.016949
0 0.321000 0.404661 0.022000 0.018362
0 0.522000 0.425141 0.020000 0.016949
0 0.758000 0.426554 0.020000 0.019774
0 0.117000 0.447034 0.022000 0.018362
0 0.139000 0.447034 0.022000 0.018362
0 0.240000 0.447034 0.020000 0.015537
0 0.437000 0.466102 0.022000 0.016949
0 0.215000 0.489407 0.022000 0.015537
0 0.708000 0.490819 0.020000 0.018362
0 0.406000 0.511299 0.020000 0.016949
0 0.152000 0.530367 0.024000 0.015537
0 0.881000 0.531780 0.022000 0.018362
0 0.118000 0.552260 0.024000 0.019774
0 0.229000 0.551554 0.022000 0.015537
0 0.250000 0.551554 0.020000 0.018362
0 0.371000 0.552966 0.022000 0.015537
0 0.492000 0.552260 0.020000 0.016949
0 0.628000 0.595339 0.020000 0.018362
0 0.508000 0.615819 0.020000 0.016949
0 0.568000 0.637006 0.020000 0.016949
0 0.710000 0.679379 0.020000 0.016949
0 0.155000 0.699153 0.022000 0.019774
0 0.214000 0.699153 0.020000 0.014124
0 0.527000 0.699859 0.022000 0.018362
0 0.629000 0.700565 0.022000 0.016949
0 0.649000 0.698446 0.022000 0.021186
0 0.750000 0.699859 0.020000 0.015537
0 0.567000 0.721045 0.022000 0.018362
0 0.629000 0.721045 0.022000 0.015537
0 0.744000 0.742232 0.020000 0.015537
0 0.199000 0.764124 0.018000 0.016949
0 0.340000 0.763418 0.020000 0.015537
0 0.361000 0.763418 0.022000 0.018362
0 0.462000 0.763418 0.020000 0.018362
