0 0.238000 0.102056 0.016000 0.013216
0 0.241000 0.138767 0.014000 0.016153
0 0.135000 0.195301 0.018000 0.014684
0 0.195000 0.213656 0.014000 0.016153
0 0.168000 0.267254 0.016000 0.014684
0 0.458000 0.303965 0.016000 0.014684
0 0.181000 0.449339 0.018000 0.011747
0 0.150000 0.468429 0.016000 0.011747
0 0.183000 0.700441 0.018000 0.014684
0 0.554000 0.103524 0.016000 0.013216
0 0.679000 0.267254 0.014000 0.014684
0 0.570000 0.304699 0.016000 0.013216
0 0.683000 0.414097 0.014000 0.014684
0 0.758000 0.451542 0.016000 0.013216
0 0.570000 0.616740 0.016000 0.014684
0 0.573000 0.635830 0.018000 0.011747
0 0.650000 0.709251 0.016000 0.014684
0 0.570000 0.745962 0.016000 0.014684
0 0.674000 0.762115 0.016000 0.014684
0 0.571000 0.820117 0.014000 0.016153
0 0.763000 0.858297 0.014000 0.016153
0 0.749000 0.931718 0.018000 0.013216
0 0.702000 0.213656 0.016000 0.013216
