0 0.177000 0.096045 0.018000 0.014124
0 0.510000 0.095339 0.016000 0.015537
0 0.177000 0.117232 0.018000 0.014124
0 0.301000 0.116525 0.018000 0.015537
0 0.636000 0.116525 0.016000 0.015537
0 0.159000 0.137712 0.018000 0.012712
0 0.291000 0.137006 0.018000 0.014124
0 0.802000 0.138418 0.020000 0.016949
0 0.177000 0.180791 0.018000 0.014124
0 0.373000 0.180791 0.018000 0.014124
0 0.672000 0.180085 0.016000 0.015537
0 0.213000 0.201977 0.018000 0.014124
0 0.831000 0.201977 0.018000 0.014124
0 0.832000 0.223164 0.020000 0.014124
