0 0.311000 0.098164 0.022000 0.018362
0 0.381000 0.098870 0.022000 0.016949
0 0.373000 0.168785 0.018000 0.015537
0 0.656000 0.168785 0.020000 0.012712
0 0.736000 0.168785 0.020000 0.012712
0 0.360000 0.187147 0.020000 0.015537
0 0.656000 0.187853 0.020000 0.014124
0 0.611000 0.207627 0.022000 0.014124
0 0.497000 0.225989 0.022000 0.014124
0 0.189000 0.247175 0.018000 0.016949
0 0.657000 0.246469 0.022000 0.015537
0 0.238000 0.351695 0.020000 0.016949
0 0.537000 0.408898 0.022000 0.015537
0 0.658000 0.409605 0.020000 0.014124
0 0.222000 0.428672 0.020000 0.018362
0 0.282000 0.447740 0.020000 0.016949
0 0.402000 0.447034 0.020000 0.015537
0 0.239000 0.532486 0.022000 0.014124
0 0.342000 0.552966 0.020000 0.015537
0 0.718000 0.552260 0.020000 0.014124
0 0.470000 0.571328 0.020000 0.015537
0 0.743000 0.571328 0.018000 0.015537
0 0.374000 0.591102 0.020000 0.015537
0 0.436000 0.610876 0.020000 0.015537
0 0.651000 0.610169 0.018000 0.016949
0 0.827000 0.610876 0.022000 0.015537
0 0.437000 0.629944 0.018000 0.014124
0 0.518000 0.629237 0.020000 0.015537
0 0.612000 0.629944 0.020000 0.014124
0 0.706000 0.630650 0.020000 0.015537
0 0.457000 0.649011 0.018000 0.018362
0 0.794000 0.648305 0.020000 0.014124
0 0.355000 0.668079 0.018000 0.014124
0 0.572000 0.669492 0.020000 0.016949
0 0.745000 0.669492 0.018000 0.016949
0 0.234000 0.686441 0.020000 0.016949
0 0.409000 0.687853 0.018000 0.014124
0 0.265000 0.754944 0.018000 0.015537
0 0.322000 0.844633 0.020000 0.016949
0 0.537000 0.865113 0.018000 0.015537
0 0.772000 0.865113 0.020000 0.012712
