0 0.686000 0.136130 0.036000 0.039384
0 0.256000 0.179795 0.036000 0.037671
0 0.436000 0.180651 0.032000 0.039384
0 0.536000 0.381849 0.032000 0.034247
0 0.644000 0.384418 0.032000 0.035959
0 0.521000 0.435788 0.034000 0.035959
0 0.699000 0.434075 0.034000 0.035959
0 0.507000 0.591610 0.034000 0.035959
0 0.722000 0.589041 0.032000 0.037671
0 0.471000 0.636986 0.034000 0.034247
0 0.686000 0.636986 0.036000 0.037671
0 0.402000 0.686644 0.032000 0.037671
0 0.510000 0.686644 0.032000 0.037671
0 0.151000 0.926370 0.034000 0.034247
0 0.436000 0.927226 0.032000 0.039384
0 0.241000 0.969178 0.034000 0.041096
