0 0.418000 0.099010 0.024000 0.025460
0 0.262000 0.251768 0.016000 0.016973
0 0.263000 0.489392 0.018000 0.014144
0 0.235000 0.501414 0.018000 0.015559
0 0.263000 0.798444 0.018000 0.012730
0 0.352000 0.811881 0.016000 0.014144
0 0.339000 0.263791 0.018000 0.015559
0 0.353000 0.299859 0.014000 0.014144
0 0.159000 0.312588 0.018000 0.011315
0 0.128000 0.359264 0.016000 0.011315
0 0.095000 0.395332 0.018000 0.012730
0 0.458000 0.442008 0.016000 0.012730
0 0.461000 0.454738 0.018000 0.015559
0 0.370000 0.478076 0.016000 0.014144
0 0.359000 0.526167 0.018000 0.014144
0 0.173000 0.573550 0.018000 0.015559
0 0.400000 0.584866 0.016000 0.012730
0 0.338000 0.620934 0.016000 0.014144
0 0.384000 0.620226 0.016000 0.015559
0 0.389000 0.643564 0.018000 0.014144
0 0.143000 0.787129 0.018000 0.015559
0 0.324000 0.822489 0.016000 0.015559
0 0.279000 0.834512 0.018000 0.014144
0 0.399000 0.846535 0.018000 0.015559
0 0.616000 0.251061 0.016000 0.015559
0 0.632000 0.264498 0.016000 0.014144
0 0.587000 0.275813 0.018000 0.011315
0 0.857000 0.443423 0.018000 0.012730
0 0.647000 0.466054 0.018000 0.012730
0 0.903000 0.596888 0.018000 0.014144
0 0.796000 0.704385 0.016000 0.016973
0 0.714000 0.741160 0.016000 0.014144
0 0.745000 0.763083 0.018000 0.021216
0 0.696000 0.789250 0.016000 0.016973
0 0.822000 0.811174 0.016000 0.015559
0 0.652000 0.834512 0.016000 0.019802
0 0.371000 0.180339 0.014000 0.012730
0 0.341000 0.191655 0.014000 0.012730
0 0.537000 0.205092 0.014000 0.011315
0 0.280000 0.216407 0.016000 0.011315
0 0.326000 0.216407 0.016000 0.011315
0 0.759000 0.383310 0.022000 0.011315
0 0.722000 0.667610 0.016000 0.011315
0 0.722000 0.608911 0.016000 0.009901
