0 0.232000 0.103107 0.020000 0.019774
0 0.561000 0.104520 0.022000 0.016949
0 0.703000 0.103107 0.022000 0.019774
0 0.186000 0.141243 0.024000 0.019774
0 0.303000 0.141949 0.022000 0.018362
0 0.375000 0.141243 0.022000 0.019774
0 0.446000 0.177966 0.020000 0.016949
0 0.563000 0.178672 0.018000 0.018362
0 0.681000 0.177966 0.022000 0.016949
0 0.822000 0.215395 0.024000 0.018362
0 0.398000 0.252825 0.024000 0.019774
0 0.468000 0.252119 0.020000 0.018362
0 0.280000 0.326271 0.024000 0.019774
0 0.774000 0.325565 0.020000 0.018362
0 0.280000 0.364407 0.024000 0.019774
0 0.281000 0.400424 0.022000 0.018362
0 0.635000 0.399011 0.018000 0.018362
0 0.162000 0.435734 0.024000 0.018362
0 0.256000 0.437147 0.020000 0.015537
0 0.349000 0.437147 0.022000 0.018362
0 0.467000 0.474576 0.022000 0.019774
0 0.632000 0.473870 0.020000 0.018362
0 0.750000 0.474576 0.020000 0.019774
0 0.373000 0.512006 0.022000 0.018362
0 0.492000 0.512712 0.024000 0.019774
0 0.451000 0.586864 0.022000 0.018362
0 0.685000 0.586158 0.022000 0.019774
0 0.756000 0.586158 0.020000 0.016949
0 0.404000 0.622881 0.024000 0.019774
0 0.326000 0.658192 0.024000 0.019774
0 0.561000 0.658192 0.022000 0.016949
0 0.187000 0.769774 0.022000 0.019774
0 0.655000 0.807910 0.018000 0.019774
0 0.634000 0.844633 0.024000 0.022599
