0 0.575000 0.093000 0.042000 0.038000
0 0.578000 0.142000 0.044000 0.040000
0 0.589000 0.211000 0.034000 0.038000
0 0.252000 0.486000 0.028000 0.036000
0 0.723000 0.290000 0.022000 0.024000
0 0.571000 0.324000 0.022000 0.028000
0 0.714000 0.353000 0.024000 0.022000
0 0.657000 0.385000 0.026000 0.026000
0 0.783000 0.387000 0.026000 0.030000
0 0.674000 0.412000 0.024000 0.028000
0 0.593000 0.447000 0.022000 0.030000
0 0.736000 0.445000 0.020000 0.030000
0 0.749000 0.509000 0.022000 0.030000
0 0.289000 0.535000 0.022000 0.026000
0 0.245000 0.562000 0.022000 0.032000
0 0.334000 0.592000 0.024000 0.024000
0 0.267000 0.622000 0.022000 0.028000
0 0.357000 0.621000 0.026000 0.026000
0 0.246000 0.735000 0.024000 0.030000
0 0.244000 0.767000 0.024000 0.026000
0 0.245000 0.795000 0.022000 0.022000
0 0.244000 0.824000 0.024000 0.024000
0 0.245000 0.853000 0.022000 0.026000
