0 0.490000 0.099576 0.020000 0.018362
0 0.248000 0.201977 0.016000 0.014124
0 0.795000 0.202684 0.018000 0.015537
0 0.469000 0.269774 0.018000 0.014124
0 0.311000 0.290960 0.018000 0.014124
0 0.717000 0.292373 0.018000 0.016949
0 0.484000 0.338983 0.020000 0.016949
0 0.593000 0.362994 0.018000 0.014124
0 0.407000 0.385593 0.018000 0.016949
0 0.213000 0.407486 0.018000 0.015537
0 0.389000 0.430085 0.018000 0.015537
0 0.523000 0.452684 0.018000 0.018362
0 0.646000 0.451977 0.020000 0.016949
0 0.213000 0.474576 0.018000 0.016949
0 0.593000 0.496469 0.018000 0.015537
0 0.637000 0.519068 0.018000 0.015537
0 0.459000 0.540960 0.018000 0.014124
0 0.689000 0.540960 0.018000 0.014124
0 0.406000 0.563559 0.016000 0.014124
0 0.459000 0.563559 0.018000 0.014124
0 0.512000 0.563559 0.016000 0.016949
0 0.592000 0.586158 0.020000 0.016949
0 0.698000 0.585452 0.016000 0.018362
0 0.608000 0.607345 0.016000 0.014124
0 0.379000 0.629944 0.018000 0.016949
0 0.679000 0.630650 0.018000 0.015537
0 0.732000 0.652542 0.016000 0.014124
0 0.273000 0.674435 0.018000 0.015537
0 0.573000 0.674435 0.018000 0.015537
0 0.362000 0.697034 0.016000 0.015537
0 0.609000 0.697034 0.018000 0.015537
0 0.838000 0.697034 0.020000 0.015537
0 0.535000 0.743644 0.018000 0.015537
0 0.311000 0.769774 0.018000 0.016949
0 0.248000 0.791667 0.016000 0.018362
0 0.311000 0.813559 0.018000 0.016949
0 0.575000 0.812853 0.018000 0.015537
0 0.664000 0.812853 0.016000 0.015537
0 0.753000 0.814266 0.018000 0.015537
0 0.479000 0.836158 0.018000 0.016949
0 0.213000 0.857345 0.018000 0.014124
0 0.300000 0.879237 0.016000 0.015537
0 0.795000 0.408192 0.018000 0.014124
