0 0.256000 0.140537 0.020000 0.021186
0 0.254000 0.163842 0.020000 0.019774
0 0.265000 0.204096 0.018000 0.021186
0 0.264000 0.242938 0.020000 0.022599
0 0.265000 0.283898 0.018000 0.022599
0 0.274000 0.322740 0.020000 0.018362
0 0.483000 0.322034 0.018000 0.022599
0 0.265000 0.385593 0.018000 0.019774
0 0.265000 0.464689 0.018000 0.019774
0 0.294000 0.543785 0.020000 0.019774
0 0.341000 0.582627 0.018000 0.021186
0 0.416000 0.585452 0.020000 0.021186
0 0.473000 0.583333 0.018000 0.019774
0 0.284000 0.646186 0.020000 0.021186
0 0.341000 0.687853 0.022000 0.025424
0 0.331000 0.725989 0.018000 0.019774
0 0.285000 0.766949 0.022000 0.019774
0 0.322000 0.805791 0.020000 0.021186
0 0.379000 0.805791 0.022000 0.021186
0 0.321000 0.846045 0.018000 0.019774
0 0.350000 0.884181 0.020000 0.019774
