0 0.108146 0.401813 0.030899 0.036254
0 0.235955 0.135952 0.028090 0.036254
0 0.459270 0.132931 0.030899 0.036254
0 0.714888 0.135952 0.025281 0.036254
0 0.483146 0.338369 0.028090 0.036254
0 0.264045 0.435045 0.028090 0.036254
0 0.744382 0.438066 0.028090 0.036254
0 0.875000 0.418429 0.030899 0.039275
0 0.258427 0.737160 0.028090 0.036254
0 0.480337 0.673716 0.028090 0.036254
0 0.293539 0.841390 0.030899 0.033233
0 0.735955 0.731118 0.028090 0.036254
0 0.764045 0.833837 0.028090 0.036254
0 0.501404 0.912387 0.030899 0.036254
0 0.568820 0.912387 0.030899 0.036254
