0 0.542000 0.177260 0.024000 0.021186
0 0.290000 0.252825 0.024000 0.019774
0 0.378000 0.288842 0.024000 0.021186
0 0.428000 0.289548 0.024000 0.019774
0 0.566000 0.288842 0.024000 0.018362
0 0.668000 0.290254 0.024000 0.021186
0 0.768000 0.289548 0.024000 0.022599
0 0.240000 0.364407 0.024000 0.022599
0 0.467000 0.363701 0.026000 0.018362
0 0.416000 0.400424 0.024000 0.021186
0 0.618000 0.400424 0.024000 0.024011
0 0.718000 0.437147 0.024000 0.021186
0 0.516000 0.437147 0.024000 0.018362
0 0.366000 0.586158 0.024000 0.019774
0 0.365000 0.658898 0.026000 0.021186
0 0.428000 0.770480 0.024000 0.018362
0 0.416000 0.807203 0.024000 0.021186
0 0.592000 0.807910 0.024000 0.019774
0 0.718000 0.807910 0.024000 0.019774
0 0.240000 0.844633 0.024000 0.019774
0 0.277000 0.881356 0.026000 0.019774
