0 0.500000 0.114407 0.032000 0.031073
0 0.584000 0.163136 0.020000 0.015537
0 0.200000 0.202684 0.020000 0.018362
0 0.462000 0.201271 0.020000 0.015537
0 0.625000 0.200565 0.018000 0.016949
0 0.483000 0.241525 0.018000 0.016949
0 0.403000 0.370056 0.018000 0.019774
0 0.525000 0.370763 0.022000 0.018362
0 0.362000 0.449153 0.020000 0.019774
0 0.604000 0.493644 0.020000 0.018362
0 0.242000 0.694915 0.020000 0.019774
0 0.484000 0.819915 0.020000 0.021186
0 0.829000 0.820621 0.026000 0.019774
0 0.666000 0.369350 0.020000 0.015537
