0 0.403000 0.108051 0.026000 0.021186
0 0.803000 0.108051 0.022000 0.026836
0 0.801000 0.142655 0.026000 0.025424
0 0.551000 0.176554 0.026000 0.025424
0 0.256000 0.207627 0.024000 0.025424
0 0.520000 0.242232 0.024000 0.024011
0 0.639000 0.242938 0.022000 0.022599
0 0.379000 0.312147 0.022000 0.025424
0 0.733000 0.312853 0.022000 0.026836
0 0.350000 0.348164 0.024000 0.026836
0 0.803000 0.383475 0.026000 0.026836
0 0.799000 0.451977 0.022000 0.028249
0 0.333000 0.519774 0.026000 0.025424
0 0.257000 0.624294 0.026000 0.028249
0 0.422000 0.624294 0.024000 0.028249
0 0.588000 0.624294 0.024000 0.025424
0 0.797000 0.622175 0.022000 0.024011
