0 0.257000 0.065015 0.034000 0.027864
0 0.374000 0.198916 0.032000 0.029412
0 0.541000 0.202012 0.034000 0.029412
0 0.426000 0.234520 0.032000 0.029412
0 0.491000 0.232972 0.034000 0.026316
0 0.526000 0.324303 0.032000 0.029412
0 0.591000 0.325077 0.034000 0.030960
0 0.441000 0.355263 0.034000 0.029412
0 0.463000 0.403251 0.034000 0.029412
0 0.462000 0.433437 0.032000 0.030960
0 0.540000 0.509288 0.032000 0.034056
0 0.441000 0.541022 0.034000 0.029412
0 0.424000 0.573529 0.032000 0.029412
0 0.492000 0.573529 0.036000 0.026316
0 0.745000 0.317337 0.034000 0.030960
0 0.728000 0.381579 0.032000 0.029412
0 0.705000 0.525542 0.034000 0.026316
0 0.441000 0.734520 0.034000 0.029412
0 0.374000 0.734520 0.032000 0.026316
0 0.175000 0.766254 0.038000 0.027864
0 0.307000 0.764706 0.034000 0.030960
0 0.575000 0.767028 0.030000 0.029412
