0 0.512000 0.035484 0.040000 0.038710
0 0.176000 0.376613 0.040000 0.033871
0 0.426000 0.377419 0.044000 0.038710
0 0.676000 0.377419 0.040000 0.041935
0 0.116000 0.420161 0.036000 0.037097
0 0.655000 0.420161 0.042000 0.037097
0 0.344000 0.461290 0.044000 0.035484
0 0.470000 0.462903 0.044000 0.038710
0 0.158000 0.504032 0.040000 0.037097
0 0.288000 0.505645 0.044000 0.033871
0 0.819000 0.506452 0.042000 0.041935
0 0.239000 0.683871 0.042000 0.035484
0 0.737000 0.685484 0.042000 0.038710
0 0.175000 0.727419 0.042000 0.041935
0 0.303000 0.725806 0.042000 0.035484
0 0.676000 0.727419 0.040000 0.048387
0 0.197000 0.947581 0.042000 0.033871
0 0.569000 0.951613 0.038000 0.041935
0 0.779000 0.948387 0.042000 0.041935
