0 0.300000 0.116448 0.036000 0.029112
0 0.291000 0.807860 0.018000 0.014556
0 0.629000 0.606987 0.022000 0.020378
0 0.727000 0.713246 0.018000 0.017467
0 0.813000 0.732897 0.018000 0.016012
0 0.539000 0.751820 0.018000 0.013100
0 0.635000 0.754731 0.018000 0.016012
0 0.602000 0.874090 0.016000 0.016012
0 0.852000 0.873362 0.016000 0.014556
0 0.650000 0.933042 0.016000 0.014556
0 0.853000 0.933042 0.018000 0.014556
0 0.537000 0.952693 0.018000 0.016012
0 0.834000 0.952693 0.016000 0.013100
0 0.186000 0.265648 0.016000 0.013100
0 0.297000 0.301310 0.014000 0.014556
0 0.851000 0.893741 0.014000 0.011645
0 0.099000 0.650655 0.014000 0.011645
