0 0.200000 0.134951 0.016000 0.017476
0 0.761000 0.133981 0.014000 0.019417
0 0.185000 0.211650 0.014000 0.019417
0 0.487000 0.213592 0.014000 0.019417
0 0.281000 0.236893 0.014000 0.019417
0 0.657000 0.288350 0.014000 0.021359
0 0.355000 0.310680 0.014000 0.015534
0 0.711000 0.312621 0.014000 0.023301
0 0.500000 0.339806 0.016000 0.019417
0 0.574000 0.337864 0.016000 0.015534
0 0.473000 0.365049 0.014000 0.019417
0 0.667000 0.429126 0.014000 0.019417
0 0.728000 0.547573 0.016000 0.019417
0 0.665000 0.571845 0.014000 0.021359
0 0.197000 0.646602 0.014000 0.019417
0 0.364000 0.695146 0.016000 0.019417
0 0.472000 0.721359 0.016000 0.021359
0 0.301000 0.873786 0.014000 0.019417
0 0.387000 0.338835 0.014000 0.017476
0 0.739000 0.827184 0.014000 0.019417
0 0.276000 0.823301 0.012000 0.015534
