0 0.442000 0.110340 0.020000 0.016975
0 0.214000 0.168981 0.020000 0.016975
0 0.822000 0.168210 0.020000 0.018519
0 0.272000 0.228395 0.020000 0.015432
0 0.842000 0.286265 0.020000 0.016975
0 0.547000 0.315586 0.018000 0.016975
0 0.371000 0.346451 0.018000 0.016975
0 0.370000 0.376543 0.020000 0.018519
0 0.822000 0.435185 0.020000 0.018519
0 0.331000 0.465278 0.018000 0.016975
0 0.429000 0.552469 0.018000 0.018519
0 0.586000 0.553241 0.020000 0.016975
0 0.763000 0.553241 0.018000 0.020062
0 0.194000 0.641975 0.020000 0.018519
0 0.154000 0.670525 0.020000 0.016975
0 0.802000 0.730710 0.020000 0.016975
0 0.606000 0.819444 0.020000 0.018519
0 0.214000 0.847994 0.020000 0.020062
0 0.724000 0.878086 0.020000 0.018519
