0 0.511000 0.182382 0.022000 0.027295
0 0.749000 0.183623 0.022000 0.029777
0 0.771000 0.267990 0.022000 0.024814
0 0.374000 0.303970 0.020000 0.027295
0 0.613000 0.303970 0.018000 0.027295
0 0.489000 0.339950 0.018000 0.024814
0 0.704000 0.341191 0.020000 0.027295
0 0.791000 0.339950 0.018000 0.029777
0 0.246000 0.375931 0.020000 0.027295
0 0.570000 0.375931 0.020000 0.027295
0 0.720000 0.375931 0.020000 0.027295
0 0.829000 0.373449 0.018000 0.027295
0 0.973000 0.473945 0.026000 0.024814
0 0.879000 0.503722 0.022000 0.029777
0 0.967000 0.503722 0.022000 0.029777
0 0.707000 0.535980 0.022000 0.029777
0 0.859000 0.538462 0.022000 0.024814
0 0.729000 0.566998 0.026000 0.032258
0 0.900000 0.568238 0.020000 0.024814
0 0.729000 0.599256 0.018000 0.027295
0 0.838000 0.632754 0.020000 0.029777
0 0.445000 0.699752 0.018000 0.029777
0 0.533000 0.697270 0.018000 0.029777
0 0.792000 0.698511 0.020000 0.027295
0 0.307000 0.837469 0.026000 0.032258
0 0.136000 0.869727 0.020000 0.032258
0 0.216000 0.904467 0.028000 0.032258
