0 0.470000 0.118812 0.032000 0.022631
0 0.673000 0.332390 0.018000 0.019802
0 0.249000 0.415842 0.018000 0.016973
0 0.522000 0.472419 0.020000 0.016973
0 0.522000 0.496464 0.020000 0.016973
0 0.542000 0.519802 0.020000 0.015559
0 0.845000 0.519095 0.022000 0.016973
0 0.804000 0.603253 0.020000 0.018388
0 0.220000 0.697313 0.020000 0.016973
0 0.360000 0.626591 0.020000 0.016973
0 0.562000 0.603253 0.020000 0.015559
0 0.603000 0.696605 0.018000 0.018388
0 0.199000 0.649929 0.022000 0.015559
0 0.260000 0.727016 0.020000 0.019802
0 0.382000 0.729137 0.020000 0.015559
0 0.482000 0.729137 0.020000 0.015559
0 0.623000 0.729137 0.018000 0.015559
0 0.724000 0.822489 0.020000 0.015559
0 0.784000 0.473126 0.020000 0.015559
