0 0.514000 0.076271 0.028000 0.022599
0 0.659000 0.221751 0.018000 0.014124
0 0.394000 0.245763 0.016000 0.016949
0 0.517000 0.245763 0.018000 0.014124
0 0.377000 0.269068 0.018000 0.015537
0 0.165000 0.293079 0.018000 0.012712
0 0.677000 0.317090 0.018000 0.012712
0 0.623000 0.340395 0.018000 0.014124
0 0.272000 0.411723 0.020000 0.015537
0 0.482000 0.411723 0.016000 0.015537
0 0.182000 0.435028 0.016000 0.014124
0 0.305000 0.435028 0.018000 0.014124
0 0.272000 0.459040 0.020000 0.014124
0 0.501000 0.624294 0.018000 0.014124
0 0.711000 0.625706 0.018000 0.016949
0 0.589000 0.649011 0.018000 0.015537
0 0.677000 0.673023 0.018000 0.015537
0 0.200000 0.697034 0.016000 0.015537
0 0.235000 0.721045 0.018000 0.015537
0 0.094000 0.768362 0.020000 0.014124
0 0.219000 0.768362 0.022000 0.014124
0 0.341000 0.767655 0.018000 0.015537
0 0.535000 0.815678 0.018000 0.015537
0 0.765000 0.816384 0.018000 0.014124
0 0.448000 0.839689 0.020000 0.015537
0 0.571000 0.839689 0.018000 0.015537
0 0.094000 0.863701 0.020000 0.015537
0 0.606000 0.887006 0.020000 0.014124
0 0.535000 0.387712 0.018000 0.015537
