0 0.528922 0.131439 0.024510 0.026515
0 0.339706 0.286364 0.018627 0.018182
0 0.197549 0.323864 0.018627 0.017424
0 0.260784 0.400000 0.019608 0.016667
0 0.750980 0.421212 0.017647 0.019697
0 0.221569 0.476894 0.017647 0.017424
0 0.608333 0.533333 0.018627 0.018182
0 0.479412 0.570833 0.017647 0.017424
0 0.675490 0.570455 0.017647 0.018182
0 0.616667 0.627652 0.019608 0.018939
0 0.476961 0.648864 0.018627 0.017424
0 0.517647 0.684091 0.017647 0.018182
0 0.753922 0.721970 0.017647 0.016667
0 0.613725 0.742803 0.017647 0.015909
0 0.589216 0.798864 0.017647 0.017424
0 0.672549 0.819318 0.017647 0.018939
0 0.510294 0.874242 0.018627 0.019697
0 0.378431 0.893182 0.017647 0.016667
0 0.342157 0.685227 0.019608 0.015909
