0 0.585000 0.103814 0.022000 0.018362
0 0.491000 0.157486 0.022000 0.021186
0 0.515000 0.324153 0.022000 0.024011
0 0.680000 0.323446 0.024000 0.019774
0 0.187000 0.358757 0.022000 0.019774
0 0.445000 0.486582 0.022000 0.018362
0 0.586000 0.614407 0.024000 0.019774
0 0.327000 0.651836 0.022000 0.018362
0 0.515000 0.651836 0.022000 0.021186
0 0.797000 0.704096 0.022000 0.018362
0 0.375000 0.742232 0.026000 0.021186
0 0.586000 0.741525 0.020000 0.019774
0 0.397000 0.778955 0.022000 0.018362
0 0.775000 0.778249 0.022000 0.022599
