0 0.429000 0.086864 0.022000 0.021186
0 0.549000 0.135593 0.022000 0.025424
0 0.413000 0.230932 0.018000 0.021186
0 0.555000 0.278955 0.018000 0.024011
0 0.372000 0.299435 0.020000 0.022599
0 0.372000 0.326271 0.020000 0.022599
0 0.836000 0.326271 0.020000 0.022599
0 0.594000 0.372881 0.020000 0.019774
0 0.494000 0.419492 0.020000 0.019774
0 0.535000 0.514831 0.022000 0.018362
0 0.634000 0.608757 0.020000 0.019774
0 0.796000 0.632062 0.020000 0.021186
0 0.272000 0.728814 0.020000 0.019774
0 0.493000 0.751412 0.022000 0.019774
0 0.736000 0.752825 0.020000 0.019774
0 0.554000 0.823446 0.020000 0.016949
0 0.755000 0.822740 0.018000 0.021186
0 0.817000 0.871469 0.018000 0.019774
0 0.472000 0.895480 0.020000 0.019774
0 0.756000 0.895480 0.024000 0.022599
0 0.786000 0.586158 0.020000 0.016949
0 0.216000 0.206921 0.020000 0.015537
