0 0.437000 0.764060 0.026000 0.019204
0 0.246000 0.764746 0.024000 0.020576
0 0.814000 0.642661 0.028000 0.020576
0 0.595000 0.683813 0.018000 0.017833
0 0.175000 0.806584 0.018000 0.013717
0 0.148000 0.113169 0.020000 0.015089
0 0.350000 0.092593 0.020000 0.017833
0 0.310000 0.113169 0.020000 0.015089
0 0.221000 0.130316 0.018000 0.013717
0 0.386000 0.207133 0.020000 0.013717
0 0.202000 0.342250 0.020000 0.015089
0 0.249000 0.400549 0.018000 0.013717
0 0.235000 0.419753 0.018000 0.013717
0 0.253000 0.437586 0.018000 0.013717
0 0.441000 0.438272 0.018000 0.015089
0 0.148000 0.456790 0.020000 0.013717
0 0.130000 0.475995 0.016000 0.016461
0 0.193000 0.475995 0.018000 0.016461
0 0.251000 0.515775 0.018000 0.013717
0 0.424000 0.515089 0.020000 0.015089
0 0.131000 0.534294 0.018000 0.015089
0 0.295000 0.532922 0.018000 0.015089
0 0.417000 0.534294 0.018000 0.015089
0 0.479000 0.534979 0.018000 0.013717
0 0.201000 0.572702 0.018000 0.012346
0 0.238000 0.592593 0.016000 0.013717
0 0.210000 0.611111 0.020000 0.012346
0 0.360000 0.612483 0.020000 0.015089
0 0.184000 0.630316 0.020000 0.015089
0 0.359000 0.632373 0.018000 0.016461
0 0.320000 0.650206 0.020000 0.016461
0 0.148000 0.650892 0.020000 0.017833
0 0.165000 0.668038 0.018000 0.016461
0 0.405000 0.668724 0.018000 0.015089
0 0.256000 0.688615 0.020000 0.016461
0 0.301000 0.706447 0.018000 0.016461
0 0.183000 0.829218 0.018000 0.012346
0 0.317000 0.827846 0.018000 0.015089
0 0.480000 0.828532 0.020000 0.016461
0 0.238000 0.846365 0.020000 0.013717
0 0.363000 0.847737 0.018000 0.016461
0 0.237000 0.867627 0.018000 0.015089
0 0.258000 0.867627 0.020000 0.015089
0 0.368000 0.868313 0.020000 0.016461
0 0.386000 0.866941 0.020000 0.013717
0 0.479000 0.866255 0.018000 0.015089
0 0.111000 0.885460 0.022000 0.015089
0 0.405000 0.886831 0.018000 0.015089
0 0.424000 0.886145 0.016000 0.016461
0 0.131000 0.903978 0.018000 0.013717
0 0.299000 0.904664 0.018000 0.017833
0 0.354000 0.925926 0.020000 0.016461
0 0.862000 0.093964 0.020000 0.015089
0 0.586000 0.150892 0.020000 0.016461
0 0.806000 0.170096 0.020000 0.013717
0 0.588000 0.189300 0.020000 0.016461
0 0.752000 0.189986 0.020000 0.015089
0 0.881000 0.190672 0.018000 0.013717
0 0.835000 0.209877 0.018000 0.013717
0 0.551000 0.227023 0.018000 0.015089
0 0.696000 0.229767 0.020000 0.017833
0 0.844000 0.230453 0.020000 0.016461
0 0.847000 0.248285 0.018000 0.013717
0 0.606000 0.266118 0.020000 0.013717
0 0.810000 0.312071 0.020000 0.015089
0 0.550000 0.328532 0.016000 0.015089
0 0.771000 0.348422 0.018000 0.013717
0 0.713000 0.368313 0.018000 0.012346
0 0.550000 0.406036 0.020000 0.013717
0 0.838000 0.408093 0.020000 0.015089
0 0.659000 0.425240 0.018000 0.013717
0 0.551000 0.508916 0.018000 0.016461
0 0.758000 0.567215 0.020000 0.015089
0 0.603000 0.586420 0.018000 0.015089
0 0.739000 0.585734 0.018000 0.016461
0 0.754000 0.705761 0.020000 0.015089
0 0.613000 0.764060 0.018000 0.013717
0 0.749000 0.827846 0.018000 0.015089
0 0.668000 0.905350 0.020000 0.016461
0 0.863000 0.906036 0.018000 0.015089
0 0.295000 0.324417 0.014000 0.012346
