0 0.267000 0.014548 0.046000 0.014803
0 0.307000 0.033946 0.042000 0.013783
0 0.439000 0.054364 0.050000 0.015824
0 0.686000 0.055385 0.044000 0.014803
0 0.377000 0.074017 0.050000 0.015314
0 0.628000 0.076059 0.044000 0.014293
0 0.177000 0.093925 0.054000 0.014293
0 0.429000 0.095457 0.046000 0.015314
0 0.130000 0.154671 0.048000 0.014293
0 0.380000 0.154671 0.048000 0.016335
0 0.778000 0.153650 0.056000 0.015314
0 0.428000 0.175089 0.044000 0.014293
0 0.682000 0.174834 0.048000 0.014803
0 0.632000 0.193721 0.048000 0.014803
0 0.877000 0.193466 0.050000 0.014293
0 0.130000 0.235069 0.048000 0.015824
0 0.381000 0.234814 0.046000 0.016335
0 0.480000 0.253446 0.040000 0.012762
0 0.729000 0.253956 0.042000 0.013783
0 0.279000 0.274375 0.046000 0.014803
0 0.529000 0.274630 0.042000 0.014293
0 0.731000 0.294793 0.046000 0.015824
0 0.080000 0.313680 0.048000 0.013783
0 0.363000 0.353241 0.046000 0.014293
0 0.601000 0.351965 0.046000 0.017866
0 0.228000 0.393313 0.044000 0.017866
0 0.829000 0.393823 0.046000 0.014803
0 0.379000 0.553599 0.050000 0.015824
0 0.180000 0.572486 0.048000 0.015824
0 0.430000 0.613068 0.044000 0.016335
0 0.230000 0.633486 0.040000 0.015314
0 0.530000 0.712353 0.044000 0.014803
0 0.429000 0.891782 0.050000 0.018377
0 0.831000 0.892037 0.046000 0.013783
0 0.666000 0.912200 0.052000 0.017356
0 0.732000 0.971669 0.044000 0.016845
