0 0.692000 0.102401 0.024000 0.024011
0 0.326000 0.141243 0.024000 0.019774
0 0.620000 0.141949 0.028000 0.024011
0 0.334000 0.177966 0.024000 0.019774
0 0.686000 0.178672 0.020000 0.021186
0 0.429000 0.215395 0.022000 0.021186
0 0.569000 0.214689 0.022000 0.016949
0 0.639000 0.215395 0.022000 0.021186
0 0.377000 0.390537 0.022000 0.021186
0 0.531000 0.456215 0.022000 0.016949
0 0.199000 0.656780 0.022000 0.019774
0 0.531000 0.605226 0.022000 0.018362
0 0.531000 0.680085 0.026000 0.015537
0 0.201000 0.700565 0.022000 0.016949
0 0.749000 0.766949 0.022000 0.022599
0 0.820000 0.766243 0.024000 0.018362
