0 0.265000 0.096045 0.018000 0.014124
0 0.548000 0.115113 0.020000 0.015537
0 0.760000 0.180791 0.020000 0.016949
0 0.777000 0.223870 0.018000 0.015537
0 0.812000 0.223870 0.016000 0.015537
0 0.388000 0.244350 0.020000 0.014124
0 0.424000 0.244350 0.016000 0.014124
0 0.723000 0.244350 0.018000 0.014124
0 0.777000 0.244350 0.018000 0.014124
0 0.282000 0.287429 0.020000 0.015537
0 0.371000 0.287429 0.018000 0.015537
0 0.706000 0.308616 0.016000 0.015537
0 0.458000 0.329096 0.020000 0.014124
0 0.495000 0.329802 0.018000 0.015537
0 0.158000 0.350989 0.020000 0.015537
0 0.635000 0.372881 0.018000 0.016949
0 0.177000 0.413842 0.018000 0.016949
0 0.548000 0.478107 0.020000 0.018362
0 0.635000 0.563559 0.018000 0.016949
0 0.373000 0.626412 0.018000 0.018362
