0 0.375000 0.103814 0.022000 0.021186
0 0.633000 0.103814 0.022000 0.018362
0 0.303000 0.249294 0.022000 0.021186
0 0.399000 0.302260 0.022000 0.022599
0 0.822000 0.302260 0.024000 0.019774
0 0.633000 0.338277 0.022000 0.021186
0 0.539000 0.377119 0.022000 0.019774
0 0.303000 0.468220 0.022000 0.021186
0 0.517000 0.468220 0.022000 0.024011
0 0.233000 0.504944 0.022000 0.021186
0 0.727000 0.504237 0.022000 0.019774
0 0.492000 0.595339 0.024000 0.018362
0 0.680000 0.595339 0.024000 0.021186
0 0.823000 0.592514 0.022000 0.021186
0 0.422000 0.630650 0.024000 0.018362
0 0.303000 0.685734 0.022000 0.018362
0 0.493000 0.738701 0.022000 0.022599
0 0.680000 0.737994 0.024000 0.021186
0 0.727000 0.776836 0.022000 0.022599
0 0.281000 0.813559 0.022000 0.019774
0 0.562000 0.812853 0.024000 0.021186
0 0.257000 0.867232 0.022000 0.022599
