0 0.255000 0.094633 0.022000 0.016949
0 0.445000 0.095339 0.022000 0.018362
0 0.538000 0.096045 0.020000 0.016949
0 0.796000 0.095339 0.020000 0.015537
0 0.255000 0.153249 0.022000 0.015537
0 0.373000 0.153955 0.022000 0.016949
0 0.842000 0.153249 0.020000 0.015537
0 0.337000 0.179379 0.022000 0.016949
0 0.526000 0.177966 0.020000 0.016949
0 0.644000 0.178672 0.020000 0.015537
0 0.725000 0.235876 0.022000 0.016949
0 0.455000 0.263418 0.022000 0.018362
0 0.220000 0.294492 0.024000 0.015537
0 0.302000 0.326271 0.024000 0.019774
0 0.583000 0.325565 0.022000 0.015537
0 0.148000 0.351695 0.024000 0.019774
0 0.255000 0.382768 0.022000 0.016949
0 0.571000 0.409605 0.022000 0.016949
0 0.360000 0.435028 0.020000 0.016949
0 0.525000 0.435028 0.022000 0.016949
0 0.420000 0.467514 0.020000 0.016949
0 0.607000 0.466808 0.022000 0.015537
0 0.267000 0.492938 0.022000 0.016949
0 0.691000 0.492938 0.022000 0.016949
0 0.383000 0.519068 0.022000 0.015537
0 0.643000 0.519068 0.022000 0.015537
0 0.255000 0.550847 0.022000 0.016949
0 0.608000 0.550847 0.024000 0.019774
0 0.843000 0.550847 0.022000 0.019774
0 0.572000 0.576977 0.020000 0.018362
0 0.408000 0.602401 0.020000 0.015537
0 0.679000 0.634181 0.022000 0.016949
0 0.102000 0.661723 0.024000 0.018362
0 0.442000 0.723870 0.020000 0.018362
0 0.372000 0.781073 0.020000 0.019774
0 0.538000 0.780367 0.024000 0.018362
0 0.703000 0.781780 0.022000 0.018362
0 0.891000 0.781073 0.022000 0.016949
0 0.315000 0.807910 0.026000 0.019774
