0 0.522388 0.029091 0.029851 0.025455
0 0.761194 0.197273 0.024876 0.020000
0 0.880597 0.232727 0.024876 0.025455
0 0.146766 0.232727 0.029851 0.025455
0 0.435323 0.369091 0.024876 0.018182
0 0.600746 0.402727 0.022388 0.020000
0 0.481343 0.435455 0.022388 0.016364
0 0.854478 0.435455 0.022388 0.020000
0 0.363184 0.470000 0.024876 0.020000
0 0.241294 0.504545 0.024876 0.020000
0 0.123134 0.538182 0.022388 0.018182
0 0.783582 0.537273 0.024876 0.020000
0 0.804726 0.571818 0.022388 0.020000
0 0.577114 0.709091 0.029851 0.021818
0 0.542289 0.744545 0.024876 0.020000
0 0.374378 0.777273 0.027363 0.020000
0 0.781095 0.777273 0.024876 0.020000
0 0.754975 0.811818 0.027363 0.023636
0 0.825871 0.844545 0.024876 0.020000
0 0.422886 0.846364 0.024876 0.020000
0 0.491294 0.879091 0.022388 0.023636
0 0.325871 0.947273 0.024876 0.021818
0 0.684080 0.946364 0.024876 0.020000
0 0.171642 0.980909 0.024876 0.020000
