0 0.534783 0.067692 0.069565 0.055385
0 0.273913 0.140000 0.034783 0.033846
0 0.478261 0.141538 0.034783 0.030769
0 0.578261 0.140000 0.034783 0.033846
0 0.686957 0.141538 0.043478 0.030769
0 0.239130 0.186154 0.034783 0.033846
0 0.304348 0.276923 0.034783 0.030769
0 0.686957 0.324615 0.034783 0.027692
0 0.269565 0.369231 0.034783 0.030769
0 0.373913 0.369231 0.034783 0.030769
0 0.852174 0.460000 0.034783 0.027692
0 0.519565 0.598462 0.039130 0.033846
0 0.443478 0.690769 0.034783 0.027692
0 0.517391 0.781538 0.034783 0.030769
0 0.302174 0.829231 0.039130 0.027692
0 0.704348 0.826154 0.034783 0.027692
0 0.273913 0.872308 0.034783 0.033846
0 0.378261 0.873846 0.034783 0.030769
0 0.389130 0.416923 0.030435 0.027692
