0 0.495000 0.201413 0.025000 0.042403
0 0.214375 0.304770 0.016250 0.022968
0 0.284375 0.362191 0.016250 0.028269
0 0.265000 0.386926 0.015000 0.024735
0 0.293750 0.412544 0.015000 0.022968
0 0.169375 0.462898 0.016250 0.024735
0 0.226875 0.538869 0.013750 0.021201
0 0.355000 0.539753 0.012500 0.022968
0 0.176875 0.565371 0.013750 0.024735
0 0.155000 0.590989 0.015000 0.022968
0 0.184375 0.614841 0.013750 0.024735
0 0.212500 0.690813 0.015000 0.024735
0 0.364375 0.717314 0.013750 0.024735
0 0.608750 0.336572 0.015000 0.022968
0 0.637500 0.386926 0.015000 0.021201
0 0.651250 0.438163 0.015000 0.021201
0 0.680000 0.538869 0.015000 0.021201
0 0.758750 0.539753 0.015000 0.022968
0 0.681875 0.563604 0.016250 0.021201
0 0.622500 0.590989 0.015000 0.022968
0 0.694375 0.614841 0.013750 0.024735
0 0.765625 0.667845 0.016250 0.024735
0 0.636875 0.741166 0.013750 0.022968
