0 0.359071 0.099312 0.024838 0.022918
0 0.095572 0.192895 0.020518 0.011459
0 0.385529 0.190985 0.012959 0.010695
0 0.705184 0.205500 0.015119 0.012223
0 0.173326 0.228801 0.014039 0.011459
0 0.188445 0.310924 0.016199 0.012223
0 0.188985 0.335371 0.015119 0.012223
0 0.160907 0.346448 0.017279 0.012987
0 0.204644 0.359053 0.014039 0.012223
0 0.355832 0.359053 0.014039 0.012223
0 0.217063 0.370512 0.015119 0.012223
0 0.399028 0.371276 0.016199 0.010695
0 0.398488 0.383499 0.015119 0.012223
0 0.294816 0.395340 0.017279 0.011459
0 0.413607 0.394958 0.015119 0.012223
0 0.219222 0.441940 0.015119 0.012987
0 0.399028 0.476700 0.016199 0.015279
0 0.286177 0.524446 0.017279 0.012987
0 0.112851 0.571429 0.016199 0.013751
0 0.428726 0.584798 0.015119 0.012987
0 0.459503 0.597021 0.016199 0.014515
0 0.112311 0.608480 0.015119 0.012987
0 0.204644 0.608480 0.016199 0.012987
0 0.264579 0.643239 0.015119 0.015279
0 0.160907 0.786096 0.017279 0.013751
0 0.325594 0.822002 0.016199 0.012223
0 0.113391 0.834989 0.017279 0.012223
0 0.308315 0.834607 0.016199 0.011459
0 0.399568 0.834607 0.015119 0.012987
0 0.383909 0.845684 0.014039 0.010695
0 0.245140 0.858671 0.015119 0.013751
0 0.407127 0.858289 0.015119 0.012987
0 0.735961 0.678380 0.014039 0.013751
0 0.722462 0.715432 0.017279 0.009931
0 0.601512 0.263942 0.015119 0.014515
0 0.751080 0.299465 0.014039 0.010695
0 0.887689 0.300229 0.015119 0.012223
0 0.781317 0.311688 0.014039 0.012223
0 0.690605 0.322765 0.014039 0.011459
0 0.812635 0.334225 0.014039 0.012987
0 0.872570 0.357907 0.015119 0.014515
0 0.570734 0.430099 0.014039 0.012223
0 0.676566 0.430099 0.016199 0.012223
0 0.812095 0.430481 0.017279 0.012987
0 0.706263 0.442322 0.017279 0.013751
0 0.872030 0.454545 0.016199 0.012223
0 0.644708 0.513751 0.015119 0.012987
0 0.570734 0.525592 0.016199 0.013751
0 0.540497 0.573720 0.014039 0.013751
0 0.637149 0.763178 0.015119 0.012223
0 0.840173 0.787242 0.012959 0.011459
0 0.714903 0.810924 0.012959 0.011459
0 0.683045 0.834607 0.014039 0.011459
0 0.143629 0.632926 0.015119 0.011459
