0 0.091207 0.226667 0.032808 0.120000
0 0.151575 0.436667 0.030184 0.086667
0 0.151575 0.618333 0.030184 0.083333
0 0.150919 0.773333 0.028871 0.100000
0 0.303150 0.393333 0.028871 0.106667
0 0.448819 0.391667 0.031496 0.090000
0 0.537402 0.393333 0.027559 0.093333
0 0.685039 0.400000 0.028871 0.100000
0 0.434383 0.485000 0.031496 0.090000
0 0.584646 0.491667 0.035433 0.090000
0 0.317585 0.620000 0.031496 0.093333
0 0.464567 0.631667 0.028871 0.103333
0 0.552493 0.620000 0.031496 0.093333
0 0.702756 0.625000 0.035433 0.096667
0 0.537402 0.775000 0.027559 0.116667
0 0.781496 0.180000 0.030184 0.093333
0 0.929790 0.283333 0.035433 0.086667
