0 0.612000 0.084040 0.032000 0.026836
0 0.191000 0.223870 0.018000 0.012712
0 0.473000 0.241525 0.018000 0.014124
0 0.857000 0.242232 0.022000 0.012712
0 0.615000 0.260593 0.022000 0.018362
0 0.413000 0.297316 0.018000 0.015537
0 0.191000 0.315678 0.018000 0.015537
0 0.211000 0.372175 0.018000 0.015537
0 0.212000 0.391243 0.020000 0.016949
0 0.414000 0.500706 0.020000 0.015537
0 0.796000 0.501412 0.020000 0.016949
0 0.252000 0.593927 0.020000 0.015537
0 0.493000 0.593220 0.022000 0.014124
0 0.635000 0.611582 0.018000 0.016949
0 0.211000 0.704096 0.018000 0.015537
0 0.432000 0.704096 0.020000 0.015537
0 0.613000 0.705508 0.018000 0.015537
0 0.837000 0.704802 0.018000 0.014124
0 0.876000 0.706215 0.020000 0.014124
0 0.312000 0.741525 0.020000 0.014124
0 0.726000 0.742938 0.020000 0.016949
0 0.069000 0.759887 0.022000 0.014124
0 0.352000 0.871469 0.020000 0.016949
