0 0.465000 0.093927 0.018000 0.018362
0 0.292000 0.111582 0.020000 0.019774
0 0.309000 0.166667 0.018000 0.019774
0 0.663000 0.168079 0.018000 0.016949
0 0.177000 0.187147 0.018000 0.021186
0 0.715000 0.222458 0.018000 0.015537
0 0.443000 0.242938 0.018000 0.016949
0 0.689000 0.242232 0.018000 0.015537
0 0.423000 0.260593 0.018000 0.015537
0 0.617000 0.260593 0.018000 0.015537
0 0.230000 0.296610 0.016000 0.016949
0 0.390000 0.297316 0.020000 0.018362
0 0.389000 0.315678 0.018000 0.018362
0 0.777000 0.316384 0.018000 0.016949
0 0.408000 0.334040 0.020000 0.015537
0 0.477000 0.334040 0.018000 0.015537
0 0.195000 0.353814 0.018000 0.015537
0 0.389000 0.352401 0.018000 0.015537
0 0.619000 0.353814 0.018000 0.015537
0 0.408000 0.372175 0.020000 0.015537
0 0.478000 0.371469 0.020000 0.016949
0 0.194000 0.389831 0.020000 0.019774
0 0.335000 0.409605 0.018000 0.016949
0 0.654000 0.408898 0.020000 0.015537
0 0.372000 0.426554 0.020000 0.014124
0 0.495000 0.429379 0.018000 0.019774
0 0.583000 0.426554 0.018000 0.016949
0 0.247000 0.445621 0.018000 0.015537
0 0.425000 0.446328 0.022000 0.016949
0 0.583000 0.445621 0.018000 0.015537
0 0.796000 0.446328 0.020000 0.016949
0 0.565000 0.463983 0.018000 0.015537
0 0.443000 0.483051 0.018000 0.016949
0 0.707000 0.482345 0.018000 0.018362
0 0.231000 0.502119 0.018000 0.018362
0 0.672000 0.500000 0.020000 0.016949
0 0.549000 0.519774 0.018000 0.016949
0 0.777000 0.519068 0.018000 0.015537
0 0.759000 0.538842 0.018000 0.015537
0 0.283000 0.555791 0.018000 0.018362
0 0.513000 0.557203 0.018000 0.015537
0 0.654000 0.556497 0.020000 0.014124
0 0.795000 0.555085 0.018000 0.019774
0 0.195000 0.576271 0.018000 0.016949
0 0.353000 0.576977 0.018000 0.018362
0 0.442000 0.576271 0.016000 0.016949
0 0.601000 0.576271 0.018000 0.016949
0 0.689000 0.574859 0.018000 0.016949
0 0.265000 0.593220 0.018000 0.016949
0 0.777000 0.592514 0.018000 0.015537
0 0.389000 0.612994 0.018000 0.016949
0 0.689000 0.612288 0.018000 0.018362
0 0.601000 0.631356 0.018000 0.016949
0 0.229000 0.649011 0.018000 0.021186
0 0.407000 0.649718 0.018000 0.016949
0 0.672000 0.649718 0.016000 0.016949
0 0.230000 0.686441 0.016000 0.016949
0 0.283000 0.687147 0.018000 0.015537
0 0.247000 0.706215 0.018000 0.016949
0 0.672000 0.706215 0.016000 0.016949
0 0.353000 0.724576 0.018000 0.016949
0 0.583000 0.723870 0.018000 0.015537
0 0.159000 0.742232 0.022000 0.018362
0 0.265000 0.742232 0.018000 0.018362
0 0.459000 0.742938 0.018000 0.016949
0 0.248000 0.761299 0.020000 0.016949
0 0.301000 0.762006 0.018000 0.018362
0 0.389000 0.778955 0.018000 0.018362
0 0.795000 0.779661 0.018000 0.016949
0 0.635000 0.798023 0.018000 0.016949
0 0.759000 0.798023 0.018000 0.016949
0 0.284000 0.814972 0.016000 0.016949
0 0.740000 0.815678 0.016000 0.015537
0 0.158000 0.853107 0.020000 0.014124
0 0.513000 0.851695 0.018000 0.016949
0 0.654000 0.854520 0.020000 0.016949
0 0.230000 0.870763 0.020000 0.018362
0 0.514000 0.872175 0.020000 0.015537
0 0.725000 0.871469 0.018000 0.016949
0 0.319000 0.891949 0.018000 0.018362
0 0.513000 0.892655 0.018000 0.019774
0 0.758000 0.891243 0.020000 0.016949
0 0.565000 0.279661 0.018000 0.014124
0 0.353000 0.279661 0.018000 0.014124
