0 0.295000 0.040471 0.042000 0.023566
0 0.241000 0.107070 0.042000 0.023566
0 0.659000 0.106557 0.042000 0.024590
0 0.103000 0.147029 0.042000 0.023566
0 0.334000 0.147029 0.044000 0.025615
0 0.567000 0.147541 0.042000 0.026639
0 0.846000 0.147541 0.040000 0.024590
0 0.288000 0.225410 0.044000 0.024590
0 0.520000 0.226434 0.044000 0.024590
0 0.845000 0.226434 0.042000 0.024590
0 0.427000 0.265881 0.042000 0.023566
0 0.706000 0.265881 0.044000 0.025615
0 0.892000 0.266393 0.044000 0.024590
0 0.706000 0.345799 0.044000 0.027664
0 0.521000 0.384221 0.046000 0.026639
0 0.287000 0.464652 0.042000 0.023566
0 0.521000 0.463627 0.046000 0.025615
0 0.754000 0.464652 0.040000 0.025615
0 0.288000 0.544057 0.044000 0.024590
0 0.845000 0.544570 0.038000 0.025615
0 0.801000 0.661373 0.042000 0.025615
0 0.893000 0.781762 0.042000 0.024590
0 0.845000 0.900102 0.042000 0.023566
