0 0.623000 0.096751 0.018000 0.015537
0 0.743000 0.172316 0.018000 0.016949
0 0.371000 0.193503 0.018000 0.016949
0 0.777000 0.192797 0.018000 0.015537
0 0.371000 0.236582 0.018000 0.015537
0 0.301000 0.277542 0.018000 0.015537
0 0.195000 0.320621 0.018000 0.014124
0 0.565000 0.321328 0.018000 0.015537
0 0.707000 0.321328 0.018000 0.015537
0 0.354000 0.490819 0.016000 0.015537
0 0.261000 0.511299 0.018000 0.016949
0 0.247000 0.532486 0.018000 0.014124
0 0.319000 0.533192 0.018000 0.015537
0 0.619000 0.533898 0.018000 0.014124
0 0.442000 0.555085 0.016000 0.014124
0 0.689000 0.554379 0.018000 0.015537
0 0.795000 0.554379 0.018000 0.015537
0 0.213000 0.576271 0.018000 0.014124
0 0.318000 0.576271 0.020000 0.014124
0 0.531000 0.575565 0.018000 0.015537
0 0.583000 0.576271 0.018000 0.014124
0 0.671000 0.575565 0.018000 0.015537
0 0.725000 0.576977 0.018000 0.015537
0 0.301000 0.597458 0.018000 0.014124
0 0.667000 0.617938 0.018000 0.015537
0 0.791000 0.617938 0.018000 0.015537
0 0.195000 0.639831 0.018000 0.014124
0 0.403000 0.660311 0.018000 0.015537
0 0.583000 0.768362 0.018000 0.014124
0 0.831000 0.788842 0.018000 0.015537
0 0.777000 0.875000 0.018000 0.015537
0 0.509000 0.618644 0.018000 0.016949
