0 0.703000 0.352401 0.018000 0.015537
0 0.315000 0.375706 0.018000 0.016949
0 0.242000 0.424435 0.016000 0.015537
0 0.629000 0.425847 0.018000 0.024011
0 0.680000 0.425141 0.020000 0.016949
0 0.730000 0.424435 0.016000 0.024011
0 0.779000 0.425847 0.018000 0.021186
0 0.663000 0.451271 0.018000 0.018362
0 0.528000 0.475989 0.016000 0.016949
0 0.385000 0.526836 0.018000 0.016949
0 0.391000 0.599576 0.018000 0.018362
0 0.585000 0.600989 0.018000 0.015537
0 0.787000 0.601695 0.018000 0.016949
0 0.223000 0.625000 0.018000 0.021186
0 0.610000 0.625706 0.016000 0.022599
0 0.240000 0.676554 0.016000 0.016949
0 0.408000 0.726695 0.016000 0.018362
0 0.611000 0.726695 0.018000 0.021186
0 0.307000 0.750000 0.018000 0.016949
0 0.472000 0.775424 0.020000 0.019774
0 0.273000 0.874294 0.018000 0.022599
