0 0.198256 0.131579 0.017442 0.013158
0 0.420349 0.131168 0.015116 0.012336
0 0.529070 0.131168 0.018605 0.013980
0 0.230814 0.169408 0.017442 0.013158
0 0.459884 0.168997 0.017442 0.012336
0 0.688953 0.168174 0.015116 0.012336
0 0.238953 0.243010 0.017442 0.012336
0 0.239535 0.316612 0.018605 0.013158
0 0.481977 0.317434 0.017442 0.013158
0 0.197674 0.354030 0.016279 0.012336
0 0.383140 0.354030 0.017442 0.012336
0 0.557558 0.353618 0.017442 0.013158
0 0.268023 0.372944 0.017442 0.012336
0 0.418605 0.372944 0.018605 0.012336
0 0.269767 0.390625 0.016279 0.013158
0 0.204651 0.428043 0.016279 0.013980
0 0.553488 0.428454 0.016279 0.013158
0 0.429651 0.465872 0.015116 0.012336
0 0.204070 0.520970 0.015116 0.012336
0 0.197093 0.557566 0.015116 0.013158
0 0.470349 0.557566 0.017442 0.013158
0 0.193605 0.576480 0.017442 0.011513
0 0.238953 0.613487 0.017442 0.013158
0 0.264535 0.650493 0.015116 0.013158
0 0.572093 0.669408 0.016279 0.013158
0 0.269767 0.706414 0.016279 0.011513
0 0.383140 0.743421 0.017442 0.011513
0 0.233721 0.762336 0.016279 0.013158
0 0.230233 0.798931 0.016279 0.012336
0 0.378488 0.798520 0.015116 0.011513
0 0.199419 0.835526 0.017442 0.013158
0 0.287791 0.835115 0.015116 0.012336
