0 0.518125 0.104682 0.038750 0.029152
0 0.620625 0.226590 0.023750 0.020318
0 0.460625 0.262367 0.026250 0.030035
0 0.755000 0.301678 0.027500 0.023852
0 0.810625 0.338339 0.031250 0.024735
0 0.378750 0.413428 0.025000 0.024735
0 0.245625 0.449205 0.026250 0.025618
0 0.512500 0.487633 0.025000 0.024735
0 0.218125 0.523852 0.026250 0.022968
0 0.729375 0.522085 0.026250 0.024735
0 0.191875 0.561396 0.026250 0.023852
0 0.488750 0.635159 0.027500 0.021201
0 0.701875 0.633392 0.028750 0.026502
0 0.326250 0.671378 0.027500 0.030035
0 0.728750 0.670053 0.025000 0.025618
0 0.459375 0.783569 0.026250 0.026502
0 0.352500 0.819788 0.025000 0.026502
0 0.326875 0.856449 0.026250 0.022085
