0 0.428000 0.100989 0.032000 0.026836
0 0.303000 0.142655 0.022000 0.016949
0 0.704000 0.173729 0.024000 0.019774
0 0.609000 0.239407 0.022000 0.018362
0 0.281000 0.271186 0.022000 0.016949
0 0.351000 0.271186 0.022000 0.019774
0 0.823000 0.271186 0.026000 0.016949
0 0.763000 0.302966 0.022000 0.018362
0 0.798000 0.335452 0.024000 0.018362
0 0.704000 0.369350 0.024000 0.018362
0 0.562000 0.432203 0.024000 0.019774
0 0.421000 0.464689 0.022000 0.016949
0 0.821000 0.464689 0.022000 0.019774
0 0.492000 0.497175 0.024000 0.019774
0 0.798000 0.497175 0.024000 0.019774
0 0.586000 0.530367 0.024000 0.018362
0 0.233000 0.561441 0.022000 0.018362
0 0.374000 0.594633 0.024000 0.016949
0 0.704000 0.593927 0.024000 0.018362
0 0.186000 0.626412 0.024000 0.018362
0 0.816000 0.627119 0.024000 0.016949
0 0.375000 0.658192 0.022000 0.019774
0 0.610000 0.659605 0.024000 0.016949
0 0.256000 0.691384 0.024000 0.018362
0 0.162000 0.724576 0.024000 0.019774
0 0.751000 0.724576 0.022000 0.019774
0 0.797000 0.723164 0.022000 0.019774
0 0.420000 0.755650 0.024000 0.019774
0 0.586000 0.788842 0.020000 0.018362
0 0.798000 0.788136 0.024000 0.019774
0 0.446000 0.822034 0.024000 0.019774
0 0.610000 0.852401 0.020000 0.018362
0 0.493000 0.885593 0.022000 0.019774
0 0.469000 0.756356 0.022000 0.018362
