0 0.245000 0.176803 0.026000 0.022631
0 0.473000 0.103960 0.026000 0.021216
0 0.433000 0.380481 0.026000 0.022631
0 0.702000 0.378359 0.024000 0.024045
0 0.380000 0.415842 0.024000 0.025460
0 0.594000 0.417963 0.024000 0.021216
0 0.434000 0.566478 0.024000 0.024045
0 0.451000 0.606082 0.026000 0.021216
0 0.487000 0.643564 0.026000 0.019802
0 0.568000 0.644272 0.024000 0.021216
0 0.218000 0.680339 0.024000 0.019802
0 0.380000 0.681754 0.024000 0.022631
0 0.561000 0.681047 0.026000 0.021216
0 0.272000 0.874823 0.024000 0.024045
