0 0.605000 0.041219 0.042000 0.043011
0 0.108000 0.285842 0.040000 0.037634
0 0.469000 0.327061 0.038000 0.037634
0 0.667000 0.328853 0.038000 0.037634
0 0.328000 0.374552 0.036000 0.035842
0 0.529000 0.374552 0.038000 0.039427
0 0.161000 0.577061 0.038000 0.039427
0 0.401000 0.577957 0.038000 0.037634
0 0.242000 0.622760 0.036000 0.041219
0 0.442000 0.622760 0.040000 0.037634
0 0.401000 0.666667 0.038000 0.039427
0 0.640000 0.622760 0.040000 0.041219
0 0.390000 0.923835 0.040000 0.041219
0 0.589000 0.926523 0.038000 0.043011
