0 0.347000 0.096888 0.022000 0.018388
0 0.197000 0.218529 0.018000 0.015559
0 0.197000 0.338048 0.018000 0.014144
0 0.174000 0.231966 0.016000 0.011315
0 0.279000 0.243989 0.018000 0.012730
0 0.143000 0.255304 0.018000 0.015559
0 0.202000 0.254597 0.016000 0.014144
0 0.264000 0.255304 0.016000 0.012730
0 0.113000 0.268034 0.018000 0.012730
0 0.325000 0.267327 0.018000 0.014144
0 0.157000 0.280057 0.018000 0.014144
0 0.232000 0.279349 0.016000 0.015559
0 0.175000 0.291372 0.018000 0.014144
0 0.172000 0.301980 0.016000 0.012730
0 0.401000 0.302687 0.014000 0.014144
0 0.129000 0.328147 0.018000 0.014144
0 0.211000 0.350778 0.018000 0.014144
0 0.288000 0.350778 0.016000 0.014144
0 0.394000 0.350778 0.016000 0.014144
0 0.386000 0.362801 0.016000 0.012730
0 0.430000 0.374116 0.016000 0.012730
0 0.143000 0.386846 0.018000 0.012730
0 0.369000 0.398161 0.018000 0.012730
0 0.374000 0.409477 0.020000 0.012730
0 0.420000 0.409477 0.016000 0.009901
0 0.415000 0.433522 0.018000 0.015559
0 0.158000 0.446252 0.016000 0.015559
0 0.220000 0.469590 0.016000 0.011315
0 0.399000 0.480905 0.018000 0.014144
0 0.476000 0.481612 0.020000 0.012730
0 0.250000 0.493635 0.016000 0.014144
0 0.399000 0.504950 0.018000 0.014144
0 0.128000 0.516973 0.016000 0.012730
0 0.355000 0.516973 0.018000 0.012730
0 0.414000 0.516266 0.016000 0.014144
0 0.278000 0.528289 0.016000 0.012730
0 0.354000 0.541018 0.016000 0.012730
0 0.142000 0.553041 0.016000 0.014144
0 0.218000 0.553748 0.016000 0.012730
0 0.205000 0.564356 0.014000 0.011315
0 0.444000 0.576379 0.016000 0.012730
0 0.144000 0.587694 0.016000 0.012730
0 0.128000 0.612447 0.016000 0.014144
0 0.097000 0.624470 0.018000 0.015559
0 0.414000 0.623762 0.016000 0.014144
0 0.220000 0.636492 0.016000 0.014144
0 0.460000 0.647808 0.016000 0.014144
0 0.097000 0.672560 0.018000 0.012730
0 0.293000 0.754597 0.018000 0.012730
0 0.128000 0.767327 0.020000 0.012730
0 0.173000 0.766620 0.018000 0.014144
0 0.114000 0.777935 0.016000 0.014144
0 0.661000 0.231259 0.018000 0.012730
0 0.585000 0.255304 0.018000 0.015559
0 0.796000 0.255304 0.016000 0.012730
0 0.827000 0.279349 0.018000 0.015559
0 0.556000 0.339463 0.016000 0.014144
0 0.767000 0.350778 0.018000 0.014144
0 0.540000 0.683168 0.016000 0.011315
0 0.691000 0.826025 0.018000 0.014144
0 0.857000 0.825318 0.018000 0.012730
0 0.802000 0.873409 0.016000 0.015559
0 0.189000 0.160537 0.014000 0.012730
0 0.281000 0.184583 0.014000 0.009901
0 0.463000 0.159830 0.014000 0.011315
0 0.721000 0.159830 0.014000 0.014144
0 0.401000 0.171853 0.014000 0.012730
0 0.296000 0.171853 0.016000 0.012730
0 0.430000 0.316124 0.016000 0.012730
0 0.340000 0.601132 0.016000 0.011315
