0 0.373000 0.154070 0.026000 0.020349
0 0.191000 0.242006 0.018000 0.015988
0 0.209000 0.273983 0.018000 0.015988
0 0.452000 0.274709 0.016000 0.014535
0 0.128000 0.396802 0.020000 0.017442
0 0.261000 0.432413 0.018000 0.013081
0 0.381000 0.447674 0.018000 0.014535
0 0.360000 0.474564 0.020000 0.013081
0 0.224000 0.489826 0.020000 0.017442
0 0.122000 0.544331 0.020000 0.015988
0 0.259000 0.837209 0.018000 0.014535
0 0.801000 0.582849 0.018000 0.017442
0 0.680000 0.615552 0.020000 0.015988
0 0.579000 0.748547 0.018000 0.014535
0 0.597000 0.792878 0.018000 0.013081
0 0.884000 0.826308 0.020000 0.015988
0 0.741000 0.896802 0.018000 0.014535
