0 0.430000 0.103774 0.040000 0.028302
0 0.406667 0.178066 0.033333 0.021226
0 0.218333 0.214623 0.030000 0.023585
0 0.218333 0.251179 0.030000 0.021226
0 0.350000 0.253538 0.026667 0.025943
0 0.621667 0.251179 0.030000 0.025943
0 0.326667 0.290094 0.026667 0.023585
0 0.433333 0.326651 0.026667 0.025943
0 0.460000 0.586085 0.026667 0.025943
0 0.486667 0.622642 0.026667 0.018868
0 0.755000 0.621462 0.030000 0.021226
0 0.298333 0.695755 0.030000 0.023585
0 0.541667 0.696934 0.030000 0.025943
0 0.433333 0.733491 0.026667 0.023585
0 0.701667 0.734670 0.030000 0.021226
0 0.433333 0.771226 0.026667 0.023585
0 0.781667 0.770047 0.030000 0.021226
0 0.298333 0.808962 0.030000 0.023585
0 0.486667 0.807783 0.026667 0.025943
0 0.245000 0.845519 0.030000 0.025943
0 0.595000 0.844340 0.030000 0.023585
0 0.325000 0.882075 0.030000 0.023585
