0 0.313000 0.158898 0.026000 0.021186
0 0.355000 0.190678 0.026000 0.019774
0 0.361000 0.234463 0.026000 0.019774
0 0.385000 0.363701 0.026000 0.018362
0 0.234000 0.487994 0.024000 0.018362
0 0.457000 0.581215 0.022000 0.021186
0 0.579000 0.581215 0.026000 0.021186
0 0.699000 0.581921 0.026000 0.022599
0 0.186000 0.615819 0.024000 0.019774
0 0.499000 0.617232 0.022000 0.022599
0 0.692000 0.616525 0.024000 0.021186
0 0.240000 0.786723 0.024000 0.019774
0 0.578000 0.787429 0.024000 0.021186
0 0.699000 0.785311 0.026000 0.019774
0 0.186000 0.823446 0.024000 0.019774
0 0.523000 0.824153 0.022000 0.021186
0 0.161000 0.860876 0.026000 0.021186
0 0.667000 0.862288 0.026000 0.021186
