0 0.424000 0.117647 0.048000 0.030812
0 0.313000 0.183473 0.014000 0.014006
0 0.451000 0.182773 0.014000 0.012605
0 0.326000 0.197479 0.016000 0.011204
0 0.492000 0.197479 0.016000 0.011204
0 0.530000 0.198179 0.016000 0.012605
0 0.601000 0.198179 0.014000 0.012605
0 0.144000 0.212185 0.016000 0.009804
0 0.188000 0.213585 0.016000 0.012605
0 0.296000 0.211485 0.016000 0.011204
0 0.616000 0.212885 0.016000 0.011204
0 0.787000 0.211485 0.014000 0.011204
0 0.201000 0.240896 0.014000 0.011204
0 0.301000 0.240896 0.014000 0.011204
0 0.146000 0.300420 0.016000 0.012605
0 0.159000 0.320728 0.014000 0.011204
0 0.363000 0.356443 0.014000 0.009804
0 0.475000 0.357843 0.014000 0.012605
0 0.403000 0.391457 0.014000 0.012605
0 0.475000 0.410364 0.014000 0.014006
0 0.215000 0.428571 0.014000 0.011204
0 0.187000 0.446078 0.014000 0.009804
0 0.202000 0.462885 0.016000 0.009804
0 0.215000 0.498599 0.014000 0.011204
0 0.379000 0.499300 0.014000 0.012605
0 0.216000 0.517507 0.016000 0.012605
0 0.339000 0.516807 0.014000 0.011204
0 0.455000 0.552521 0.014000 0.009804
0 0.328000 0.571429 0.016000 0.011204
0 0.449000 0.570728 0.014000 0.009804
0 0.366000 0.605742 0.012000 0.012605
0 0.159000 0.623950 0.014000 0.012605
0 0.231000 0.640756 0.014000 0.009804
0 0.254000 0.660364 0.016000 0.012605
0 0.462000 0.678571 0.016000 0.012605
0 0.362000 0.695378 0.012000 0.012605
0 0.433000 0.696078 0.014000 0.014006
0 0.323000 0.730392 0.014000 0.012605
0 0.366000 0.731092 0.016000 0.011204
0 0.159000 0.750000 0.014000 0.012605
0 0.250000 0.748599 0.016000 0.012605
0 0.477000 0.749300 0.018000 0.014006
0 0.291000 0.766106 0.014000 0.014006
0 0.405000 0.766807 0.014000 0.012605
0 0.172000 0.803221 0.016000 0.012605
0 0.259000 0.802521 0.014000 0.011204
0 0.215000 0.820728 0.014000 0.014006
0 0.462000 0.821429 0.016000 0.009804
0 0.255000 0.838936 0.014000 0.011204
0 0.412000 0.838235 0.016000 0.012605
0 0.159000 0.856443 0.014000 0.012605
0 0.173000 0.873950 0.014000 0.011204
0 0.330000 0.874650 0.016000 0.012605
0 0.116000 0.891457 0.016000 0.012605
0 0.159000 0.892157 0.014000 0.011204
0 0.318000 0.893557 0.016000 0.014006
0 0.447000 0.893557 0.014000 0.011204
0 0.599000 0.302521 0.014000 0.014006
0 0.585000 0.319328 0.014000 0.011204
0 0.671000 0.320028 0.014000 0.012605
0 0.773000 0.320028 0.014000 0.012605
0 0.512000 0.337535 0.016000 0.011204
0 0.607000 0.337535 0.014000 0.014006
0 0.659000 0.337535 0.014000 0.014006
0 0.730000 0.338235 0.012000 0.012605
0 0.541000 0.356443 0.014000 0.012605
0 0.526000 0.373950 0.016000 0.011204
0 0.635000 0.373249 0.014000 0.012605
0 0.683000 0.409664 0.014000 0.012605
0 0.803000 0.410364 0.014000 0.011204
0 0.594000 0.426471 0.012000 0.012605
0 0.873000 0.463585 0.014000 0.014006
0 0.584000 0.497899 0.016000 0.012605
0 0.888000 0.500000 0.016000 0.011204
0 0.753000 0.516106 0.014000 0.012605
0 0.614000 0.570728 0.016000 0.012605
0 0.727000 0.570728 0.014000 0.012605
0 0.659000 0.588936 0.014000 0.009804
0 0.888000 0.588936 0.016000 0.012605
0 0.683000 0.607143 0.014000 0.012605
0 0.605000 0.641457 0.014000 0.011204
0 0.629000 0.661064 0.014000 0.011204
0 0.627000 0.677871 0.014000 0.011204
0 0.732000 0.677171 0.016000 0.015406
0 0.803000 0.677171 0.014000 0.012605
0 0.762000 0.694678 0.016000 0.014006
0 0.725000 0.712885 0.014000 0.014006
0 0.774000 0.731793 0.016000 0.012605
0 0.672000 0.749300 0.016000 0.011204
0 0.786000 0.748599 0.012000 0.012605
0 0.822000 0.750000 0.016000 0.012605
0 0.889000 0.749300 0.014000 0.011204
0 0.717000 0.767507 0.014000 0.011204
0 0.641000 0.801821 0.014000 0.012605
0 0.781000 0.803221 0.014000 0.012605
0 0.852000 0.803221 0.016000 0.012605
0 0.529000 0.821429 0.014000 0.012605
0 0.613000 0.820728 0.014000 0.011204
0 0.693000 0.820728 0.014000 0.011204
0 0.807000 0.821429 0.014000 0.012605
0 0.512000 0.839636 0.016000 0.012605
0 0.658000 0.838235 0.016000 0.012605
0 0.743000 0.838235 0.014000 0.012605
0 0.622000 0.855742 0.016000 0.011204
0 0.736000 0.856443 0.016000 0.012605
0 0.607000 0.874650 0.014000 0.012605
0 0.652000 0.875350 0.016000 0.011204
0 0.743000 0.873950 0.014000 0.011204
0 0.838000 0.873950 0.016000 0.014006
0 0.542000 0.892857 0.016000 0.015406
0 0.599000 0.892857 0.014000 0.012605
0 0.757000 0.893557 0.014000 0.011204
0 0.773000 0.892857 0.014000 0.009804
0 0.874000 0.892857 0.016000 0.012605
0 0.786000 0.301821 0.016000 0.012605
