0 0.417000 0.168317 0.034000 0.028289
0 0.578000 0.194484 0.024000 0.021216
0 0.156000 0.410891 0.020000 0.015559
0 0.068000 0.448373 0.020000 0.014144
0 0.355000 0.502829 0.018000 0.012730
0 0.192000 0.559406 0.016000 0.015559
0 0.443000 0.614569 0.018000 0.015559
0 0.103000 0.653465 0.018000 0.014144
0 0.425000 0.671853 0.018000 0.014144
0 0.355000 0.688826 0.018000 0.016973
0 0.326000 0.746818 0.020000 0.016973
0 0.282000 0.785007 0.020000 0.019802
0 0.155000 0.821075 0.018000 0.015559
0 0.290000 0.842291 0.020000 0.021216
0 0.766000 0.391796 0.016000 0.016973
0 0.577000 0.446959 0.018000 0.014144
0 0.788000 0.446959 0.016000 0.016973
0 0.551000 0.466054 0.018000 0.018388
0 0.630000 0.503536 0.020000 0.016973
0 0.569000 0.540311 0.018000 0.016973
0 0.821000 0.557992 0.018000 0.018388
0 0.713000 0.596181 0.018000 0.018388
0 0.607000 0.615983 0.018000 0.018388
0 0.603000 0.803395 0.018000 0.016973
0 0.531000 0.822489 0.018000 0.015559
