0 0.460000 0.143519 0.020000 0.015432
0 0.463000 0.165895 0.018000 0.016975
0 0.607000 0.212191 0.018000 0.013889
0 0.683000 0.233796 0.018000 0.016975
0 0.777000 0.233796 0.018000 0.016975
0 0.336000 0.301698 0.016000 0.016975
0 0.537000 0.437500 0.018000 0.016975
0 0.167000 0.460648 0.018000 0.020062
0 0.405000 0.460648 0.018000 0.013889
0 0.391000 0.504630 0.018000 0.018519
0 0.555000 0.527778 0.018000 0.018519
0 0.702000 0.528549 0.020000 0.016975
0 0.263000 0.573302 0.018000 0.020062
0 0.300000 0.573302 0.020000 0.016975
0 0.245000 0.664352 0.018000 0.016975
0 0.281000 0.708333 0.018000 0.018519
0 0.203000 0.731481 0.018000 0.015432
0 0.221000 0.753858 0.018000 0.016975
0 0.625000 0.753858 0.022000 0.016975
0 0.244000 0.822531 0.020000 0.015432
