0 0.548000 0.104520 0.036000 0.028249
0 0.279000 0.176554 0.026000 0.022599
0 0.353000 0.252825 0.026000 0.022599
0 0.279000 0.288136 0.026000 0.022599
0 0.441000 0.287429 0.026000 0.021186
0 0.333000 0.324153 0.026000 0.021186
0 0.548000 0.324859 0.028000 0.019774
0 0.574000 0.360876 0.028000 0.021186
0 0.333000 0.583333 0.026000 0.019774
0 0.549000 0.621469 0.026000 0.019774
0 0.495000 0.658192 0.026000 0.019774
0 0.279000 0.658192 0.026000 0.022599
0 0.347000 0.769068 0.026000 0.021186
0 0.454000 0.805791 0.024000 0.021186
0 0.455000 0.843220 0.026000 0.019774
