0 0.213000 0.093220 0.018000 0.019774
0 0.379000 0.131356 0.018000 0.016949
0 0.416000 0.150424 0.016000 0.018362
0 0.689000 0.149718 0.018000 0.016949
0 0.671000 0.169492 0.018000 0.016949
0 0.336000 0.187853 0.020000 0.016949
0 0.354000 0.205508 0.020000 0.015537
0 0.335000 0.244350 0.018000 0.016949
0 0.407000 0.242938 0.018000 0.019774
0 0.494000 0.241525 0.016000 0.019774
0 0.481000 0.261299 0.018000 0.014124
0 0.389000 0.280367 0.018000 0.015537
0 0.724000 0.281073 0.020000 0.016949
0 0.424000 0.298729 0.016000 0.015537
0 0.158000 0.335452 0.024000 0.015537
0 0.433000 0.354520 0.018000 0.016949
0 0.282000 0.374294 0.016000 0.019774
0 0.759000 0.391949 0.018000 0.015537
0 0.663000 0.484463 0.018000 0.019774
0 0.415000 0.503531 0.018000 0.015537
0 0.609000 0.502119 0.018000 0.018362
0 0.531000 0.521186 0.018000 0.016949
0 0.830000 0.520480 0.020000 0.018362
0 0.283000 0.538136 0.018000 0.016949
0 0.479000 0.538136 0.022000 0.016949
0 0.688000 0.594633 0.020000 0.016949
0 0.777000 0.595339 0.018000 0.018362
0 0.266000 0.650424 0.020000 0.018362
0 0.795000 0.649718 0.018000 0.019774
0 0.177000 0.669492 0.018000 0.016949
0 0.249000 0.670904 0.018000 0.019774
0 0.347000 0.692090 0.018000 0.019774
0 0.825000 0.692797 0.018000 0.018362
0 0.335000 0.736582 0.018000 0.021186
0 0.495000 0.780367 0.018000 0.018362
0 0.654000 0.804379 0.020000 0.018362
0 0.425000 0.848164 0.022000 0.018362
0 0.600000 0.870763 0.020000 0.018362
0 0.317000 0.892655 0.018000 0.016949
