0 0.325000 0.104520 0.026000 0.022599
0 0.527000 0.157486 0.026000 0.021186
0 0.669000 0.211864 0.026000 0.022599
0 0.683000 0.250000 0.026000 0.022599
0 0.818000 0.302260 0.028000 0.022599
0 0.347000 0.338983 0.026000 0.022599
0 0.468000 0.393362 0.028000 0.021186
0 0.818000 0.393362 0.024000 0.021186
0 0.455000 0.430085 0.026000 0.021186
0 0.273000 0.521186 0.026000 0.022599
0 0.669000 0.574153 0.026000 0.021186
0 0.805000 0.574153 0.026000 0.024011
0 0.469000 0.611582 0.026000 0.019774
0 0.225000 0.648305 0.026000 0.019774
0 0.831000 0.649011 0.026000 0.024011
0 0.442000 0.685028 0.024000 0.019774
0 0.615000 0.775424 0.026000 0.019774
