0 0.502000 0.160311 0.020000 0.015537
0 0.254000 0.192090 0.016000 0.014124
0 0.234000 0.220339 0.016000 0.014124
0 0.225000 0.248588 0.018000 0.016949
0 0.687000 0.249294 0.018000 0.015537
0 0.833000 0.276130 0.018000 0.015537
0 0.328000 0.304379 0.016000 0.012712
0 0.424000 0.305085 0.016000 0.014124
0 0.321000 0.331921 0.018000 0.014124
0 0.320000 0.393362 0.016000 0.015537
0 0.178000 0.416667 0.016000 0.014124
0 0.725000 0.417373 0.018000 0.012712
0 0.631000 0.441384 0.018000 0.012712
0 0.772000 0.471045 0.020000 0.015537
0 0.697000 0.531780 0.018000 0.012712
0 0.574000 0.582627 0.016000 0.012712
0 0.254000 0.692797 0.016000 0.015537
0 0.725000 0.692797 0.018000 0.015537
0 0.235000 0.721045 0.018000 0.015537
0 0.178000 0.827684 0.016000 0.014124
0 0.267000 0.868644 0.014000 0.011299
0 0.441000 0.867938 0.014000 0.012712
0 0.613000 0.867938 0.014000 0.012712
0 0.173000 0.885593 0.014000 0.014124
0 0.472000 0.885593 0.016000 0.011299
0 0.582000 0.885593 0.016000 0.011299
0 0.613000 0.902542 0.014000 0.011299
