0 0.535000 0.122117 0.046000 0.035278
0 0.331000 0.233379 0.018000 0.013569
0 0.596000 0.233379 0.016000 0.013569
0 0.154000 0.251018 0.016000 0.013569
0 0.774000 0.251018 0.016000 0.013569
0 0.278000 0.267300 0.016000 0.013569
0 0.225000 0.284939 0.014000 0.013569
0 0.295000 0.523066 0.018000 0.014925
0 0.281000 0.540027 0.018000 0.013569
0 0.401000 0.658752 0.018000 0.012212
0 0.224000 0.725916 0.020000 0.016282
0 0.382000 0.759837 0.016000 0.013569
0 0.313000 0.793758 0.018000 0.016282
0 0.101000 0.827680 0.018000 0.016282
0 0.749000 0.540027 0.018000 0.016282
0 0.860000 0.540027 0.020000 0.013569
0 0.649000 0.590909 0.018000 0.014925
0 0.543000 0.641791 0.018000 0.016282
0 0.826000 0.675712 0.016000 0.016282
0 0.613000 0.691995 0.018000 0.013569
0 0.899000 0.726594 0.018000 0.014925
0 0.579000 0.742198 0.018000 0.016282
0 0.632000 0.793080 0.020000 0.014925
0 0.703000 0.793758 0.018000 0.013569
0 0.507000 0.810719 0.018000 0.014925
0 0.082000 0.894844 0.016000 0.017639
0 0.382000 0.877883 0.016000 0.013569
0 0.525000 0.878562 0.018000 0.017639
