0 0.275000 0.138418 0.018000 0.019774
0 0.248000 0.222458 0.020000 0.018362
0 0.442000 0.223164 0.020000 0.019774
0 0.530000 0.223164 0.020000 0.016949
0 0.266000 0.244350 0.020000 0.019774
0 0.795000 0.243644 0.018000 0.015537
0 0.548000 0.264831 0.016000 0.018362
0 0.230000 0.286723 0.016000 0.019774
0 0.548000 0.287429 0.020000 0.015537
0 0.707000 0.286723 0.018000 0.016949
0 0.247000 0.308616 0.018000 0.018362
0 0.495000 0.307910 0.018000 0.016949
0 0.618000 0.307910 0.020000 0.016949
0 0.265000 0.350989 0.018000 0.015537
0 0.406000 0.350989 0.020000 0.015537
0 0.636000 0.352401 0.020000 0.015537
0 0.291000 0.478814 0.018000 0.016949
0 0.266000 0.564266 0.016000 0.015537
0 0.407000 0.564266 0.018000 0.015537
0 0.178000 0.585452 0.020000 0.018362
0 0.478000 0.586158 0.020000 0.016949
0 0.529000 0.586158 0.018000 0.016949
0 0.707000 0.585452 0.018000 0.015537
0 0.229000 0.608757 0.018000 0.019774
0 0.388000 0.607345 0.016000 0.016949
0 0.811000 0.608051 0.018000 0.015537
0 0.261000 0.735876 0.018000 0.019774
0 0.275000 0.820621 0.018000 0.016949
0 0.399000 0.819209 0.018000 0.019774
0 0.247000 0.906780 0.018000 0.019774
0 0.371000 0.903955 0.018000 0.019774
