0 0.393000 0.094633 0.018000 0.022599
0 0.614000 0.093220 0.020000 0.022599
0 0.242000 0.120763 0.024000 0.021186
0 0.354000 0.158898 0.020000 0.018362
0 0.837000 0.158192 0.022000 0.019774
0 0.514000 0.221751 0.024000 0.019774
0 0.181000 0.247881 0.022000 0.021186
0 0.575000 0.286017 0.022000 0.021186
0 0.322000 0.340395 0.020000 0.019774
0 0.282000 0.403955 0.020000 0.025424
0 0.746000 0.405367 0.020000 0.019774
0 0.475000 0.440678 0.022000 0.019774
0 0.554000 0.505650 0.020000 0.019774
0 0.816000 0.505650 0.020000 0.022599
0 0.383000 0.677966 0.022000 0.019774
0 0.484000 0.677966 0.020000 0.022599
0 0.524000 0.704802 0.020000 0.019774
0 0.302000 0.794492 0.020000 0.024011
0 0.221000 0.831215 0.018000 0.021186
0 0.322000 0.832627 0.020000 0.021186
0 0.746000 0.832627 0.020000 0.021186
0 0.161000 0.862288 0.022000 0.026836
