0 0.429000 0.096045 0.018000 0.016949
0 0.159000 0.298729 0.022000 0.021186
0 0.335000 0.299435 0.018000 0.016949
0 0.335000 0.364407 0.018000 0.019774
0 0.743000 0.512712 0.018000 0.019774
0 0.372000 0.576977 0.020000 0.018362
0 0.283000 0.617938 0.018000 0.018362
0 0.195000 0.639831 0.018000 0.019774
0 0.159000 0.682203 0.022000 0.019774
0 0.371000 0.683616 0.018000 0.019774
0 0.547000 0.681497 0.018000 0.021186
0 0.247000 0.704096 0.018000 0.018362
0 0.689000 0.768362 0.018000 0.019774
0 0.318000 0.831215 0.020000 0.018362
