0 0.477000 0.106638 0.034000 0.032486
0 0.302000 0.206215 0.020000 0.016949
0 0.247000 0.260593 0.018000 0.018362
0 0.332000 0.300847 0.020000 0.016949
0 0.538000 0.353107 0.020000 0.019774
0 0.777000 0.374294 0.018000 0.014124
0 0.557000 0.577684 0.018000 0.016949
0 0.444000 0.670198 0.020000 0.021186
0 0.237000 0.745056 0.018000 0.018362
0 0.150000 0.762712 0.024000 0.016949
0 0.245000 0.764124 0.022000 0.016949
0 0.359000 0.764831 0.022000 0.018362
0 0.237000 0.800847 0.018000 0.019774
0 0.746000 0.818503 0.020000 0.018362
0 0.632000 0.856638 0.020000 0.018362
0 0.303000 0.875706 0.022000 0.016949
