0 0.304000 0.274718 0.020000 0.018362
0 0.528000 0.274718 0.020000 0.018362
0 0.351000 0.301554 0.022000 0.018362
0 0.163000 0.301554 0.022000 0.015537
0 0.610000 0.382768 0.020000 0.019774
0 0.425000 0.416667 0.022000 0.016949
0 0.281000 0.470339 0.022000 0.022599
0 0.351000 0.469633 0.022000 0.018362
0 0.646000 0.471045 0.024000 0.021186
0 0.786000 0.469633 0.020000 0.021186
0 0.233000 0.524011 0.022000 0.016949
0 0.186000 0.646893 0.020000 0.016949
0 0.210000 0.788842 0.020000 0.018362
0 0.422000 0.787429 0.020000 0.018362
0 0.680000 0.788136 0.020000 0.019774
0 0.563000 0.841808 0.022000 0.016949
0 0.162000 0.841808 0.024000 0.019774
0 0.163000 0.869350 0.022000 0.018362
0 0.563000 0.869350 0.022000 0.018362
