0 0.286000 0.058824 0.044000 0.046346
0 0.815000 0.056150 0.042000 0.051693
0 0.370000 0.251337 0.040000 0.060606
0 0.815000 0.253119 0.042000 0.060606
0 0.897000 0.317291 0.046000 0.049911
0 0.815000 0.381462 0.042000 0.060606
0 0.654000 0.446524 0.040000 0.044563
0 0.492000 0.516043 0.044000 0.051693
0 0.329000 0.579323 0.042000 0.057041
0 0.450000 0.645276 0.040000 0.053476
0 0.248000 0.707665 0.040000 0.049911
0 0.082000 0.769162 0.048000 0.044563
0 0.862000 0.773619 0.052000 0.053476
0 0.369000 0.901961 0.042000 0.053476
0 0.816000 0.902852 0.040000 0.048128
