0 0.410000 0.095339 0.020000 0.015537
0 0.488000 0.095339 0.020000 0.015537
0 0.430000 0.113701 0.020000 0.015537
0 0.507000 0.113701 0.018000 0.015537
0 0.516000 0.150424 0.020000 0.015537
0 0.594000 0.151130 0.020000 0.016949
0 0.276000 0.243644 0.020000 0.015537
0 0.352000 0.242938 0.020000 0.014124
0 0.430000 0.262006 0.020000 0.015537
0 0.507000 0.261299 0.018000 0.016949
0 0.532000 0.298023 0.020000 0.016949
0 0.799000 0.335452 0.018000 0.015537
0 0.266000 0.390537 0.020000 0.015537
0 0.352000 0.428672 0.020000 0.015537
0 0.672000 0.465395 0.020000 0.015537
0 0.218000 0.483757 0.020000 0.015537
0 0.208000 0.502119 0.020000 0.015537
0 0.671000 0.502119 0.018000 0.015537
0 0.623000 0.520480 0.018000 0.015537
0 0.207000 0.557910 0.018000 0.014124
0 0.671000 0.557910 0.018000 0.016949
0 0.207000 0.595339 0.018000 0.015537
0 0.420000 0.632062 0.020000 0.015537
0 0.208000 0.650424 0.020000 0.015537
0 0.691000 0.687147 0.018000 0.015537
0 0.297000 0.761299 0.018000 0.016949
0 0.355000 0.817090 0.018000 0.015537
0 0.217000 0.836158 0.018000 0.016949
0 0.382000 0.872881 0.020000 0.016949
