0 0.475000 0.327684 0.026000 0.022599
0 0.539000 0.588277 0.026000 0.026836
0 0.766000 0.855226 0.020000 0.021186
0 0.585000 0.884887 0.018000 0.018362
0 0.566000 0.826977 0.020000 0.018362
0 0.445000 0.826271 0.018000 0.016949
0 0.202000 0.651836 0.020000 0.015537
0 0.464000 0.680085 0.020000 0.015537
0 0.666000 0.767655 0.020000 0.018362
0 0.469000 0.274718 0.018000 0.018362
0 0.323000 0.360876 0.018000 0.015537
0 0.626000 0.361582 0.020000 0.016949
0 0.301000 0.419492 0.018000 0.016949
0 0.323000 0.448446 0.018000 0.018362
0 0.686000 0.449859 0.016000 0.018362
0 0.523000 0.477401 0.018000 0.016949
0 0.323000 0.506356 0.018000 0.018362
0 0.727000 0.507062 0.018000 0.016949
0 0.564000 0.535311 0.020000 0.016949
