0 0.428000 0.049751 0.024000 0.023217
0 0.478000 0.080431 0.024000 0.021559
0 0.407000 0.140962 0.022000 0.023217
0 0.502000 0.140962 0.024000 0.023217
0 0.572000 0.229685 0.024000 0.021559
0 0.428000 0.390547 0.024000 0.024876
0 0.432000 0.420398 0.024000 0.021559
0 0.550000 0.420398 0.024000 0.021559
0 0.407000 0.538972 0.022000 0.023217
0 0.526000 0.538972 0.024000 0.019900
0 0.900000 0.534826 0.016000 0.018242
0 0.160000 0.747098 0.024000 0.024876
0 0.418000 0.783582 0.024000 0.021559
0 0.470000 0.814262 0.024000 0.023217
