0 0.403302 0.133391 0.020440 0.022375
0 0.419811 0.221170 0.018868 0.025818
0 0.419811 0.393287 0.022013 0.022375
0 0.503145 0.509466 0.018868 0.027539
0 0.401730 0.558520 0.020440 0.022375
0 0.698113 0.426850 0.018868 0.024096
0 0.928459 0.440620 0.020440 0.024096
0 0.429245 0.778830 0.018868 0.025818
0 0.437893 0.803787 0.020440 0.024096
0 0.430031 0.826162 0.020440 0.024096
0 0.430818 0.873494 0.018868 0.025818
0 0.430031 0.897590 0.020440 0.025818
0 0.365566 0.920826 0.020440 0.024096
0 0.431604 0.943201 0.023585 0.024096
0 0.430818 0.969019 0.018868 0.027539
