0 0.433000 0.094633 0.018000 0.016949
0 0.618000 0.138418 0.020000 0.016949
0 0.177000 0.160311 0.018000 0.015537
0 0.411000 0.159605 0.018000 0.016949
0 0.539000 0.160311 0.018000 0.015537
0 0.695000 0.160311 0.018000 0.018362
0 0.213000 0.181497 0.018000 0.015537
0 0.438000 0.180791 0.020000 0.014124
0 0.195000 0.224576 0.018000 0.014124
0 0.372000 0.223870 0.016000 0.018362
0 0.511000 0.245056 0.018000 0.015537
0 0.407000 0.266243 0.018000 0.015537
0 0.617000 0.266243 0.018000 0.015537
0 0.735000 0.266243 0.018000 0.015537
0 0.805000 0.266949 0.018000 0.016949
0 0.249000 0.288136 0.018000 0.014124
0 0.338000 0.287429 0.016000 0.015537
0 0.461000 0.288842 0.018000 0.018362
0 0.531000 0.287429 0.018000 0.015537
0 0.685000 0.288136 0.018000 0.016949
0 0.755000 0.288842 0.018000 0.015537
0 0.212000 0.308616 0.016000 0.015537
0 0.316000 0.308616 0.020000 0.015537
0 0.738000 0.309322 0.020000 0.014124
0 0.159000 0.331215 0.018000 0.015537
0 0.296000 0.329802 0.016000 0.015537
0 0.332000 0.330508 0.016000 0.014124
0 0.567000 0.330508 0.018000 0.014124
0 0.158000 0.351695 0.020000 0.014124
0 0.298000 0.351695 0.020000 0.014124
0 0.565000 0.351695 0.018000 0.014124
0 0.747000 0.351695 0.018000 0.014124
0 0.505000 0.372881 0.018000 0.016949
0 0.584000 0.394068 0.016000 0.014124
0 0.666000 0.394068 0.016000 0.016949
0 0.230000 0.415254 0.016000 0.014124
0 0.649000 0.437147 0.018000 0.012712
0 0.337000 0.458333 0.018000 0.015537
0 0.607000 0.457627 0.018000 0.014124
0 0.822000 0.458333 0.016000 0.015537
0 0.249000 0.500706 0.018000 0.015537
0 0.699000 0.500706 0.018000 0.015537
0 0.285000 0.521893 0.018000 0.012712
0 0.525000 0.521893 0.018000 0.015537
0 0.837000 0.521893 0.018000 0.015537
0 0.316000 0.543785 0.016000 0.019774
0 0.309000 0.586158 0.018000 0.014124
0 0.601000 0.586864 0.018000 0.018362
0 0.178000 0.607345 0.020000 0.014124
0 0.541000 0.606638 0.018000 0.015537
0 0.177000 0.629237 0.018000 0.015537
0 0.794000 0.649011 0.016000 0.015537
0 0.390000 0.670904 0.020000 0.014124
0 0.559000 0.692797 0.018000 0.015537
0 0.613000 0.692797 0.018000 0.012712
0 0.841000 0.691384 0.018000 0.015537
0 0.160000 0.735876 0.020000 0.016949
0 0.381000 0.713277 0.018000 0.014124
0 0.667000 0.713277 0.018000 0.014124
0 0.443000 0.735169 0.018000 0.018362
0 0.757000 0.735169 0.018000 0.015537
0 0.484000 0.756356 0.016000 0.015537
0 0.787000 0.755650 0.018000 0.014124
0 0.373000 0.778249 0.018000 0.016949
0 0.213000 0.798729 0.018000 0.012712
0 0.599000 0.798023 0.018000 0.014124
0 0.841000 0.841102 0.018000 0.015537
0 0.318000 0.862994 0.016000 0.014124
0 0.327000 0.884181 0.018000 0.014124
0 0.223000 0.905367 0.018000 0.014124
0 0.515000 0.906073 0.018000 0.015537
0 0.628000 0.883475 0.016000 0.015537
0 0.747000 0.479520 0.018000 0.012712
0 0.801000 0.479520 0.018000 0.012712
0 0.222000 0.691384 0.020000 0.015537
0 0.462000 0.713277 0.016000 0.014124
0 0.588000 0.841102 0.016000 0.015537
0 0.528000 0.884181 0.016000 0.014124
0 0.590000 0.307910 0.016000 0.014124
