0 0.089000 0.099747 0.022000 0.032828
0 0.343000 0.098485 0.022000 0.040404
0 0.716000 0.097222 0.024000 0.042929
0 0.322000 0.202020 0.024000 0.035354
0 0.455000 0.202020 0.022000 0.040404
0 0.567000 0.199495 0.022000 0.035354
0 0.321000 0.243687 0.022000 0.032828
0 0.465000 0.242424 0.026000 0.030303
0 0.069000 0.522727 0.022000 0.040404
0 0.261000 0.529040 0.026000 0.037879
0 0.131000 0.564394 0.022000 0.037879
0 0.366000 0.362374 0.024000 0.042929
0 0.479000 0.361111 0.022000 0.045455
0 0.322000 0.405303 0.024000 0.037879
0 0.454000 0.407828 0.024000 0.037879
0 0.658000 0.405303 0.024000 0.032828
0 0.388000 0.443182 0.024000 0.037879
0 0.499000 0.444444 0.022000 0.045455
0 0.342000 0.482323 0.024000 0.040404
0 0.427000 0.487374 0.022000 0.040404
0 0.365000 0.564394 0.026000 0.037879
0 0.478000 0.561869 0.020000 0.042929
0 0.634000 0.565657 0.020000 0.035354
0 0.322000 0.608586 0.024000 0.040404
0 0.411000 0.686869 0.022000 0.035354
0 0.366000 0.849747 0.024000 0.047980
0 0.633000 0.851010 0.022000 0.035354
0 0.440000 0.931818 0.024000 0.035354
0 0.759000 0.223485 0.022000 0.032828
0 0.950000 0.223485 0.024000 0.037879
0 0.780000 0.262626 0.024000 0.040404
0 0.886000 0.265152 0.024000 0.035354
0 0.695000 0.305556 0.022000 0.040404
0 0.737000 0.381313 0.022000 0.045455
0 0.844000 0.380051 0.024000 0.058081
0 0.737000 0.428030 0.022000 0.037879
0 0.865000 0.426768 0.022000 0.035354
0 0.759000 0.460859 0.022000 0.037879
0 0.843000 0.464646 0.022000 0.035354
0 0.950000 0.464646 0.020000 0.040404
0 0.845000 0.507576 0.022000 0.035354
0 0.929000 0.506313 0.022000 0.037879
0 0.737000 0.549242 0.022000 0.042929
0 0.845000 0.547980 0.022000 0.040404
0 0.694000 0.590909 0.024000 0.040404
0 0.736000 0.587121 0.024000 0.037879
0 0.780000 0.670455 0.024000 0.037879
0 0.886000 0.669192 0.020000 0.035354
0 0.737000 0.830808 0.022000 0.040404
0 0.696000 0.869949 0.024000 0.032828
0 0.887000 0.911616 0.022000 0.040404
