0 0.546000 0.122881 0.028000 0.022599
0 0.666000 0.220339 0.020000 0.016949
0 0.566000 0.247175 0.020000 0.016949
0 0.384000 0.247881 0.020000 0.015537
0 0.384000 0.276130 0.020000 0.015537
0 0.480000 0.358757 0.020000 0.016949
0 0.561000 0.358757 0.018000 0.016949
0 0.384000 0.387006 0.020000 0.016949
0 0.363000 0.498588 0.018000 0.016949
0 0.485000 0.497881 0.022000 0.015537
0 0.565000 0.497881 0.022000 0.015537
0 0.666000 0.497881 0.020000 0.015537
0 0.256000 0.526836 0.020000 0.016949
0 0.260000 0.553672 0.020000 0.016949
0 0.260000 0.609463 0.020000 0.015537
0 0.535000 0.692090 0.018000 0.016949
0 0.535000 0.721045 0.018000 0.015537
0 0.737000 0.748588 0.018000 0.016949
0 0.344000 0.776836 0.020000 0.016949
0 0.222000 0.803672 0.020000 0.016949
0 0.364000 0.803672 0.020000 0.016949
0 0.464000 0.803672 0.020000 0.016949
0 0.646000 0.804379 0.020000 0.018362
0 0.531000 0.860169 0.018000 0.016949
0 0.323000 0.887006 0.018000 0.014124
