0 0.453000 0.104520 0.030000 0.025424
0 0.356000 0.286723 0.028000 0.019774
0 0.330000 0.398305 0.028000 0.022599
0 0.519000 0.398305 0.030000 0.019774
0 0.442000 0.471045 0.028000 0.024011
0 0.276000 0.509181 0.028000 0.024011
0 0.284000 0.622175 0.032000 0.024011
0 0.336000 0.658898 0.028000 0.021186
0 0.493000 0.658898 0.026000 0.021186
0 0.618000 0.659605 0.028000 0.022599
0 0.630000 0.694209 0.028000 0.021186
0 0.337000 0.767655 0.030000 0.021186
0 0.335000 0.805085 0.026000 0.022599
0 0.654000 0.805791 0.028000 0.024011
0 0.457000 0.842514 0.030000 0.021186
