0 0.660347 0.130416 0.025817 0.020810
0 0.400161 0.350770 0.017749 0.012258
0 0.205728 0.436574 0.017749 0.013398
0 0.718233 0.543044 0.018152 0.013113
0 0.294272 0.586374 0.017346 0.013683
0 0.358411 0.650371 0.018152 0.013398
0 0.640177 0.649800 0.017749 0.013398
0 0.533078 0.672178 0.018152 0.014823
0 0.841872 0.756984 0.018556 0.013398
0 0.629891 0.799886 0.017346 0.013113
0 0.365067 0.800171 0.016942 0.013113
0 0.241025 0.778791 0.016539 0.013683
0 0.152683 0.799886 0.017346 0.013683
0 0.311819 0.863883 0.018556 0.013398
0 0.735781 0.885547 0.016136 0.013398
0 0.770674 0.863740 0.018152 0.013683
