0 0.330000 0.126547 0.020000 0.016506
0 0.156000 0.162999 0.020000 0.015131
0 0.222000 0.200825 0.020000 0.013755
0 0.346000 0.255846 0.024000 0.019257
0 0.182000 0.295736 0.016000 0.016506
0 0.351000 0.429161 0.018000 0.013755
0 0.443000 0.429161 0.018000 0.013755
0 0.349000 0.465612 0.018000 0.012380
0 0.298000 0.485557 0.016000 0.013755
0 0.277000 0.502751 0.018000 0.015131
0 0.357000 0.504127 0.018000 0.015131
0 0.296000 0.577717 0.020000 0.013755
0 0.300000 0.748281 0.016000 0.013755
0 0.425000 0.746217 0.018000 0.015131
0 0.366000 0.766162 0.016000 0.013755
0 0.159000 0.785420 0.018000 0.011004
0 0.333000 0.786107 0.018000 0.015131
0 0.184000 0.805365 0.020000 0.015131
0 0.268000 0.841816 0.020000 0.016506
0 0.279000 0.860385 0.018000 0.012380
0 0.637000 0.355571 0.022000 0.017882
0 0.801000 0.354883 0.026000 0.022008
0 0.679000 0.145117 0.018000 0.015131
0 0.530000 0.437414 0.020000 0.013755
0 0.686000 0.513755 0.016000 0.015131
0 0.619000 0.569464 0.018000 0.013755
0 0.888000 0.532325 0.020000 0.013755
0 0.620000 0.747593 0.016000 0.015131
0 0.566000 0.822558 0.020000 0.016506
0 0.652000 0.804677 0.016000 0.013755
0 0.233000 0.072215 0.014000 0.012380
0 0.427000 0.162999 0.018000 0.015131
0 0.427000 0.392022 0.014000 0.013755
0 0.124000 0.579092 0.020000 0.013755
0 0.745000 0.747593 0.018000 0.012380
0 0.814000 0.766850 0.016000 0.012380
0 0.679000 0.786795 0.018000 0.013755
0 0.817000 0.803989 0.018000 0.012380
0 0.743000 0.570839 0.018000 0.013755
0 0.851000 0.572215 0.018000 0.013755
0 0.703000 0.457359 0.018000 0.015131
0 0.840000 0.456671 0.016000 0.013755
0 0.590000 0.396149 0.016000 0.013755
0 0.687000 0.183631 0.018000 0.015131
0 0.548000 0.241403 0.016000 0.015131
0 0.228000 0.766850 0.016000 0.015131
0 0.157000 0.429161 0.018000 0.016506
0 0.366000 0.703576 0.012000 0.012380
