0 0.485000 0.104520 0.026000 0.019774
0 0.185000 0.140537 0.022000 0.018362
0 0.421000 0.140537 0.022000 0.018362
0 0.646000 0.140537 0.024000 0.018362
0 0.233000 0.177260 0.022000 0.018362
0 0.351000 0.177260 0.022000 0.018362
0 0.562000 0.177260 0.024000 0.018362
0 0.233000 0.289548 0.022000 0.019774
0 0.586000 0.288842 0.024000 0.021186
0 0.233000 0.362994 0.022000 0.016949
0 0.539000 0.437147 0.022000 0.021186
0 0.679000 0.474576 0.022000 0.016949
0 0.539000 0.510593 0.022000 0.018362
0 0.374000 0.548023 0.024000 0.019774
0 0.257000 0.622175 0.022000 0.018362
0 0.833000 0.621469 0.022000 0.019774
0 0.233000 0.733051 0.022000 0.016949
0 0.233000 0.844633 0.022000 0.016949
0 0.563000 0.843927 0.022000 0.018362
0 0.774000 0.881356 0.024000 0.016949
