0 0.321000 0.103814 0.022000 0.024011
0 0.707000 0.101695 0.022000 0.025424
0 0.275000 0.177966 0.022000 0.022599
0 0.798000 0.214689 0.024000 0.025424
0 0.344000 0.251412 0.024000 0.025424
0 0.412000 0.290254 0.024000 0.021186
0 0.382000 0.399718 0.024000 0.025424
0 0.388000 0.547316 0.020000 0.021186
0 0.433000 0.585452 0.022000 0.021186
0 0.569000 0.622175 0.022000 0.018362
0 0.752000 0.621469 0.024000 0.022599
0 0.161000 0.696328 0.026000 0.022599
0 0.276000 0.697034 0.024000 0.024011
0 0.389000 0.694209 0.022000 0.024011
0 0.185000 0.731638 0.022000 0.025424
0 0.433000 0.733051 0.022000 0.019774
0 0.593000 0.732345 0.022000 0.024011
