0 0.385000 0.169492 0.022000 0.019774
0 0.637000 0.168785 0.026000 0.018362
0 0.272000 0.370763 0.020000 0.018362
0 0.312000 0.398305 0.020000 0.019774
0 0.241000 0.453390 0.022000 0.016949
0 0.328000 0.481638 0.020000 0.019774
0 0.301000 0.509887 0.022000 0.019774
0 0.652000 0.536017 0.020000 0.018362
0 0.770000 0.564972 0.020000 0.019774
0 0.640000 0.591808 0.020000 0.016949
0 0.220000 0.619350 0.020000 0.018362
0 0.260000 0.647599 0.024000 0.018362
0 0.312000 0.675141 0.020000 0.016949
0 0.654000 0.675141 0.020000 0.016949
