0 0.886000 0.830330 0.016000 0.015015
0 0.428000 0.266517 0.016000 0.013514
0 0.674000 0.557057 0.016000 0.015015
0 0.672000 0.728228 0.016000 0.015015
0 0.280000 0.267267 0.016000 0.015015
0 0.305000 0.352102 0.014000 0.013514
0 0.150000 0.797297 0.016000 0.015015
0 0.214000 0.591592 0.016000 0.015015
0 0.772000 0.239489 0.016000 0.013514
0 0.690000 0.900150 0.016000 0.016517
0 0.887000 0.900150 0.018000 0.016517
0 0.163000 0.729730 0.014000 0.015015
0 0.614000 0.436937 0.016000 0.015015
0 0.313000 0.386637 0.014000 0.013514
0 0.602000 0.659159 0.016000 0.015015
0 0.712000 0.522523 0.016000 0.015015
0 0.630000 0.351351 0.016000 0.015015
0 0.138000 0.677928 0.016000 0.013514
0 0.394000 0.866366 0.016000 0.015015
0 0.840000 0.795796 0.016000 0.015015
0 0.644000 0.591592 0.016000 0.015015
0 0.679000 0.780030 0.014000 0.013514
0 0.690000 0.367868 0.016000 0.015015
0 0.265000 0.239489 0.014000 0.013514
0 0.736000 0.385886 0.016000 0.015015
0 0.202000 0.471471 0.016000 0.015015
0 0.750000 0.813814 0.016000 0.015015
0 0.870000 0.727477 0.016000 0.013514
0 0.856000 0.487988 0.016000 0.015015
0 0.348000 0.831832 0.016000 0.015015
0 0.811000 0.453453 0.018000 0.015015
0 0.426000 0.351351 0.016000 0.015015
0 0.164000 0.454955 0.016000 0.015015
0 0.598000 0.693694 0.016000 0.015015
0 0.856000 0.436937 0.016000 0.015015
0 0.456000 0.642643 0.016000 0.015015
0 0.510000 0.385886 0.016000 0.015015
0 0.156000 0.848348 0.016000 0.015015
0 0.508000 0.797297 0.016000 0.015015
0 0.364000 0.591592 0.016000 0.015015
0 0.258000 0.762763 0.016000 0.015015
0 0.395000 0.522523 0.018000 0.015015
0 0.092000 0.900901 0.016000 0.015015
0 0.631000 0.403153 0.014000 0.016517
0 0.288000 0.882883 0.016000 0.015015
0 0.078000 0.334835 0.016000 0.015015
0 0.597000 0.831081 0.014000 0.013514
0 0.274000 0.540541 0.016000 0.015015
0 0.243000 0.575826 0.014000 0.013514
0 0.826000 0.471471 0.016000 0.015015
0 0.570000 0.316817 0.016000 0.015015
0 0.856000 0.402402 0.016000 0.015015
0 0.704000 0.762763 0.016000 0.015015
0 0.394000 0.762763 0.016000 0.015015
0 0.259000 0.609610 0.014000 0.015015
0 0.060000 0.814565 0.020000 0.016517
0 0.610000 0.677177 0.016000 0.015015
0 0.505000 0.225976 0.014000 0.013514
0 0.538000 0.626126 0.016000 0.015015
0 0.760000 0.848348 0.016000 0.015015
0 0.872000 0.316817 0.016000 0.015015
0 0.244000 0.488739 0.016000 0.016517
0 0.522000 0.866366 0.016000 0.015015
0 0.361000 0.117868 0.030000 0.028529
