0 0.272000 0.103253 0.028000 0.025460
0 0.406000 0.103253 0.028000 0.025460
0 0.567000 0.103253 0.026000 0.028289
0 0.325000 0.176803 0.026000 0.028289
0 0.616000 0.253890 0.024000 0.024045
0 0.476000 0.289958 0.024000 0.028289
0 0.419000 0.327440 0.026000 0.026874
0 0.325000 0.439180 0.030000 0.026874
0 0.513000 0.439887 0.030000 0.025460
0 0.702000 0.438472 0.028000 0.028289
0 0.271000 0.475955 0.026000 0.026874
0 0.460000 0.550212 0.028000 0.028289
0 0.518000 0.662659 0.028000 0.024045
0 0.726000 0.662659 0.028000 0.024045
0 0.508000 0.701556 0.028000 0.028289
0 0.610000 0.739038 0.028000 0.029703
0 0.715000 0.814710 0.026000 0.028289
0 0.295000 0.888967 0.026000 0.026874
