0 0.313000 0.119186 0.018000 0.020349
0 0.211000 0.170785 0.018000 0.015988
0 0.208000 0.244186 0.020000 0.017442
0 0.272000 0.262355 0.020000 0.015988
0 0.228000 0.337209 0.020000 0.017442
0 0.172000 0.356105 0.020000 0.017442
0 0.168000 0.448401 0.020000 0.015988
0 0.250000 0.466570 0.020000 0.014535
0 0.231000 0.526163 0.018000 0.014535
0 0.161000 0.747820 0.018000 0.015988
0 0.163000 0.769622 0.018000 0.015988
0 0.325000 0.785610 0.018000 0.015988
0 0.466000 0.802326 0.020000 0.014535
0 0.162000 0.835756 0.020000 0.014535
0 0.551000 0.288517 0.022000 0.015988
