0 0.397000 0.040000 0.018000 0.032000
0 0.284000 0.074667 0.020000 0.026667
0 0.267000 0.246667 0.022000 0.029333
0 0.521000 0.044000 0.022000 0.034667
0 0.434000 0.212000 0.016000 0.029333
0 0.514000 0.209333 0.020000 0.029333
0 0.532000 0.241333 0.020000 0.034667
0 0.375000 0.349333 0.018000 0.026667
0 0.523000 0.340000 0.022000 0.034667
0 0.523000 0.541333 0.018000 0.026667
0 0.283000 0.546667 0.018000 0.032000
0 0.366000 0.546667 0.020000 0.026667
0 0.417000 0.548000 0.018000 0.029333
0 0.264000 0.740000 0.024000 0.040000
0 0.439000 0.704000 0.018000 0.026667
0 0.517000 0.705333 0.022000 0.029333
0 0.536000 0.737333 0.020000 0.034667
0 0.525000 0.848000 0.022000 0.032000
0 0.381000 0.882667 0.018000 0.032000
