0 0.639000 0.057992 0.022000 0.022631
0 0.411000 0.085573 0.022000 0.021216
0 0.578000 0.199434 0.024000 0.022631
0 0.478000 0.533239 0.020000 0.016973
0 0.200000 0.496464 0.020000 0.019802
0 0.359000 0.470297 0.018000 0.015559
0 0.442000 0.441301 0.020000 0.019802
0 0.643000 0.471004 0.018000 0.019802
0 0.093000 0.560820 0.018000 0.018388
0 0.377000 0.560820 0.018000 0.018388
0 0.731000 0.562942 0.018000 0.019802
0 0.130000 0.589816 0.020000 0.016973
0 0.643000 0.588402 0.018000 0.019802
0 0.584000 0.627298 0.020000 0.021216
0 0.697000 0.682461 0.018000 0.018388
0 0.253000 0.735502 0.018000 0.016973
0 0.607000 0.763791 0.018000 0.019802
0 0.708000 0.828147 0.020000 0.021216
0 0.270000 0.856436 0.020000 0.021216
0 0.626000 0.886846 0.020000 0.019802
0 0.291000 0.923621 0.018000 0.025460
