0 0.492000 0.103814 0.020000 0.021186
0 0.585000 0.104520 0.022000 0.019774
0 0.680000 0.105226 0.020000 0.021186
0 0.422000 0.215395 0.024000 0.021186
0 0.727000 0.215395 0.022000 0.018362
0 0.822000 0.215395 0.024000 0.021186
0 0.234000 0.251412 0.024000 0.019774
0 0.469000 0.252825 0.022000 0.025424
0 0.585000 0.252825 0.022000 0.019774
0 0.304000 0.363701 0.020000 0.021186
0 0.469000 0.363701 0.022000 0.018362
0 0.187000 0.401130 0.022000 0.019774
0 0.492000 0.475282 0.024000 0.021186
0 0.304000 0.549435 0.024000 0.019774
0 0.516000 0.548023 0.024000 0.019774
0 0.445000 0.586158 0.022000 0.022599
0 0.210000 0.623588 0.024000 0.018362
0 0.303000 0.660311 0.022000 0.018362
0 0.421000 0.659605 0.022000 0.016949
0 0.399000 0.808616 0.022000 0.018362
0 0.516000 0.807910 0.024000 0.019774
0 0.632000 0.807910 0.024000 0.019774
0 0.751000 0.807910 0.022000 0.016949
0 0.163000 0.844633 0.022000 0.016949
0 0.280000 0.845339 0.020000 0.018362
0 0.585000 0.845339 0.022000 0.021186
