0 0.777000 0.149011 0.022000 0.026836
0 0.320000 0.233051 0.024000 0.028249
0 0.532000 0.230932 0.024000 0.035311
0 0.765000 0.231638 0.022000 0.028249
0 0.320000 0.316384 0.024000 0.025424
0 0.789000 0.316384 0.022000 0.028249
0 0.310000 0.402542 0.024000 0.025424
0 0.496000 0.400424 0.024000 0.029661
0 0.741000 0.446328 0.026000 0.028249
0 0.193000 0.579802 0.026000 0.029661
0 0.361000 0.625000 0.026000 0.026836
0 0.505000 0.624294 0.026000 0.022599
0 0.695000 0.622881 0.026000 0.022599
0 0.444000 0.663136 0.024000 0.029661
0 0.561000 0.659605 0.022000 0.025424
0 0.790000 0.661017 0.024000 0.028249
0 0.232000 0.697034 0.024000 0.029661
0 0.398000 0.697740 0.024000 0.028249
0 0.515000 0.700565 0.026000 0.025424
0 0.775000 0.700565 0.026000 0.028249
0 0.192000 0.747175 0.024000 0.025424
0 0.407000 0.746469 0.026000 0.026836
0 0.744000 0.748588 0.028000 0.028249
0 0.368000 0.828390 0.024000 0.024011
0 0.719000 0.831215 0.026000 0.029661
0 0.464000 0.866525 0.024000 0.032486
