0 0.383000 0.094633 0.018000 0.016949
0 0.242000 0.112288 0.020000 0.015537
0 0.786000 0.094633 0.020000 0.016949
0 0.604000 0.168785 0.020000 0.015537
0 0.182000 0.187147 0.020000 0.018362
0 0.342000 0.224576 0.020000 0.016949
0 0.625000 0.223870 0.022000 0.015537
0 0.766000 0.261299 0.020000 0.016949
0 0.544000 0.279661 0.020000 0.016949
0 0.242000 0.298729 0.020000 0.015537
0 0.504000 0.298023 0.020000 0.016949
0 0.362000 0.335452 0.020000 0.015537
0 0.302000 0.353107 0.020000 0.016949
0 0.766000 0.353814 0.020000 0.015537
0 0.564000 0.371469 0.020000 0.016949
0 0.202000 0.389831 0.020000 0.016949
0 0.504000 0.391243 0.020000 0.016949
0 0.342000 0.446328 0.020000 0.016949
0 0.160000 0.464689 0.020000 0.016949
0 0.262000 0.465395 0.020000 0.015537
0 0.584000 0.464689 0.020000 0.016949
0 0.322000 0.483757 0.020000 0.015537
0 0.362000 0.502119 0.020000 0.015537
0 0.483000 0.501412 0.022000 0.016949
0 0.786000 0.521186 0.020000 0.016949
0 0.424000 0.539548 0.020000 0.016949
0 0.564000 0.538842 0.020000 0.018362
0 0.444000 0.557910 0.020000 0.014124
0 0.201000 0.574859 0.022000 0.016949
0 0.524000 0.576271 0.020000 0.016949
0 0.806000 0.575565 0.020000 0.015537
0 0.593000 0.594633 0.022000 0.016949
0 0.694000 0.593927 0.020000 0.015537
0 0.796000 0.594633 0.020000 0.016949
0 0.443000 0.612994 0.022000 0.016949
0 0.424000 0.631356 0.020000 0.014124
0 0.828000 0.632062 0.024000 0.015537
0 0.282000 0.668785 0.020000 0.015537
0 0.564000 0.669492 0.020000 0.016949
0 0.364000 0.260593 0.020000 0.018362
