0 0.361000 0.215395 0.022000 0.018362
0 0.374000 0.252119 0.024000 0.018362
0 0.491000 0.252825 0.022000 0.019774
0 0.560000 0.252119 0.024000 0.018362
0 0.633000 0.252119 0.022000 0.018362
0 0.726000 0.288842 0.020000 0.018362
0 0.161000 0.362994 0.026000 0.016949
0 0.255000 0.363701 0.022000 0.018362
0 0.679000 0.401130 0.022000 0.019774
0 0.279000 0.437853 0.022000 0.019774
0 0.585000 0.437147 0.022000 0.021186
0 0.632000 0.475282 0.024000 0.018362
0 0.726000 0.512006 0.020000 0.018362
0 0.662000 0.586864 0.024000 0.021186
0 0.327000 0.658898 0.022000 0.018362
0 0.279000 0.697034 0.022000 0.018362
0 0.491000 0.697034 0.022000 0.018362
0 0.279000 0.734463 0.022000 0.019774
0 0.514000 0.733051 0.024000 0.019774
0 0.280000 0.771186 0.024000 0.019774
0 0.326000 0.807910 0.024000 0.019774
0 0.468000 0.844633 0.024000 0.019774
0 0.280000 0.881356 0.024000 0.019774
