0 0.230000 0.103814 0.016000 0.015537
0 0.478000 0.103814 0.020000 0.012712
0 0.789000 0.141949 0.018000 0.018362
0 0.195000 0.214689 0.018000 0.014124
0 0.195000 0.266243 0.018000 0.015537
0 0.212000 0.266243 0.016000 0.015537
0 0.529000 0.266949 0.018000 0.014124
0 0.671000 0.266949 0.018000 0.014124
0 0.176000 0.302966 0.016000 0.015537
0 0.265000 0.304379 0.018000 0.015537
0 0.529000 0.304379 0.018000 0.015537
0 0.548000 0.302966 0.016000 0.015537
0 0.813000 0.303672 0.018000 0.014124
0 0.247000 0.341102 0.018000 0.012712
0 0.529000 0.341808 0.018000 0.014124
0 0.212000 0.379944 0.016000 0.016949
0 0.319000 0.377825 0.018000 0.015537
0 0.689000 0.377825 0.018000 0.015537
0 0.707000 0.376412 0.018000 0.015537
0 0.177000 0.430791 0.018000 0.014124
0 0.195000 0.430791 0.014000 0.014124
0 0.471000 0.605226 0.014000 0.012712
0 0.488000 0.605226 0.016000 0.012712
0 0.517000 0.698446 0.018000 0.015537
0 0.661000 0.699153 0.018000 0.016949
0 0.159000 0.733757 0.018000 0.015537
0 0.459000 0.735169 0.018000 0.015537
0 0.406000 0.771893 0.016000 0.015537
0 0.459000 0.771186 0.018000 0.014124
0 0.247000 0.861582 0.018000 0.016949
0 0.478000 0.860876 0.016000 0.012712
