0 0.736000 0.025210 0.024000 0.023529
0 0.456000 0.064706 0.024000 0.021849
0 0.292000 0.088235 0.024000 0.021849
0 0.874000 0.064706 0.024000 0.021849
0 0.363000 0.112605 0.022000 0.020168
0 0.362000 0.232773 0.024000 0.021849
0 0.385000 0.257143 0.022000 0.020168
0 0.618000 0.257143 0.024000 0.023529
0 0.292000 0.329412 0.024000 0.020168
0 0.435000 0.377311 0.022000 0.025210
0 0.449000 0.426891 0.022000 0.020168
0 0.426000 0.475630 0.024000 0.020168
0 0.222000 0.523529 0.024000 0.021849
0 0.268000 0.523529 0.024000 0.021849
0 0.547000 0.523529 0.022000 0.021849
0 0.473000 0.548739 0.022000 0.021849
0 0.454000 0.571429 0.024000 0.020168
0 0.461000 0.597479 0.022000 0.025210
0 0.391000 0.668908 0.022000 0.020168
0 0.063000 0.938655 0.026000 0.025210
0 0.076000 0.304202 0.040000 0.026891
