0 0.215000 0.187316 0.046000 0.073746
0 0.241000 0.280236 0.022000 0.035398
0 0.241000 0.333333 0.022000 0.035398
0 0.242000 0.387906 0.020000 0.038348
0 0.242000 0.441003 0.024000 0.032448
0 0.241000 0.497050 0.022000 0.038348
0 0.242000 0.550147 0.020000 0.032448
0 0.242000 0.604720 0.024000 0.035398
0 0.264000 0.659292 0.024000 0.038348
0 0.156000 0.764012 0.024000 0.035398
0 0.226000 0.821534 0.024000 0.038348
0 0.363000 0.821534 0.022000 0.032448
0 0.714000 0.185841 0.048000 0.064897
0 0.738000 0.253687 0.024000 0.041298
0 0.738000 0.309735 0.024000 0.041298
0 0.738000 0.365782 0.024000 0.035398
0 0.738000 0.423304 0.024000 0.038348
0 0.738000 0.477876 0.024000 0.035398
0 0.738000 0.533923 0.024000 0.041298
0 0.738000 0.591445 0.024000 0.038348
0 0.761000 0.648968 0.022000 0.035398
0 0.668000 0.762537 0.024000 0.038348
0 0.709000 0.817109 0.022000 0.035398
0 0.837000 0.817109 0.022000 0.041298
