0 0.500630 0.103740 0.034005 0.027605
0 0.180101 0.386020 0.022670 0.018700
0 0.724811 0.386465 0.021411 0.016028
0 0.260705 0.441229 0.020151 0.018700
0 0.341940 0.469279 0.021411 0.016028
0 0.462217 0.469279 0.020151 0.017809
0 0.564861 0.468833 0.021411 0.016919
0 0.705290 0.468833 0.022670 0.016919
0 0.442065 0.525378 0.020151 0.017809
0 0.261335 0.607747 0.021411 0.016919
0 0.462846 0.636242 0.021411 0.016919
0 0.161209 0.664292 0.022670 0.017809
0 0.341310 0.664292 0.020151 0.017809
0 0.624055 0.719501 0.021411 0.017809
0 0.764484 0.719056 0.022670 0.016919
0 0.260705 0.746661 0.022670 0.016919
0 0.200252 0.830365 0.020151 0.016919
0 0.180101 0.857970 0.022670 0.016919
0 0.523929 0.857970 0.022670 0.016919
0 0.724181 0.830365 0.022670 0.016919
0 0.260705 0.886020 0.022670 0.016028
