0 0.449000 0.117904 0.042000 0.040757
0 0.153000 0.370451 0.018000 0.013100
0 0.078000 0.692140 0.016000 0.013100
0 0.211000 0.746725 0.014000 0.014556
0 0.284000 0.827511 0.016000 0.013100
0 0.102000 0.867540 0.016000 0.011645
0 0.841000 0.314410 0.018000 0.011645
0 0.788000 0.328967 0.016000 0.011645
0 0.799000 0.355167 0.014000 0.011645
0 0.185000 0.692868 0.014000 0.011645
0 0.160000 0.839884 0.012000 0.011645
0 0.256000 0.867540 0.012000 0.011645
0 0.061000 0.853712 0.014000 0.010189
0 0.539000 0.827511 0.014000 0.013100
0 0.455000 0.246725 0.014000 0.013100
0 0.586000 0.260553 0.012000 0.011645
0 0.647000 0.300582 0.014000 0.013100
