0 0.439000 0.094633 0.018000 0.016949
0 0.555000 0.165254 0.018000 0.016949
0 0.554000 0.235876 0.020000 0.019774
0 0.292000 0.324153 0.020000 0.015537
0 0.696000 0.324859 0.020000 0.016949
0 0.332000 0.378531 0.020000 0.016949
0 0.554000 0.377825 0.020000 0.015537
0 0.837000 0.377119 0.022000 0.016949
0 0.675000 0.431497 0.022000 0.015537
0 0.292000 0.501412 0.020000 0.016949
0 0.292000 0.608757 0.020000 0.016949
0 0.352000 0.608757 0.020000 0.016949
0 0.595000 0.609463 0.022000 0.015537
0 0.696000 0.682203 0.020000 0.016949
0 0.494000 0.716808 0.020000 0.015537
0 0.534000 0.751412 0.020000 0.016949
0 0.756000 0.750706 0.020000 0.015537
0 0.534000 0.824153 0.020000 0.015537
0 0.837000 0.823446 0.022000 0.016949
0 0.312000 0.877825 0.020000 0.018362
0 0.413000 0.877825 0.022000 0.015537
0 0.695000 0.877825 0.022000 0.015537
