0 0.087000 0.154667 0.050000 0.080000
0 0.234000 0.334667 0.036000 0.056000
0 0.272000 0.336000 0.036000 0.048000
0 0.157000 0.401333 0.038000 0.050667
0 0.258000 0.477333 0.036000 0.053333
0 0.356000 0.553333 0.036000 0.056000
0 0.415000 0.633333 0.038000 0.050667
0 0.805000 0.633333 0.038000 0.056000
0 0.277000 0.697333 0.038000 0.050667
0 0.395000 0.700000 0.034000 0.061333
0 0.474000 0.701333 0.036000 0.058667
0 0.610000 0.778667 0.036000 0.053333
0 0.199000 0.844000 0.038000 0.056000
0 0.552000 0.842667 0.040000 0.058667
