0 0.703000 0.114407 0.034000 0.028249
0 0.381000 0.324153 0.018000 0.015537
0 0.310000 0.396186 0.016000 0.018362
0 0.309000 0.468220 0.018000 0.015537
0 0.831000 0.512712 0.018000 0.014124
0 0.319000 0.585452 0.018000 0.015537
0 0.345000 0.629237 0.018000 0.015537
0 0.513000 0.630650 0.018000 0.018362
0 0.355000 0.658898 0.018000 0.015537
0 0.310000 0.745056 0.016000 0.015537
0 0.539000 0.745763 0.018000 0.016949
0 0.769000 0.746469 0.018000 0.015537
0 0.354000 0.774011 0.020000 0.014124
0 0.433000 0.818503 0.018000 0.015537
0 0.177000 0.845339 0.018000 0.015537
0 0.636000 0.890537 0.020000 0.015537
