0 0.405000 0.103814 0.026000 0.021186
0 0.619000 0.103814 0.026000 0.021186
0 0.279000 0.141243 0.022000 0.016949
0 0.479000 0.140537 0.022000 0.018362
0 0.561000 0.215395 0.022000 0.018362
0 0.232000 0.252825 0.024000 0.019774
0 0.585000 0.252119 0.022000 0.018362
0 0.491000 0.363701 0.022000 0.021186
0 0.184000 0.399718 0.024000 0.016949
0 0.490000 0.399718 0.024000 0.016949
0 0.655000 0.474576 0.022000 0.019774
0 0.279000 0.622881 0.022000 0.019774
0 0.821000 0.659605 0.026000 0.019774
0 0.302000 0.770480 0.024000 0.018362
