0 0.637000 0.103960 0.022000 0.018388
0 0.253000 0.214993 0.022000 0.016973
0 0.299000 0.215700 0.022000 0.021216
0 0.184000 0.251061 0.024000 0.018388
0 0.299000 0.251768 0.022000 0.016973
0 0.390000 0.327440 0.020000 0.018388
0 0.323000 0.364215 0.022000 0.018388
0 0.633000 0.363508 0.022000 0.019802
0 0.770000 0.364215 0.020000 0.018388
0 0.489000 0.452617 0.022000 0.019802
0 0.580000 0.452617 0.020000 0.019802
0 0.671000 0.451909 0.022000 0.018388
0 0.480000 0.542433 0.024000 0.018388
0 0.526000 0.876238 0.020000 0.018388
0 0.525000 0.326025 0.022000 0.018388
0 0.459000 0.178925 0.022000 0.021216
