0 0.292000 0.141243 0.024000 0.022599
0 0.222000 0.252825 0.024000 0.019774
0 0.257000 0.363701 0.022000 0.021186
0 0.375000 0.438559 0.022000 0.021186
0 0.281000 0.511299 0.022000 0.019774
0 0.621000 0.585452 0.022000 0.018362
0 0.304000 0.622881 0.024000 0.019774
0 0.633000 0.622175 0.022000 0.018362
0 0.469000 0.660311 0.022000 0.018362
0 0.704000 0.660311 0.024000 0.021186
0 0.257000 0.697034 0.022000 0.018362
0 0.798000 0.697034 0.024000 0.021186
0 0.374000 0.809322 0.024000 0.019774
0 0.680000 0.846045 0.024000 0.019774
