0 0.468000 0.125706 0.024000 0.019774
0 0.790000 0.151836 0.024000 0.021186
0 0.484000 0.230226 0.024000 0.019774
0 0.350000 0.308616 0.020000 0.018362
0 0.350000 0.360169 0.024000 0.019774
0 0.398000 0.438559 0.024000 0.021186
0 0.656000 0.465395 0.024000 0.021186
0 0.822000 0.464689 0.024000 0.022599
0 0.304000 0.490819 0.024000 0.018362
0 0.515000 0.490113 0.022000 0.022599
0 0.186000 0.568503 0.024000 0.021186
0 0.587000 0.569915 0.026000 0.018362
0 0.633000 0.596045 0.022000 0.019774
0 0.727000 0.596045 0.022000 0.019774
0 0.163000 0.622175 0.026000 0.021186
0 0.328000 0.622175 0.024000 0.018362
0 0.632000 0.622881 0.024000 0.019774
0 0.798000 0.620763 0.024000 0.024011
0 0.585000 0.648305 0.022000 0.019774
0 0.255000 0.674435 0.022000 0.021186
0 0.374000 0.675141 0.024000 0.019774
0 0.727000 0.700565 0.022000 0.022599
0 0.680000 0.778249 0.024000 0.019774
0 0.679000 0.857345 0.022000 0.016949
