0 0.418000 0.108051 0.024000 0.021186
0 0.674000 0.259887 0.024000 0.019774
0 0.191000 0.298729 0.022000 0.018362
0 0.527000 0.336864 0.022000 0.021186
0 0.782000 0.374294 0.024000 0.019774
0 0.352000 0.485876 0.024000 0.019774
0 0.353000 0.519068 0.026000 0.021186
0 0.567000 0.519774 0.026000 0.019774
0 0.729000 0.554379 0.022000 0.018362
0 0.782000 0.588983 0.024000 0.019774
0 0.298000 0.657486 0.024000 0.021186
0 0.568000 0.658192 0.024000 0.019774
0 0.755000 0.657486 0.026000 0.021186
0 0.379000 0.692797 0.022000 0.021186
