0 0.463000 0.084746 0.018000 0.016949
0 0.313000 0.153955 0.018000 0.014124
0 0.264000 0.168785 0.016000 0.012712
0 0.576000 0.199153 0.016000 0.014124
0 0.264000 0.213983 0.016000 0.012712
0 0.358000 0.228814 0.016000 0.014124
0 0.428000 0.214689 0.016000 0.014124
0 0.213000 0.259181 0.014000 0.012712
0 0.279000 0.259181 0.014000 0.012712
0 0.263000 0.274718 0.014000 0.012712
0 0.362000 0.274718 0.016000 0.012712
0 0.390000 0.288842 0.016000 0.012712
0 0.406000 0.410311 0.016000 0.012712
0 0.280000 0.439972 0.016000 0.012712
0 0.263000 0.454802 0.014000 0.011299
0 0.385000 0.454802 0.014000 0.014124
0 0.450000 0.454802 0.016000 0.014124
0 0.514000 0.454802 0.016000 0.014124
0 0.378000 0.469633 0.016000 0.012712
0 0.230000 0.469633 0.016000 0.012712
0 0.296000 0.485876 0.016000 0.014124
0 0.435000 0.485169 0.014000 0.012712
0 0.460000 0.501412 0.016000 0.014124
0 0.329000 0.500706 0.018000 0.012712
0 0.296000 0.454096 0.016000 0.012712
0 0.457000 0.229520 0.014000 0.012712
