0 0.233000 0.214689 0.022000 0.022599
0 0.362000 0.251412 0.024000 0.022599
0 0.715000 0.252119 0.026000 0.021186
0 0.749000 0.288842 0.022000 0.021186
0 0.587000 0.325565 0.022000 0.018362
0 0.374000 0.361582 0.020000 0.019774
0 0.645000 0.362288 0.022000 0.021186
0 0.352000 0.397599 0.024000 0.021186
0 0.562000 0.398305 0.024000 0.019774
0 0.798000 0.399011 0.024000 0.021186
0 0.444000 0.435028 0.024000 0.019774
0 0.780000 0.436441 0.024000 0.019774
0 0.187000 0.509887 0.026000 0.019774
0 0.515000 0.510593 0.026000 0.021186
0 0.681000 0.511299 0.022000 0.019774
0 0.420000 0.547316 0.024000 0.021186
0 0.633000 0.547316 0.026000 0.021186
0 0.374000 0.585452 0.024000 0.021186
0 0.640000 0.585452 0.024000 0.021186
0 0.586000 0.658898 0.024000 0.021186
0 0.545000 0.694915 0.022000 0.022599
0 0.253000 0.733051 0.026000 0.022599
0 0.769000 0.731638 0.022000 0.019774
0 0.373000 0.769774 0.022000 0.022599
0 0.492000 0.771186 0.024000 0.022599
0 0.680000 0.770480 0.024000 0.021186
0 0.304000 0.807203 0.024000 0.021186
0 0.471000 0.056497 0.014000 0.011299
