0 0.434000 0.104520 0.024000 0.019774
0 0.410000 0.178672 0.024000 0.018362
0 0.550000 0.177966 0.024000 0.019774
0 0.268000 0.214689 0.024000 0.022599
0 0.434000 0.326977 0.024000 0.024011
0 0.291000 0.400424 0.022000 0.021186
0 0.162000 0.437147 0.024000 0.021186
0 0.291000 0.473164 0.022000 0.019774
0 0.457000 0.511299 0.022000 0.019774
0 0.762000 0.512006 0.024000 0.021186
0 0.410000 0.584040 0.024000 0.021186
0 0.291000 0.659605 0.022000 0.019774
0 0.666000 0.658898 0.024000 0.021186
0 0.291000 0.696328 0.022000 0.019774
0 0.364000 0.733051 0.024000 0.019774
0 0.457000 0.733757 0.022000 0.018362
0 0.316000 0.770480 0.024000 0.021186
0 0.668000 0.770480 0.024000 0.021186
0 0.257000 0.807910 0.022000 0.019774
0 0.268000 0.845339 0.024000 0.021186
0 0.574000 0.881356 0.024000 0.016949
