0 0.338000 0.138418 0.024000 0.025424
0 0.718000 0.139124 0.024000 0.026836
0 0.465000 0.176554 0.026000 0.022599
0 0.803000 0.213277 0.026000 0.022599
0 0.400000 0.250706 0.028000 0.024011
0 0.652000 0.251412 0.028000 0.022599
0 0.163000 0.324859 0.026000 0.022599
0 0.542000 0.326271 0.024000 0.022599
0 0.162000 0.362994 0.028000 0.022599
0 0.439000 0.399718 0.026000 0.025424
0 0.568000 0.400424 0.024000 0.024011
0 0.466000 0.436441 0.024000 0.022599
0 0.661000 0.437147 0.026000 0.024011
0 0.734000 0.435734 0.032000 0.026836
0 0.667000 0.472458 0.026000 0.024011
0 0.349000 0.622175 0.026000 0.029661
0 0.642000 0.661017 0.024000 0.025424
0 0.239000 0.733051 0.026000 0.025424
0 0.288000 0.806497 0.024000 0.025424
0 0.469000 0.807203 0.026000 0.024011
