0 0.571000 0.096045 0.022000 0.016949
0 0.580000 0.127119 0.020000 0.014124
0 0.501000 0.182203 0.018000 0.014124
0 0.700000 0.183616 0.020000 0.016949
0 0.460000 0.348870 0.020000 0.016949
0 0.520000 0.375706 0.020000 0.014124
0 0.420000 0.490819 0.020000 0.015537
0 0.340000 0.523305 0.020000 0.015537
0 0.400000 0.552260 0.020000 0.016949
0 0.361000 0.634181 0.018000 0.014124
0 0.319000 0.663136 0.018000 0.015537
0 0.361000 0.716808 0.018000 0.015537
0 0.361000 0.772599 0.018000 0.014124
0 0.360000 0.828390 0.020000 0.015537
0 0.220000 0.855932 0.020000 0.016949
