0 0.321000 0.102623 0.022000 0.020062
0 0.639000 0.136574 0.022000 0.023148
0 0.250000 0.171296 0.020000 0.021605
0 0.367000 0.206019 0.022000 0.020062
0 0.619000 0.206019 0.022000 0.023148
0 0.364000 0.240741 0.020000 0.021605
0 0.708000 0.239198 0.024000 0.021605
0 0.158000 0.274691 0.024000 0.021605
0 0.467000 0.308642 0.022000 0.021605
0 0.650000 0.308642 0.020000 0.021605
0 0.249000 0.342593 0.022000 0.021605
0 0.456000 0.343364 0.020000 0.020062
0 0.753000 0.344136 0.022000 0.021605
0 0.321000 0.378086 0.022000 0.021605
0 0.574000 0.377315 0.020000 0.023148
0 0.204000 0.411265 0.024000 0.020062
0 0.731000 0.412037 0.022000 0.024691
0 0.597000 0.482253 0.022000 0.023148
0 0.802000 0.479938 0.020000 0.024691
0 0.501000 0.514660 0.022000 0.020062
