0 0.325000 0.068000 0.050000 0.088000
0 0.279000 0.198667 0.038000 0.056000
0 0.127000 0.290667 0.030000 0.053333
0 0.477000 0.481333 0.034000 0.045333
0 0.814000 0.481333 0.032000 0.045333
0 0.360000 0.580000 0.032000 0.050667
0 0.730000 0.582667 0.032000 0.061333
0 0.326000 0.668000 0.032000 0.045333
0 0.429000 0.669333 0.034000 0.048000
0 0.260000 0.778667 0.032000 0.048000
0 0.462000 0.778667 0.032000 0.048000
0 0.595000 0.776000 0.030000 0.053333
0 0.628000 0.777333 0.036000 0.056000
0 0.832000 0.777333 0.032000 0.056000
0 0.025000 0.828000 0.034000 0.045333
0 0.060000 0.830667 0.036000 0.050667
