0 0.117000 0.167674 0.018000 0.033233
0 0.635000 0.170695 0.026000 0.051360
0 0.767000 0.291541 0.014000 0.027190
0 0.524000 0.329305 0.012000 0.024169
0 0.865000 0.329305 0.014000 0.030211
0 0.938000 0.330816 0.016000 0.027190
0 0.625000 0.368580 0.014000 0.030211
0 0.795000 0.368580 0.014000 0.030211
0 0.453000 0.429003 0.018000 0.030211
0 0.624000 0.427492 0.012000 0.027190
0 0.681000 0.466767 0.014000 0.027190
0 0.881000 0.466767 0.014000 0.027190
0 0.724000 0.543807 0.016000 0.030211
0 0.559000 0.602719 0.014000 0.027190
0 0.745000 0.604230 0.014000 0.030211
0 0.873000 0.604230 0.014000 0.030211
0 0.553000 0.643505 0.014000 0.030211
0 0.667000 0.758308 0.014000 0.036254
0 0.909000 0.758308 0.014000 0.030211
0 0.867000 0.835347 0.014000 0.027190
0 0.567000 0.873112 0.014000 0.024169
0 0.923000 0.873112 0.014000 0.030211
0 0.467000 0.330816 0.018000 0.027190
0 0.609000 0.329305 0.014000 0.030211
0 0.681000 0.330816 0.014000 0.027190
0 0.753000 0.329305 0.014000 0.024169
0 0.539000 0.367069 0.014000 0.033233
0 0.511000 0.504532 0.014000 0.030211
0 0.752000 0.503021 0.012000 0.027190
0 0.816000 0.641994 0.016000 0.027190
0 0.881000 0.679758 0.014000 0.024169
0 0.739000 0.717523 0.014000 0.027190
0 0.667000 0.796073 0.014000 0.027190
0 0.809000 0.794562 0.014000 0.030211
0 0.482000 0.543807 0.016000 0.030211
0 0.595000 0.678248 0.014000 0.027190
