0 0.437059 0.080000 0.027059 0.030000
0 0.724706 0.082000 0.028235 0.032000
0 0.531765 0.114500 0.028235 0.035000
0 0.500588 0.216500 0.031765 0.027000
0 0.660588 0.215000 0.031765 0.034000
0 0.276471 0.248500 0.030588 0.029000
0 0.788824 0.248500 0.031765 0.033000
0 0.402941 0.279000 0.029412 0.030000
0 0.562941 0.281000 0.031765 0.036000
0 0.434706 0.377000 0.029412 0.032000
0 0.787647 0.378500 0.029412 0.031000
0 0.180588 0.523000 0.034118 0.028000
0 0.500000 0.524000 0.030588 0.030000
0 0.724118 0.523000 0.031765 0.030000
0 0.437059 0.559000 0.031765 0.032000
0 0.597647 0.558000 0.028235 0.034000
0 0.692941 0.557000 0.030588 0.030000
0 0.178235 0.590000 0.029412 0.030000
0 0.244118 0.591500 0.034118 0.029000
0 0.339412 0.592500 0.031765 0.031000
0 0.692353 0.591000 0.029412 0.028000
0 0.756471 0.589000 0.028235 0.030000
0 0.628824 0.760500 0.031765 0.035000
0 0.244706 0.794500 0.028235 0.033000
0 0.371176 0.793000 0.031765 0.032000
0 0.467059 0.794000 0.028235 0.034000
0 0.724706 0.795500 0.030588 0.033000
0 0.790000 0.793500 0.031765 0.033000
0 0.372353 0.945000 0.029412 0.036000
0 0.692353 0.944000 0.029412 0.030000
0 0.755882 0.945000 0.031765 0.036000
