0 0.298000 0.103814 0.028000 0.021186
0 0.245000 0.178672 0.026000 0.021186
0 0.433000 0.179379 0.022000 0.022599
0 0.326000 0.214689 0.024000 0.022599
0 0.460000 0.215395 0.024000 0.021186
0 0.756000 0.216102 0.024000 0.022599
0 0.164000 0.288842 0.028000 0.021186
0 0.460000 0.289548 0.024000 0.019774
0 0.676000 0.326977 0.024000 0.021186
0 0.676000 0.364407 0.024000 0.019774
0 0.245000 0.474576 0.026000 0.022599
0 0.326000 0.548023 0.024000 0.022599
0 0.380000 0.585452 0.024000 0.024011
0 0.703000 0.586158 0.026000 0.022599
0 0.487000 0.696328 0.022000 0.019774
0 0.783000 0.697740 0.026000 0.022599
0 0.406000 0.844633 0.024000 0.019774
0 0.702000 0.884181 0.024000 0.025424
0 0.433000 0.771186 0.026000 0.019774
