0 0.486000 0.104520 0.024000 0.019774
0 0.513000 0.206215 0.022000 0.016949
0 0.472000 0.206215 0.020000 0.016949
0 0.250000 0.206215 0.020000 0.016949
0 0.412000 0.205508 0.020000 0.015537
0 0.291000 0.242232 0.022000 0.015537
0 0.816000 0.242938 0.020000 0.016949
0 0.321000 0.261299 0.022000 0.016949
0 0.755000 0.278955 0.022000 0.015537
0 0.676000 0.298729 0.020000 0.015537
0 0.776000 0.298023 0.020000 0.016949
0 0.320000 0.316384 0.020000 0.016949
0 0.620000 0.317797 0.020000 0.016949
0 0.518000 0.335452 0.020000 0.015537
0 0.362000 0.353814 0.020000 0.015537
0 0.502000 0.353814 0.020000 0.015537
0 0.332000 0.372175 0.020000 0.015537
0 0.776000 0.372881 0.020000 0.016949
0 0.251000 0.409605 0.022000 0.016949
0 0.220000 0.446328 0.020000 0.016949
0 0.644000 0.447034 0.020000 0.015537
0 0.554000 0.502119 0.020000 0.015537
0 0.311000 0.576271 0.022000 0.016949
0 0.370000 0.576271 0.020000 0.016949
0 0.718000 0.575565 0.020000 0.015537
0 0.778000 0.576271 0.020000 0.016949
