0 0.711000 0.128650 0.018000 0.020073
0 0.395000 0.163321 0.018000 0.020073
0 0.656000 0.195255 0.016000 0.025547
0 0.747000 0.194343 0.018000 0.020073
0 0.322000 0.225365 0.016000 0.020073
0 0.594000 0.226277 0.016000 0.025547
0 0.439000 0.289234 0.018000 0.020073
0 0.403000 0.322080 0.018000 0.020073
0 0.531000 0.322080 0.018000 0.020073
0 0.620000 0.354927 0.016000 0.020073
0 0.721000 0.354927 0.018000 0.023723
0 0.638000 0.419708 0.016000 0.021898
0 0.512000 0.484489 0.016000 0.023723
0 0.602000 0.483577 0.016000 0.021898
0 0.422000 0.549270 0.016000 0.021898
0 0.512000 0.547445 0.016000 0.018248
0 0.449000 0.612226 0.018000 0.020073
