0 0.353000 0.326271 0.030000 0.025424
0 0.567000 0.325565 0.034000 0.024011
0 0.441000 0.474576 0.030000 0.022599
0 0.439000 0.546610 0.030000 0.028249
0 0.560000 0.548729 0.032000 0.024011
0 0.680000 0.621469 0.028000 0.025424
0 0.834000 0.621469 0.032000 0.025424
0 0.773000 0.658898 0.030000 0.024011
0 0.318000 0.695621 0.032000 0.026836
0 0.622000 0.695621 0.032000 0.024011
0 0.743000 0.697740 0.030000 0.022599
0 0.362000 0.733757 0.028000 0.024011
0 0.743000 0.733051 0.030000 0.025424
0 0.255000 0.770480 0.030000 0.026836
0 0.469000 0.771186 0.030000 0.025424
0 0.713000 0.882768 0.030000 0.025424
