0 0.221000 0.155367 0.022000 0.019774
0 0.333000 0.286723 0.018000 0.019774
0 0.645000 0.286723 0.018000 0.016949
0 0.221000 0.327684 0.022000 0.016949
0 0.524000 0.327684 0.020000 0.016949
0 0.362000 0.371469 0.020000 0.016949
0 0.564000 0.458333 0.020000 0.015537
0 0.503000 0.502119 0.018000 0.015537
0 0.323000 0.546610 0.022000 0.016949
0 0.747000 0.547316 0.018000 0.018362
0 0.524000 0.674435 0.020000 0.018362
0 0.404000 0.719633 0.020000 0.018362
0 0.393000 0.849576 0.022000 0.021186
0 0.604000 0.894774 0.020000 0.018362
