0 0.141000 0.210042 0.026000 0.021216
0 0.855000 0.210750 0.026000 0.022631
0 0.369000 0.244696 0.022000 0.022631
0 0.171000 0.280764 0.026000 0.021216
0 0.379000 0.279349 0.026000 0.021216
0 0.497000 0.280764 0.022000 0.021216
0 0.513000 0.316124 0.022000 0.021216
0 0.512000 0.386846 0.024000 0.021216
0 0.369000 0.422914 0.026000 0.022631
0 0.668000 0.458274 0.024000 0.022631
0 0.396000 0.493635 0.024000 0.019802
0 0.683000 0.529703 0.022000 0.024045
0 0.257000 0.565064 0.022000 0.021216
0 0.796000 0.564356 0.024000 0.022631
0 0.824000 0.599717 0.024000 0.022631
0 0.455000 0.635785 0.026000 0.021216
0 0.281000 0.671146 0.026000 0.018388
0 0.313000 0.707214 0.022000 0.022631
