0 0.314000 0.131356 0.036000 0.033898
0 0.485000 0.254237 0.022000 0.019774
0 0.273000 0.290254 0.022000 0.021186
0 0.449000 0.327684 0.022000 0.019774
0 0.639000 0.328390 0.022000 0.018362
0 0.845000 0.328390 0.022000 0.018362
0 0.544000 0.402542 0.020000 0.019774
0 0.892000 0.438559 0.020000 0.021186
0 0.214000 0.512006 0.020000 0.018362
0 0.527000 0.550141 0.022000 0.018362
0 0.260000 0.587571 0.020000 0.016949
0 0.331000 0.587571 0.022000 0.019774
0 0.249000 0.623588 0.022000 0.018362
0 0.131000 0.661017 0.022000 0.019774
0 0.314000 0.697740 0.024000 0.019774
0 0.739000 0.697740 0.022000 0.016949
0 0.485000 0.734463 0.022000 0.016949
0 0.579000 0.734463 0.022000 0.019774
0 0.315000 0.808616 0.022000 0.021186
0 0.550000 0.808616 0.020000 0.018362
0 0.107000 0.844633 0.022000 0.016949
0 0.473000 0.882768 0.022000 0.019774
