0 0.311000 0.139124 0.022000 0.018362
0 0.499000 0.140537 0.022000 0.021186
0 0.741000 0.141243 0.026000 0.022599
0 0.540000 0.199859 0.024000 0.018362
0 0.756000 0.199859 0.024000 0.024011
0 0.418000 0.259181 0.024000 0.021186
0 0.770000 0.258475 0.024000 0.019774
0 0.674000 0.319209 0.024000 0.022599
0 0.810000 0.319209 0.024000 0.019774
0 0.190000 0.348870 0.028000 0.022599
0 0.539000 0.408898 0.026000 0.021186
0 0.270000 0.466808 0.024000 0.021186
0 0.551000 0.497175 0.022000 0.022599
0 0.216000 0.527542 0.024000 0.021186
0 0.433000 0.526130 0.022000 0.021186
0 0.808000 0.526836 0.024000 0.019774
0 0.135000 0.555791 0.022000 0.021186
0 0.336000 0.584746 0.024000 0.019774
0 0.216000 0.616525 0.024000 0.024011
0 0.781000 0.615819 0.022000 0.019774
0 0.350000 0.644774 0.024000 0.018362
0 0.689000 0.675141 0.026000 0.019774
0 0.244000 0.705508 0.024000 0.024011
0 0.594000 0.706215 0.028000 0.022599
0 0.807000 0.734463 0.022000 0.019774
0 0.527000 0.793079 0.022000 0.021186
