0 0.522000 0.096751 0.024000 0.018362
0 0.805000 0.139124 0.022000 0.018362
0 0.430000 0.139124 0.024000 0.018362
0 0.585000 0.161017 0.022000 0.019774
0 0.512000 0.202684 0.024000 0.018362
0 0.817000 0.203390 0.022000 0.016949
0 0.350000 0.225282 0.024000 0.018362
0 0.628000 0.246469 0.024000 0.018362
0 0.816000 0.246469 0.024000 0.018362
0 0.373000 0.310028 0.022000 0.018362
0 0.160000 0.396186 0.024000 0.018362
0 0.232000 0.396186 0.024000 0.018362
0 0.440000 0.631356 0.024000 0.019774
0 0.511000 0.630650 0.022000 0.018362
0 0.487000 0.652542 0.022000 0.016949
0 0.558000 0.652542 0.024000 0.016949
0 0.629000 0.652542 0.022000 0.019774
0 0.818000 0.652542 0.024000 0.019774
0 0.397000 0.673023 0.022000 0.018362
0 0.632000 0.673729 0.024000 0.019774
0 0.161000 0.695621 0.026000 0.018362
0 0.276000 0.716102 0.024000 0.016949
0 0.208000 0.759887 0.024000 0.019774
0 0.276000 0.781073 0.024000 0.019774
0 0.652000 0.780367 0.024000 0.018362
0 0.274000 0.823446 0.024000 0.016949
0 0.569000 0.887006 0.022000 0.016949
