0 0.283000 0.098164 0.022000 0.021186
0 0.758000 0.098870 0.020000 0.025424
0 0.206000 0.125706 0.020000 0.019774
0 0.248000 0.152542 0.020000 0.019774
0 0.284000 0.207627 0.020000 0.019774
0 0.800000 0.209040 0.020000 0.019774
0 0.524000 0.235876 0.020000 0.019774
0 0.282000 0.319209 0.020000 0.019774
0 0.576000 0.317797 0.020000 0.019774
0 0.659000 0.319915 0.018000 0.021186
0 0.559000 0.375706 0.018000 0.022599
0 0.372000 0.429379 0.020000 0.022599
0 0.671000 0.431497 0.022000 0.018362
0 0.449000 0.485169 0.018000 0.018362
0 0.639000 0.486582 0.022000 0.018362
0 0.282000 0.514831 0.020000 0.018362
0 0.300000 0.543079 0.020000 0.018362
0 0.436000 0.541667 0.020000 0.018362
0 0.542000 0.543079 0.020000 0.018362
0 0.441000 0.569915 0.018000 0.021186
0 0.806000 0.568503 0.020000 0.018362
0 0.317000 0.624294 0.022000 0.019774
0 0.418000 0.625000 0.020000 0.021186
0 0.353000 0.652542 0.018000 0.022599
0 0.471000 0.653249 0.018000 0.024011
0 0.576000 0.651130 0.020000 0.022599
0 0.720000 0.651130 0.020000 0.025424
0 0.176000 0.680085 0.020000 0.021186
0 0.282000 0.709040 0.020000 0.019774
0 0.230000 0.737994 0.020000 0.018362
0 0.429000 0.736582 0.022000 0.021186
0 0.676000 0.735169 0.020000 0.018362
0 0.310000 0.765537 0.020000 0.022599
0 0.503000 0.764831 0.018000 0.021186
0 0.726000 0.764124 0.020000 0.019774
0 0.299000 0.819209 0.022000 0.019774
0 0.500000 0.847458 0.020000 0.022599
0 0.302000 0.877119 0.024000 0.019774
