0 0.447000 0.097458 0.018000 0.016949
0 0.283000 0.192090 0.014000 0.014124
0 0.394000 0.363701 0.016000 0.015537
0 0.357000 0.385593 0.018000 0.016949
0 0.354000 0.448446 0.016000 0.015537
0 0.362000 0.574859 0.016000 0.014124
0 0.296000 0.746469 0.016000 0.015537
0 0.284000 0.810734 0.016000 0.016949
0 0.412000 0.810028 0.020000 0.015537
0 0.515000 0.809322 0.018000 0.014124
0 0.606000 0.810028 0.016000 0.012712
0 0.159000 0.829802 0.018000 0.015537
0 0.392000 0.830508 0.016000 0.014124
0 0.569000 0.831921 0.014000 0.014124
0 0.247000 0.851695 0.014000 0.014124
0 0.337000 0.852401 0.018000 0.012712
0 0.429000 0.852401 0.014000 0.012712
0 0.768000 0.852401 0.016000 0.012712
0 0.159000 0.874294 0.022000 0.011299
0 0.266000 0.872881 0.016000 0.014124
0 0.658000 0.874294 0.016000 0.014124
