0 0.473000 0.255650 0.038000 0.031073
0 0.272000 0.403249 0.020000 0.018362
0 0.312000 0.461158 0.020000 0.015537
0 0.214000 0.490819 0.020000 0.015537
0 0.348000 0.490819 0.020000 0.018362
0 0.134000 0.519068 0.020000 0.015537
0 0.575000 0.548023 0.022000 0.016949
0 0.669000 0.548023 0.022000 0.016949
0 0.292000 0.577684 0.020000 0.016949
0 0.295000 0.605932 0.022000 0.016949
0 0.549000 0.689972 0.026000 0.021186
0 0.447000 0.721751 0.022000 0.016949
0 0.554000 0.751412 0.020000 0.016949
0 0.534000 0.780367 0.020000 0.015537
0 0.736000 0.780367 0.020000 0.015537
0 0.675000 0.809322 0.022000 0.016949
0 0.555000 0.867938 0.022000 0.018362
0 0.340000 0.896893 0.020000 0.016949
