0 0.245000 0.104135 0.018000 0.018377
0 0.227000 0.126340 0.018000 0.019908
0 0.492000 0.147014 0.020000 0.018377
0 0.238000 0.169985 0.020000 0.015314
0 0.669000 0.192190 0.018000 0.016845
0 0.286000 0.214395 0.020000 0.018377
0 0.744000 0.213629 0.020000 0.016845
0 0.705000 0.235069 0.018000 0.016845
0 0.287000 0.258806 0.022000 0.018377
0 0.604000 0.280245 0.020000 0.018377
0 0.323000 0.303982 0.022000 0.019908
0 0.610000 0.325421 0.020000 0.016845
0 0.706000 0.325421 0.020000 0.016845
0 0.567000 0.347626 0.018000 0.018377
0 0.744000 0.347626 0.020000 0.018377
0 0.601000 0.370597 0.018000 0.018377
0 0.331000 0.392802 0.022000 0.019908
0 0.646000 0.391271 0.020000 0.016845
0 0.694000 0.392802 0.020000 0.019908
0 0.238000 0.414242 0.020000 0.016845
0 0.464000 0.415008 0.020000 0.018377
0 0.142000 0.437979 0.020000 0.018377
0 0.363000 0.437979 0.018000 0.018377
0 0.294000 0.458652 0.020000 0.016845
0 0.622000 0.459418 0.020000 0.018377
0 0.781000 0.458652 0.018000 0.016845
0 0.294000 0.482389 0.020000 0.018377
0 0.622000 0.483155 0.020000 0.016845
0 0.754000 0.525268 0.020000 0.018377
0 0.381000 0.592649 0.018000 0.018377
0 0.704000 0.591884 0.020000 0.016845
0 0.219000 0.657734 0.022000 0.019908
0 0.705000 0.658499 0.022000 0.018377
0 0.782000 0.702144 0.020000 0.016845
0 0.160000 0.748086 0.020000 0.016845
0 0.238000 0.838438 0.020000 0.016845
0 0.629000 0.837672 0.018000 0.018377
0 0.675000 0.838438 0.018000 0.016845
0 0.744000 0.837672 0.020000 0.018377
