0 0.419000 0.093220 0.014000 0.014124
0 0.608000 0.093927 0.016000 0.015537
0 0.212000 0.112288 0.016000 0.015537
0 0.496000 0.111582 0.016000 0.011299
0 0.624000 0.129237 0.016000 0.015537
0 0.496000 0.149011 0.016000 0.015537
0 0.417000 0.166667 0.014000 0.014124
0 0.280000 0.185734 0.016000 0.015537
0 0.292000 0.205508 0.016000 0.015537
0 0.542000 0.205508 0.016000 0.015537
0 0.605000 0.223164 0.018000 0.014124
0 0.687000 0.278955 0.014000 0.015537
0 0.408000 0.858051 0.016000 0.015537
0 0.297000 0.876412 0.014000 0.015537
0 0.599000 0.894774 0.014000 0.018362
0 0.725000 0.893362 0.014000 0.015537
0 0.470000 0.466808 0.016000 0.012712
0 0.203000 0.485876 0.014000 0.014124
0 0.204000 0.598164 0.016000 0.012712
0 0.464000 0.204096 0.016000 0.012712
0 0.326000 0.130650 0.016000 0.012712
