0 0.485000 0.104108 0.026000 0.024079
0 0.153000 0.344901 0.022000 0.018414
0 0.581000 0.374646 0.018000 0.018414
0 0.249000 0.407932 0.018000 0.019830
0 0.376000 0.437677 0.020000 0.016997
0 0.251000 0.495751 0.018000 0.019830
0 0.249000 0.558782 0.018000 0.018414
0 0.753000 0.587110 0.018000 0.021246
0 0.421000 0.615439 0.018000 0.018414
0 0.314000 0.645892 0.016000 0.019830
0 0.192000 0.673513 0.020000 0.018414
0 0.296000 0.705382 0.016000 0.016997
0 0.802000 0.737252 0.020000 0.018414
0 0.333000 0.795326 0.018000 0.018414
0 0.375000 0.855524 0.018000 0.019830
0 0.825000 0.855524 0.018000 0.019830
