0 0.257000 0.141243 0.022000 0.019774
0 0.704000 0.141243 0.024000 0.019774
0 0.421000 0.177966 0.022000 0.019774
0 0.391000 0.215395 0.022000 0.021186
0 0.281000 0.326977 0.022000 0.018362
0 0.445000 0.325565 0.022000 0.021186
0 0.610000 0.326977 0.024000 0.021186
0 0.822000 0.326271 0.024000 0.019774
0 0.421000 0.473870 0.022000 0.021186
0 0.727000 0.473164 0.022000 0.019774
0 0.705000 0.512006 0.022000 0.021186
0 0.185000 0.548023 0.022000 0.019774
0 0.351000 0.548023 0.022000 0.019774
0 0.798000 0.550141 0.024000 0.021186
0 0.634000 0.660311 0.024000 0.018362
0 0.798000 0.660311 0.020000 0.018362
0 0.281000 0.697034 0.022000 0.018362
0 0.657000 0.697034 0.022000 0.018362
0 0.256000 0.733051 0.020000 0.019774
0 0.162000 0.807910 0.024000 0.022599
0 0.799000 0.843220 0.022000 0.019774
