0 0.388000 0.078667 0.052000 0.093333
0 0.499000 0.170667 0.050000 0.080000
0 0.400000 0.257333 0.036000 0.056000
0 0.835000 0.257333 0.034000 0.050667
0 0.514000 0.310667 0.036000 0.050667
0 0.112000 0.361333 0.040000 0.056000
0 0.646000 0.358667 0.032000 0.045333
0 0.568000 0.418667 0.032000 0.053333
0 0.180000 0.477333 0.032000 0.053333
0 0.514000 0.476000 0.032000 0.050667
0 0.414000 0.522667 0.036000 0.048000
0 0.147000 0.581333 0.030000 0.058667
0 0.548000 0.580000 0.032000 0.056000
0 0.882000 0.582667 0.032000 0.050667
0 0.913000 0.630667 0.034000 0.045333
0 0.181000 0.728000 0.034000 0.053333
0 0.447000 0.729333 0.034000 0.050667
0 0.347000 0.773333 0.030000 0.048000
0 0.582000 0.774667 0.032000 0.045333
0 0.533000 0.830667 0.034000 0.056000
