0 0.405000 0.105932 0.018000 0.014124
0 0.331000 0.189972 0.018000 0.015537
0 0.179000 0.211158 0.018000 0.015537
0 0.255000 0.294492 0.018000 0.015537
0 0.367000 0.408192 0.018000 0.014124
0 0.593000 0.408192 0.018000 0.014124
0 0.443000 0.607345 0.018000 0.016949
0 0.725000 0.608051 0.018000 0.015537
0 0.615000 0.685734 0.018000 0.015537
0 0.536000 0.720339 0.016000 0.014124
0 0.753000 0.720339 0.018000 0.014124
0 0.424000 0.769774 0.020000 0.014124
0 0.640000 0.770480 0.020000 0.015537
0 0.275000 0.852401 0.018000 0.015537
0 0.159000 0.880650 0.022000 0.015537
