0 0.635593 0.241667 0.014342 0.050000
0 0.816819 0.286667 0.014342 0.046667
0 0.163625 0.638333 0.019557 0.063333
0 0.251630 0.673333 0.013038 0.046667
0 0.416558 0.766667 0.014342 0.046667
0 0.478488 0.711667 0.013038 0.043333
0 0.586050 0.775000 0.014342 0.043333
0 0.404172 0.071667 0.010430 0.043333
0 0.505867 0.080000 0.010430 0.040000
0 0.604954 0.311667 0.010430 0.036667
0 0.747718 0.081667 0.011734 0.036667
0 0.790743 0.111667 0.011734 0.043333
0 0.788136 0.331667 0.011734 0.036667
0 0.218383 0.610000 0.011734 0.040000
0 0.243807 0.791667 0.013038 0.043333
0 0.294654 0.705000 0.013038 0.036667
0 0.215124 0.838333 0.010430 0.036667
0 0.465450 0.770000 0.013038 0.046667
0 0.825293 0.166667 0.013038 0.060000
0 0.507171 0.211667 0.010430 0.036667
