0 0.384000 0.182910 0.020000 0.015537
0 0.243000 0.210452 0.018000 0.016949
0 0.332000 0.238701 0.020000 0.016949
0 0.716000 0.266243 0.020000 0.015537
0 0.292000 0.322034 0.020000 0.016949
0 0.658000 0.434322 0.020000 0.018362
0 0.283000 0.460452 0.018000 0.016949
0 0.626000 0.461158 0.020000 0.015537
0 0.294000 0.488701 0.020000 0.016949
0 0.283000 0.544492 0.018000 0.015537
0 0.444000 0.544492 0.020000 0.015537
0 0.557000 0.572740 0.018000 0.015537
0 0.393000 0.740113 0.022000 0.016949
0 0.393000 0.767655 0.022000 0.015537
0 0.534000 0.850989 0.020000 0.018362
0 0.293000 0.878531 0.018000 0.016949
0 0.839000 0.878531 0.022000 0.016949
