0 0.250000 0.114569 0.020000 0.019802
0 0.251000 0.147808 0.018000 0.015559
0 0.270000 0.181754 0.020000 0.018388
0 0.227000 0.214993 0.018000 0.019802
0 0.588000 0.216407 0.020000 0.016973
0 0.251000 0.248939 0.018000 0.016973
0 0.227000 0.316832 0.018000 0.019802
0 0.360000 0.316124 0.020000 0.018388
0 0.608000 0.317539 0.020000 0.018388
0 0.722000 0.316832 0.020000 0.019802
0 0.169000 0.383310 0.018000 0.016973
0 0.276000 0.384724 0.020000 0.016973
0 0.474000 0.451202 0.020000 0.019802
0 0.171000 0.552334 0.018000 0.015559
0 0.246000 0.586987 0.020000 0.016973
0 0.408000 0.653465 0.020000 0.016973
0 0.170000 0.720651 0.020000 0.018388
0 0.284000 0.719943 0.020000 0.016973
0 0.170000 0.787836 0.020000 0.016973
0 0.285000 0.789250 0.018000 0.019802
0 0.342000 0.586280 0.020000 0.015559
0 0.257000 0.654173 0.018000 0.015559
