0 0.345000 0.105226 0.022000 0.015537
0 0.386000 0.164548 0.020000 0.018362
0 0.546000 0.164548 0.020000 0.015537
0 0.287000 0.274718 0.022000 0.015537
0 0.432000 0.274718 0.020000 0.018362
0 0.579000 0.274718 0.022000 0.018362
0 0.428000 0.333333 0.020000 0.016949
0 0.756000 0.333333 0.020000 0.019774
0 0.791000 0.465395 0.022000 0.018362
0 0.518000 0.503531 0.020000 0.015537
0 0.428000 0.561441 0.020000 0.015537
0 0.756000 0.562853 0.020000 0.015537
0 0.433000 0.598870 0.022000 0.016949
0 0.554000 0.732345 0.020000 0.018362
0 0.732000 0.828390 0.020000 0.015537
0 0.737000 0.863701 0.022000 0.015537
