0 0.480000 0.171610 0.040000 0.032486
0 0.452000 0.300141 0.020000 0.015537
0 0.528000 0.352401 0.020000 0.018362
0 0.790000 0.353107 0.020000 0.016949
0 0.714000 0.378531 0.020000 0.016949
0 0.310000 0.430791 0.020000 0.016949
0 0.513000 0.430791 0.022000 0.016949
0 0.207000 0.460452 0.022000 0.019774
0 0.308000 0.460452 0.024000 0.016949
0 0.326000 0.495056 0.020000 0.015537
0 0.391000 0.547316 0.018000 0.015537
0 0.362000 0.574153 0.020000 0.015537
0 0.382000 0.730226 0.020000 0.016949
0 0.129000 0.782486 0.022000 0.016949
0 0.326000 0.810028 0.020000 0.018362
0 0.488000 0.809322 0.020000 0.019774
0 0.568000 0.808616 0.020000 0.015537
0 0.650000 0.809322 0.020000 0.016949
0 0.770000 0.809322 0.020000 0.016949
0 0.190000 0.836158 0.020000 0.016949
0 0.694000 0.834746 0.020000 0.014124
0 0.856000 0.834040 0.020000 0.018362
0 0.552000 0.861582 0.020000 0.016949
0 0.714000 0.861582 0.020000 0.016949
0 0.367000 0.807910 0.018000 0.014124
