0 0.149000 0.041049 0.014000 0.013683
0 0.148000 0.097491 0.016000 0.012543
0 0.154000 0.111174 0.016000 0.012543
0 0.173000 0.123717 0.018000 0.010262
0 0.191000 0.162486 0.018000 0.012543
0 0.115000 0.389396 0.018000 0.014823
0 0.298000 0.034208 0.016000 0.011403
0 0.379000 0.034778 0.014000 0.012543
0 0.530000 0.034208 0.016000 0.011403
0 0.298000 0.059863 0.016000 0.010262
0 0.382000 0.060433 0.020000 0.011403
0 0.414000 0.117446 0.016000 0.015964
0 0.498000 0.118016 0.016000 0.014823
0 0.297000 0.155074 0.018000 0.013683
0 0.543000 0.378563 0.022000 0.011403
0 0.263000 0.390536 0.018000 0.012543
0 0.558000 0.390536 0.016000 0.010262
0 0.576000 0.391106 0.016000 0.013683
0 0.773000 0.034208 0.018000 0.011403
0 0.740000 0.046180 0.016000 0.010262
0 0.814000 0.065564 0.016000 0.014823
0 0.740000 0.078677 0.016000 0.011403
0 0.739000 0.104903 0.018000 0.013683
0 0.693000 0.149373 0.018000 0.013683
0 0.739000 0.162486 0.018000 0.012543
0 0.739000 0.212657 0.018000 0.012543
0 0.740000 0.251995 0.016000 0.011403
0 0.737000 0.288483 0.018000 0.011403
0 0.737000 0.326682 0.018000 0.014823
0 0.736000 0.359749 0.016000 0.012543
0 0.735000 0.384835 0.018000 0.014823
0 0.737000 0.397377 0.018000 0.012543
0 0.182000 0.435576 0.016000 0.011403
0 0.490000 0.428734 0.016000 0.013683
0 0.592000 0.429304 0.016000 0.012543
0 0.474000 0.441277 0.016000 0.013683
0 0.608000 0.441847 0.016000 0.014823
0 0.331000 0.453250 0.018000 0.012543
0 0.446000 0.452680 0.016000 0.011403
0 0.166000 0.473774 0.016000 0.014823
0 0.193000 0.677879 0.018000 0.017104
0 0.193000 0.729761 0.018000 0.011403
0 0.513000 0.468073 0.018000 0.012543
0 0.594000 0.468073 0.016000 0.014823
0 0.296000 0.557013 0.016000 0.012543
0 0.576000 0.645952 0.016000 0.010262
0 0.263000 0.696123 0.018000 0.012543
0 0.346000 0.696693 0.016000 0.011403
0 0.297000 0.721779 0.018000 0.013683
0 0.463000 0.734892 0.018000 0.012543
0 0.496000 0.749145 0.020000 0.013683
0 0.802000 0.428734 0.016000 0.011403
0 0.737000 0.443558 0.018000 0.013683
0 0.785000 0.467503 0.018000 0.011403
0 0.736000 0.481186 0.016000 0.011403
0 0.737000 0.513113 0.018000 0.011403
0 0.737000 0.543900 0.018000 0.011403
0 0.916000 0.556442 0.020000 0.013683
0 0.802000 0.595211 0.016000 0.013683
0 0.736000 0.607754 0.016000 0.011403
0 0.802000 0.633409 0.016000 0.012543
0 0.837000 0.652223 0.018000 0.015964
0 0.804000 0.684151 0.016000 0.013683
0 0.814000 0.710376 0.016000 0.011403
0 0.846000 0.734322 0.020000 0.013683
0 0.737000 0.761117 0.018000 0.012543
0 0.194000 0.792474 0.016000 0.011403
0 0.155000 0.824971 0.018000 0.010262
0 0.150000 0.912771 0.016000 0.017104
0 0.330000 0.799316 0.016000 0.011403
0 0.577000 0.798746 0.018000 0.012543
0 0.264000 0.812429 0.020000 0.012543
0 0.280000 0.824971 0.016000 0.012543
0 0.545000 0.824401 0.018000 0.013683
0 0.280000 0.849487 0.020000 0.011403
0 0.494000 0.850057 0.016000 0.010262
0 0.296000 0.876283 0.016000 0.012543
0 0.375000 0.901368 0.018000 0.012543
0 0.445000 0.914481 0.018000 0.011403
0 0.560000 0.913911 0.016000 0.012543
0 0.814000 0.786203 0.016000 0.012543
0 0.641000 0.799316 0.018000 0.011403
0 0.737000 0.825542 0.018000 0.011403
0 0.881000 0.826112 0.018000 0.012543
0 0.803000 0.856899 0.018000 0.012543
0 0.825000 0.888826 0.018000 0.012543
0 0.736000 0.913911 0.016000 0.012543
0 0.739000 0.174458 0.018000 0.009122
0 0.428000 0.352908 0.016000 0.012543
0 0.496000 0.403079 0.020000 0.010262
0 0.802000 0.384265 0.020000 0.011403
0 0.333000 0.532497 0.018000 0.011403
0 0.858000 0.875713 0.016000 0.011403
0 0.159000 0.938426 0.014000 0.009122
0 0.438000 0.938426 0.012000 0.009122
0 0.671000 0.938426 0.014000 0.009122
0 0.241000 0.949259 0.014000 0.007982
0 0.469000 0.949829 0.014000 0.009122
0 0.725000 0.949829 0.014000 0.009122
0 0.798000 0.949829 0.012000 0.009122
0 0.964000 0.938426 0.012000 0.009122
0 0.175000 0.961231 0.014000 0.009122
0 0.292000 0.961231 0.016000 0.009122
0 0.562000 0.972634 0.012000 0.009122
0 0.394000 0.961231 0.012000 0.009122
0 0.380000 0.747434 0.016000 0.010262
0 0.297000 0.901368 0.018000 0.010262
