0 0.518630 0.102208 0.026183 0.020655
0 0.248238 0.142094 0.025176 0.027778
0 0.434542 0.176638 0.025176 0.022792
0 0.322759 0.288105 0.023162 0.022080
0 0.592145 0.361111 0.020141 0.028490
0 0.206949 0.400285 0.023162 0.025641
0 0.415911 0.400641 0.020141 0.019231
0 0.532729 0.400285 0.022155 0.019943
0 0.623364 0.399929 0.022155 0.026353
0 0.578046 0.437678 0.024169 0.022080
0 0.289527 0.508903 0.023162 0.027778
0 0.521652 0.510684 0.022155 0.022792
0 0.800101 0.509972 0.023162 0.025641
0 0.346928 0.546296 0.021148 0.019943
0 0.429003 0.585470 0.022155 0.019943
0 0.684290 0.586895 0.025176 0.022792
0 0.323766 0.622151 0.021148 0.022080
0 0.336354 0.660613 0.022155 0.022080
0 0.637462 0.656339 0.022155 0.026353
0 0.336354 0.731838 0.024169 0.032051
0 0.452165 0.732194 0.022155 0.024217
0 0.799597 0.733618 0.024169 0.019943
0 0.381672 0.806268 0.022155 0.022792
0 0.531722 0.844373 0.024169 0.023504
0 0.451158 0.884259 0.024169 0.023504
0 0.636455 0.880342 0.022155 0.022792
