0 0.545000 0.103799 0.030000 0.023852
0 0.313125 0.260159 0.016250 0.013251
0 0.401250 0.260159 0.017500 0.013251
0 0.580625 0.303445 0.018750 0.015018
0 0.213125 0.366166 0.016250 0.013251
0 0.286875 0.388251 0.016250 0.015018
0 0.620625 0.388693 0.018750 0.014134
0 0.708750 0.388251 0.017500 0.015018
0 0.900625 0.388251 0.016250 0.013251
0 0.424375 0.474382 0.018750 0.014134
0 0.170625 0.495141 0.016250 0.013251
0 0.408125 0.558746 0.018750 0.013251
0 0.310625 0.580389 0.016250 0.014134
0 0.640000 0.601148 0.017500 0.013251
0 0.240625 0.623233 0.018750 0.013251
0 0.435625 0.622792 0.016250 0.014134
0 0.593750 0.622350 0.017500 0.015018
0 0.391875 0.643993 0.016250 0.014134
0 0.480000 0.643993 0.017500 0.014134
0 0.550000 0.643993 0.017500 0.014134
0 0.135000 0.665636 0.017500 0.015018
0 0.311250 0.665194 0.017500 0.015901
0 0.265625 0.707597 0.016250 0.014134
0 0.675000 0.728799 0.017500 0.014134
0 0.187500 0.749558 0.017500 0.015018
0 0.205000 0.771643 0.017500 0.013251
0 0.575625 0.792845 0.016250 0.013251
0 0.348125 0.835247 0.016250 0.015018
0 0.580000 0.835247 0.017500 0.013251
0 0.241250 0.856449 0.017500 0.013251
0 0.579375 0.857332 0.016250 0.015018
