0 0.320000 0.118644 0.020000 0.022599
0 0.383000 0.393362 0.022000 0.024011
0 0.460000 0.394068 0.020000 0.022599
0 0.239000 0.484463 0.022000 0.022599
0 0.235000 0.529661 0.018000 0.019774
0 0.236000 0.573446 0.020000 0.019774
0 0.238000 0.616525 0.020000 0.018362
0 0.383000 0.665960 0.022000 0.021186
0 0.711000 0.665960 0.022000 0.021186
0 0.223000 0.705508 0.022000 0.024011
0 0.565000 0.704802 0.022000 0.022599
0 0.256000 0.793079 0.020000 0.024011
0 0.369000 0.795904 0.018000 0.021186
0 0.253000 0.838983 0.018000 0.019774
0 0.366000 0.838277 0.020000 0.018362
0 0.253000 0.882768 0.018000 0.016949
0 0.367000 0.882768 0.018000 0.019774
