0 0.514484 0.105076 0.028967 0.023152
0 0.365239 0.177204 0.020151 0.016028
0 0.376574 0.251113 0.020151 0.016028
0 0.226071 0.288958 0.021411 0.016919
0 0.375945 0.288513 0.021411 0.016028
0 0.612091 0.288513 0.020151 0.017809
0 0.365869 0.325467 0.021411 0.015138
0 0.472922 0.325913 0.021411 0.017809
0 0.311083 0.361977 0.022670 0.016919
0 0.821159 0.362422 0.020151 0.016028
0 0.310453 0.399822 0.021411 0.017809
0 0.159320 0.473731 0.021411 0.016028
0 0.632242 0.474176 0.022670 0.016919
0 0.160579 0.511576 0.021411 0.018700
0 0.376574 0.548085 0.020151 0.016919
0 0.781486 0.622440 0.021411 0.016028
0 0.161209 0.844613 0.022670 0.016919
0 0.418136 0.844613 0.020151 0.016919
0 0.375945 0.881567 0.021411 0.017809
