0 0.270000 0.088277 0.020000 0.018362
0 0.529000 0.087571 0.022000 0.019774
0 0.541000 0.141949 0.022000 0.018362
0 0.706000 0.140537 0.020000 0.018362
0 0.647000 0.166667 0.022000 0.016949
0 0.199000 0.192797 0.022000 0.018362
0 0.317000 0.194209 0.022000 0.018362
0 0.506000 0.219633 0.020000 0.018362
0 0.247000 0.245056 0.022000 0.018362
0 0.623000 0.245763 0.022000 0.016949
0 0.594000 0.297316 0.020000 0.018362
0 0.546000 0.427966 0.020000 0.016949
0 0.288000 0.479520 0.020000 0.018362
0 0.641000 0.479520 0.022000 0.018362
0 0.312000 0.532486 0.020000 0.016949
0 0.811000 0.663136 0.022000 0.018362
0 0.411000 0.767655 0.022000 0.018362
0 0.382000 0.819915 0.020000 0.018362
0 0.570000 0.846045 0.020000 0.016949
0 0.546000 0.375706 0.020000 0.016949
