0 0.347000 0.105226 0.034000 0.024011
0 0.353000 0.326977 0.026000 0.021186
0 0.714000 0.326271 0.024000 0.025424
0 0.322000 0.363701 0.024000 0.021186
0 0.394000 0.472458 0.024000 0.018362
0 0.732000 0.473870 0.024000 0.018362
0 0.683000 0.511299 0.026000 0.019774
0 0.418000 0.547316 0.024000 0.018362
0 0.497000 0.586864 0.026000 0.021186
0 0.330000 0.623588 0.024000 0.021186
0 0.642000 0.622881 0.024000 0.019774
0 0.738000 0.624294 0.024000 0.019774
0 0.586000 0.658192 0.024000 0.019774
0 0.346000 0.694915 0.024000 0.019774
0 0.706000 0.694209 0.024000 0.021186
0 0.328000 0.767655 0.024000 0.018362
0 0.570000 0.767655 0.024000 0.021186
0 0.738000 0.769068 0.024000 0.021186
0 0.490000 0.805085 0.024000 0.019774
0 0.178000 0.842514 0.024000 0.021186
0 0.635000 0.841808 0.026000 0.019774
0 0.202000 0.879944 0.024000 0.022599
0 0.562000 0.878531 0.024000 0.019774
