0 0.304000 0.104520 0.024000 0.022599
0 0.822000 0.104520 0.024000 0.022599
0 0.233000 0.141243 0.022000 0.016949
0 0.351000 0.141243 0.022000 0.019774
0 0.469000 0.141243 0.022000 0.019774
0 0.304000 0.177966 0.024000 0.019774
0 0.327000 0.253531 0.022000 0.021186
0 0.633000 0.252119 0.022000 0.018362
0 0.375000 0.364407 0.022000 0.019774
0 0.257000 0.473870 0.022000 0.021186
0 0.281000 0.510593 0.022000 0.021186
0 0.751000 0.510593 0.022000 0.018362
0 0.397000 0.548023 0.022000 0.019774
0 0.327000 0.622175 0.022000 0.018362
0 0.610000 0.622175 0.024000 0.021186
0 0.821000 0.622881 0.022000 0.019774
0 0.375000 0.659605 0.022000 0.022599
0 0.492000 0.658898 0.024000 0.018362
0 0.610000 0.660311 0.024000 0.021186
0 0.752000 0.660311 0.024000 0.018362
0 0.187000 0.696328 0.022000 0.019774
0 0.539000 0.697740 0.022000 0.022599
0 0.257000 0.771186 0.022000 0.019774
