0 0.302000 0.103376 0.016000 0.015471
0 0.319000 0.103376 0.018000 0.018284
0 0.170000 0.140647 0.016000 0.016878
0 0.494000 0.139944 0.020000 0.012658
0 0.182000 0.173699 0.016000 0.018284
0 0.313000 0.175105 0.018000 0.015471
0 0.119000 0.193390 0.018000 0.015471
0 0.446000 0.193390 0.016000 0.015471
0 0.402000 0.212377 0.016000 0.016878
0 0.262000 0.229958 0.016000 0.015471
0 0.168000 0.247539 0.016000 0.019691
0 0.451000 0.246835 0.018000 0.015471
0 0.236000 0.265120 0.016000 0.018284
0 0.276000 0.284107 0.016000 0.016878
0 0.186000 0.302391 0.016000 0.014065
0 0.332000 0.319972 0.020000 0.015471
0 0.183000 0.356540 0.018000 0.018284
0 0.227000 0.409283 0.018000 0.019691
0 0.442000 0.476090 0.016000 0.018284
0 0.493000 0.475387 0.018000 0.019691
0 0.194000 0.491561 0.020000 0.018284
0 0.453000 0.492264 0.018000 0.014065
0 0.476000 0.509845 0.016000 0.018284
0 0.311000 0.527426 0.018000 0.014065
0 0.251000 0.544304 0.018000 0.016878
0 0.119000 0.561885 0.018000 0.015471
0 0.299000 0.562588 0.018000 0.016878
0 0.378000 0.579466 0.016000 0.019691
0 0.426000 0.580872 0.016000 0.016878
0 0.475000 0.580872 0.018000 0.014065
0 0.443000 0.616034 0.018000 0.014065
0 0.149000 0.632208 0.018000 0.015471
0 0.306000 0.632208 0.016000 0.018284
0 0.495000 0.635021 0.026000 0.018284
0 0.880000 0.456399 0.016000 0.018284
0 0.611000 0.540788 0.018000 0.015471
0 0.588000 0.558368 0.016000 0.016878
0 0.685000 0.556962 0.018000 0.016878
0 0.913000 0.559072 0.018000 0.015471
0 0.661000 0.576653 0.018000 0.014065
0 0.775000 0.576653 0.018000 0.014065
0 0.756000 0.597750 0.016000 0.016878
0 0.821000 0.597750 0.018000 0.014065
0 0.392000 0.685654 0.016000 0.012658
0 0.118000 0.701828 0.016000 0.014065
0 0.314000 0.703938 0.016000 0.015471
0 0.424000 0.757384 0.016000 0.018284
0 0.310000 0.828411 0.016000 0.016878
0 0.449000 0.827707 0.018000 0.018284
0 0.207000 0.844585 0.018000 0.015471
0 0.085000 0.862869 0.018000 0.018284
0 0.215000 0.863572 0.018000 0.014065
0 0.157000 0.899437 0.018000 0.018284
0 0.689000 0.791139 0.018000 0.018284
0 0.602000 0.810127 0.016000 0.014065
0 0.651000 0.812236 0.018000 0.012658
0 0.718000 0.812236 0.016000 0.018284
0 0.769000 0.811533 0.018000 0.016878
0 0.602000 0.883263 0.016000 0.014065
0 0.826000 0.902954 0.016000 0.014065
0 0.852000 0.921238 0.020000 0.016878
0 0.634000 0.939522 0.016000 0.022504
0 0.122000 0.492968 0.016000 0.012658
0 0.747000 0.779184 0.014000 0.014065
0 0.819000 0.713783 0.014000 0.012658
