0 0.539000 0.141949 0.022000 0.018362
0 0.750000 0.141243 0.024000 0.019774
0 0.774000 0.289548 0.024000 0.019774
0 0.279000 0.399718 0.022000 0.016949
0 0.562000 0.474576 0.024000 0.019774
0 0.233000 0.511299 0.022000 0.016949
0 0.492000 0.512712 0.024000 0.019774
0 0.280000 0.623588 0.024000 0.021186
0 0.256000 0.697034 0.024000 0.018362
0 0.562000 0.697740 0.024000 0.019774
0 0.256000 0.733757 0.024000 0.018362
0 0.350000 0.807203 0.024000 0.018362
0 0.328000 0.845339 0.024000 0.018362
0 0.280000 0.882062 0.024000 0.018362
