0 0.630000 0.091587 0.060000 0.011855
0 0.790000 0.163862 0.028000 0.007266
0 0.842000 0.249713 0.056000 0.011472
0 0.211000 0.264054 0.026000 0.006501
0 0.214000 0.300765 0.020000 0.004971
0 0.354000 0.337094 0.032000 0.008031
0 0.298000 0.356788 0.028000 0.006883
0 0.412000 0.378776 0.028000 0.006501
0 0.513000 0.389484 0.026000 0.006501
0 0.599000 0.400956 0.030000 0.006501
0 0.486000 0.411855 0.028000 0.006883
0 0.772000 0.412046 0.028000 0.006501
0 0.154000 0.422562 0.028000 0.006119
0 0.542000 0.433270 0.028000 0.006883
0 0.400000 0.444742 0.028000 0.006119
0 0.714000 0.455832 0.028000 0.006119
0 0.313000 0.466539 0.026000 0.006119
0 0.686000 0.466730 0.028000 0.006501
0 0.278000 0.477820 0.028000 0.005736
0 0.764000 0.477820 0.028000 0.006501
0 0.423000 0.503824 0.034000 0.007266
0 0.490000 0.503633 0.032000 0.006883
0 0.306000 0.537859 0.036000 0.007266
0 0.306000 0.556788 0.032000 0.007648
0 0.307000 0.579732 0.034000 0.007648
0 0.669000 0.523136 0.018000 0.004589
0 0.669000 0.530210 0.018000 0.004207
0 0.667000 0.547228 0.018000 0.004589
0 0.649000 0.554493 0.018000 0.004589
0 0.667000 0.571893 0.018000 0.004207
0 0.649000 0.578776 0.018000 0.004971
0 0.415000 0.613576 0.034000 0.007266
0 0.410000 0.641874 0.032000 0.006501
0 0.471000 0.650478 0.030000 0.006119
0 0.256000 0.658509 0.028000 0.006119
0 0.285000 0.666539 0.030000 0.006883
0 0.747000 0.658509 0.030000 0.006883
0 0.778000 0.666730 0.028000 0.006501
0 0.625000 0.674379 0.030000 0.006501
0 0.551000 0.743403 0.030000 0.006119
0 0.481000 0.785660 0.026000 0.006501
0 0.596000 0.796750 0.028000 0.006501
0 0.552000 0.807648 0.028000 0.006119
0 0.876000 0.807839 0.028000 0.006501
0 0.434000 0.829828 0.028000 0.006119
0 0.436000 0.840153 0.028000 0.006119
0 0.566000 0.851243 0.028000 0.006119
0 0.595000 0.862524 0.026000 0.007266
0 0.758000 0.873423 0.028000 0.006119
0 0.466000 0.884704 0.028000 0.006501
0 0.257000 0.895220 0.026000 0.006119
0 0.434000 0.895602 0.028000 0.006119
0 0.640000 0.917400 0.028000 0.006883
0 0.328000 0.939197 0.028000 0.005354
0 0.530000 0.939579 0.028000 0.006883
0 0.122000 0.950096 0.032000 0.005736
0 0.444000 0.961185 0.028000 0.007266
0 0.674000 0.982983 0.028000 0.006501
0 0.848000 0.982983 0.028000 0.006501
