0 0.228125 0.102473 0.031250 0.028269
0 0.355000 0.150177 0.020000 0.015901
0 0.582500 0.150177 0.017500 0.014134
0 0.655000 0.186837 0.017500 0.015018
0 0.619375 0.241166 0.018750 0.017668
0 0.618125 0.260601 0.018750 0.017668
0 0.335625 0.296820 0.018750 0.017668
0 0.300625 0.318021 0.018750 0.015901
0 0.689375 0.334806 0.018750 0.015901
0 0.636250 0.353799 0.017500 0.016784
0 0.177500 0.427120 0.020000 0.016784
0 0.265000 0.519876 0.017500 0.016784
0 0.371250 0.576413 0.017500 0.015018
0 0.741875 0.574647 0.018750 0.016784
0 0.583750 0.594523 0.017500 0.017668
0 0.248125 0.612191 0.018750 0.015901
0 0.423750 0.611749 0.017500 0.016784
0 0.671875 0.612633 0.018750 0.016784
0 0.266250 0.648410 0.017500 0.019435
0 0.371875 0.685954 0.018750 0.015018
0 0.355000 0.705389 0.017500 0.016784
0 0.335000 0.780035 0.017500 0.015901
0 0.213125 0.798145 0.018750 0.018551
0 0.336250 0.799028 0.020000 0.015018
0 0.477500 0.816254 0.017500 0.014134
0 0.653750 0.816696 0.017500 0.016784
0 0.159375 0.835247 0.018750 0.015018
0 0.248125 0.835689 0.016250 0.014134
0 0.371875 0.834364 0.016250 0.016784
