0 0.354000 0.100282 0.036000 0.031073
0 0.461000 0.140537 0.026000 0.021186
0 0.689000 0.140537 0.026000 0.021186
0 0.298000 0.178672 0.024000 0.024011
0 0.488000 0.177260 0.024000 0.024011
0 0.676000 0.214689 0.024000 0.022599
0 0.435000 0.252119 0.026000 0.021186
0 0.594000 0.251412 0.024000 0.022599
0 0.191000 0.289548 0.026000 0.022599
0 0.407000 0.325565 0.026000 0.021186
0 0.568000 0.363701 0.024000 0.021186
0 0.569000 0.399011 0.026000 0.024011
0 0.313000 0.437147 0.026000 0.021186
0 0.461000 0.586864 0.026000 0.021186
0 0.246000 0.622881 0.024000 0.022599
0 0.621000 0.622175 0.026000 0.021186
0 0.701000 0.622881 0.026000 0.022599
0 0.407000 0.659605 0.026000 0.022599
0 0.569000 0.697034 0.026000 0.021186
0 0.623000 0.770480 0.026000 0.024011
0 0.702000 0.845339 0.024000 0.021186
