0 0.212000 0.272000 0.016000 0.037333
0 0.197000 0.441333 0.018000 0.034667
0 0.276000 0.517333 0.024000 0.032000
0 0.117000 0.782667 0.018000 0.029333
0 0.197000 0.789333 0.018000 0.037333
0 0.304000 0.833333 0.020000 0.034667
0 0.288000 0.861333 0.020000 0.032000
0 0.396000 0.685333 0.024000 0.037333
0 0.546000 0.682667 0.028000 0.032000
0 0.709000 0.494667 0.018000 0.034667
0 0.693000 0.525333 0.018000 0.026667
0 0.771000 0.466667 0.018000 0.032000
0 0.853000 0.476000 0.022000 0.029333
0 0.782000 0.622667 0.020000 0.029333
0 0.684000 0.873333 0.020000 0.029333
0 0.765000 0.801333 0.018000 0.034667
