0 0.389000 0.129237 0.034000 0.026836
0 0.648000 0.128531 0.032000 0.025424
0 0.279000 0.202684 0.022000 0.018362
0 0.444000 0.240819 0.020000 0.018362
0 0.611000 0.240819 0.022000 0.018362
0 0.468000 0.351695 0.020000 0.016949
0 0.609000 0.387712 0.022000 0.015537
0 0.374000 0.610169 0.020000 0.019774
0 0.561000 0.646893 0.022000 0.016949
0 0.315000 0.683616 0.022000 0.016949
0 0.315000 0.758475 0.022000 0.016949
0 0.809000 0.758475 0.022000 0.016949
0 0.186000 0.796610 0.020000 0.016949
0 0.290000 0.832627 0.020000 0.018362
0 0.527000 0.832627 0.022000 0.018362
0 0.293000 0.870056 0.022000 0.016949
0 0.410000 0.869350 0.020000 0.015537
