0 0.295000 0.103555 0.022000 0.018547
0 0.450000 0.129057 0.020000 0.020093
0 0.706000 0.129830 0.020000 0.018547
0 0.334000 0.180835 0.020000 0.021638
0 0.549000 0.182380 0.022000 0.021638
0 0.215000 0.207110 0.022000 0.018547
0 0.509000 0.207883 0.022000 0.023184
0 0.626000 0.207883 0.020000 0.020093
0 0.770000 0.234158 0.020000 0.020093
0 0.234000 0.259660 0.020000 0.018547
0 0.490000 0.259660 0.020000 0.018547
0 0.667000 0.260433 0.022000 0.020093
0 0.216000 0.284389 0.020000 0.018547
0 0.294000 0.336940 0.020000 0.018547
0 0.509000 0.337713 0.022000 0.020093
0 0.784000 0.336940 0.020000 0.021638
0 0.529000 0.363215 0.022000 0.021638
0 0.529000 0.439722 0.022000 0.023184
0 0.706000 0.441267 0.020000 0.020093
0 0.333000 0.467543 0.022000 0.020093
