0 0.314000 0.103814 0.024000 0.021186
0 0.386000 0.104520 0.024000 0.022599
0 0.574000 0.103814 0.024000 0.018362
0 0.267000 0.214689 0.022000 0.016949
0 0.162000 0.251412 0.024000 0.019774
0 0.386000 0.326271 0.024000 0.022599
0 0.338000 0.437147 0.024000 0.018362
0 0.209000 0.511299 0.026000 0.016949
0 0.445000 0.511299 0.022000 0.019774
0 0.339000 0.585452 0.022000 0.018362
0 0.433000 0.584040 0.026000 0.018362
0 0.763000 0.586158 0.022000 0.022599
0 0.340000 0.696328 0.024000 0.016949
0 0.739000 0.695621 0.026000 0.018362
0 0.314000 0.807910 0.020000 0.019774
0 0.456000 0.806497 0.024000 0.019774
0 0.645000 0.807910 0.022000 0.019774
0 0.690000 0.807203 0.024000 0.021186
0 0.809000 0.807910 0.022000 0.019774
0 0.256000 0.844633 0.024000 0.016949
0 0.210000 0.880650 0.024000 0.021186
0 0.422000 0.843927 0.024000 0.018362
0 0.610000 0.845339 0.024000 0.024011
