0 0.191000 0.103107 0.026000 0.031073
0 0.648000 0.105932 0.028000 0.025424
0 0.568000 0.141949 0.024000 0.024011
0 0.381000 0.177966 0.030000 0.025424
0 0.217000 0.214689 0.026000 0.025424
0 0.568000 0.213983 0.024000 0.021186
0 0.243000 0.252119 0.026000 0.024011
0 0.353000 0.337571 0.026000 0.028249
0 0.568000 0.338983 0.028000 0.028249
0 0.298000 0.387006 0.024000 0.025424
0 0.594000 0.387712 0.028000 0.029661
0 0.297000 0.423023 0.026000 0.026836
0 0.406000 0.423023 0.024000 0.021186
0 0.590000 0.423023 0.032000 0.029661
0 0.569000 0.498588 0.026000 0.025424
0 0.300000 0.570621 0.024000 0.028249
0 0.594000 0.573446 0.024000 0.025424
0 0.405000 0.608051 0.022000 0.029661
0 0.162000 0.683616 0.028000 0.028249
0 0.407000 0.770480 0.030000 0.029661
0 0.245000 0.807910 0.026000 0.025424
0 0.432000 0.808616 0.028000 0.026836
0 0.218000 0.844633 0.028000 0.025424
0 0.460000 0.844633 0.024000 0.022599
0 0.704000 0.844633 0.028000 0.022599
0 0.272000 0.883475 0.028000 0.024011
0 0.515000 0.882768 0.030000 0.031073
