0 0.362000 0.137006 0.016000 0.016949
0 0.743000 0.307203 0.018000 0.018362
0 0.484000 0.326271 0.016000 0.016949
0 0.412000 0.362288 0.020000 0.015537
0 0.413000 0.382062 0.018000 0.015537
0 0.360000 0.400424 0.020000 0.015537
0 0.485000 0.420198 0.018000 0.015537
0 0.521000 0.495763 0.018000 0.016949
0 0.621000 0.496469 0.018000 0.018362
0 0.563000 0.533192 0.018000 0.015537
0 0.617000 0.552260 0.018000 0.016949
0 0.305000 0.572034 0.018000 0.016949
0 0.509000 0.607345 0.018000 0.014124
0 0.645000 0.607345 0.018000 0.016949
0 0.618000 0.627119 0.020000 0.016949
0 0.310000 0.625706 0.020000 0.016949
0 0.754000 0.626412 0.020000 0.015537
0 0.270000 0.644774 0.020000 0.018362
0 0.450000 0.665254 0.020000 0.016949
0 0.800000 0.664548 0.016000 0.015537
0 0.218000 0.683616 0.016000 0.014124
0 0.817000 0.683616 0.018000 0.014124
0 0.235000 0.701977 0.018000 0.014124
0 0.777000 0.721751 0.018000 0.016949
0 0.483000 0.740819 0.018000 0.015537
0 0.611000 0.813559 0.018000 0.014124
0 0.709000 0.816384 0.018000 0.016949
0 0.361000 0.853107 0.018000 0.016949
