0 0.078520 0.116667 0.019856 0.046667
0 0.149819 0.175000 0.018051 0.043333
0 0.149819 0.233333 0.018051 0.040000
0 0.186823 0.295000 0.019856 0.050000
0 0.185921 0.355000 0.021661 0.050000
0 0.149819 0.411667 0.018051 0.056667
0 0.148917 0.471667 0.019856 0.050000
0 0.149819 0.531667 0.021661 0.050000
0 0.116426 0.590000 0.019856 0.053333
0 0.115523 0.646667 0.021661 0.046667
0 0.151625 0.703333 0.018051 0.053333
0 0.157942 0.763333 0.019856 0.046667
0 0.149819 0.823333 0.021661 0.046667
0 0.221119 0.878333 0.019856 0.043333
0 0.150722 0.941667 0.019856 0.056667
