0 0.172000 0.082037 0.028000 0.022631
0 0.490000 0.082037 0.028000 0.022631
0 0.412000 0.156294 0.024000 0.018388
0 0.145000 0.226308 0.022000 0.019802
0 0.452000 0.225601 0.020000 0.018388
0 0.545000 0.226308 0.022000 0.019802
0 0.306000 0.259547 0.024000 0.018388
0 0.119000 0.289958 0.022000 0.016973
0 0.354000 0.289958 0.020000 0.019802
0 0.613000 0.290665 0.022000 0.018388
0 0.497000 0.367751 0.022000 0.019802
0 0.260000 0.432107 0.020000 0.018388
0 0.072000 0.463225 0.020000 0.018388
0 0.424000 0.464639 0.020000 0.015559
0 0.800000 0.463932 0.020000 0.016973
0 0.283000 0.497171 0.022000 0.018388
0 0.165000 0.529703 0.022000 0.018388
0 0.636000 0.528996 0.020000 0.016973
0 0.071000 0.670438 0.022000 0.022631
0 0.495000 0.670438 0.022000 0.019802
0 0.847000 0.669731 0.022000 0.018388
0 0.895000 0.702263 0.022000 0.018388
0 0.658000 0.735502 0.024000 0.022631
0 0.287000 0.778642 0.022000 0.018388
0 0.803000 0.779349 0.022000 0.019802
0 0.165000 0.810467 0.022000 0.016973
0 0.753000 0.811881 0.022000 0.019802
0 0.072000 0.844413 0.020000 0.019802
0 0.542000 0.842291 0.020000 0.018388
