0 0.398000 0.128531 0.036000 0.031073
0 0.513000 0.188559 0.026000 0.024011
0 0.245000 0.263418 0.026000 0.021186
0 0.783000 0.299435 0.026000 0.022599
0 0.673000 0.336158 0.026000 0.022599
0 0.405000 0.411017 0.026000 0.019774
0 0.406000 0.484463 0.024000 0.019774
0 0.675000 0.485876 0.026000 0.022599
0 0.486000 0.522599 0.028000 0.022599
0 0.810000 0.521893 0.028000 0.021186
0 0.487000 0.596045 0.026000 0.022599
0 0.324000 0.670198 0.024000 0.021186
0 0.673000 0.707627 0.026000 0.022599
0 0.513000 0.743644 0.026000 0.024011
0 0.324000 0.781073 0.028000 0.022599
0 0.325000 0.818503 0.026000 0.021186
0 0.541000 0.818503 0.026000 0.024011
