0 0.781000 0.146528 0.026000 0.020833
0 0.227000 0.236806 0.014000 0.012500
0 0.403000 0.237500 0.014000 0.013889
0 0.906000 0.236111 0.012000 0.011111
0 0.211000 0.252778 0.014000 0.011111
0 0.515000 0.252778 0.014000 0.013889
0 0.324000 0.277778 0.020000 0.013889
0 0.398000 0.695833 0.016000 0.013889
0 0.112000 0.831944 0.016000 0.013889
0 0.147000 0.866667 0.022000 0.013889
0 0.140000 0.916667 0.016000 0.013889
0 0.372000 0.915972 0.016000 0.012500
0 0.319000 0.931944 0.014000 0.013889
0 0.431000 0.932639 0.018000 0.012500
0 0.128000 0.950000 0.016000 0.011111
0 0.553000 0.578472 0.014000 0.012500
0 0.569000 0.579167 0.014000 0.011111
0 0.632000 0.579861 0.016000 0.012500
0 0.649000 0.578472 0.014000 0.009722
0 0.610000 0.596528 0.016000 0.012500
0 0.888000 0.596528 0.016000 0.012500
0 0.615000 0.663194 0.014000 0.009722
0 0.512000 0.697917 0.016000 0.012500
0 0.528000 0.697917 0.016000 0.012500
0 0.807000 0.698611 0.014000 0.011111
0 0.824000 0.697222 0.016000 0.011111
0 0.887000 0.697917 0.014000 0.012500
0 0.902000 0.697917 0.016000 0.015278
0 0.529000 0.714583 0.014000 0.012500
0 0.543000 0.714583 0.014000 0.012500
0 0.743000 0.714583 0.014000 0.012500
0 0.758000 0.714583 0.016000 0.012500
0 0.544000 0.731944 0.016000 0.011111
0 0.704000 0.765278 0.016000 0.013889
0 0.591000 0.765972 0.014000 0.012500
0 0.804000 0.765972 0.016000 0.012500
0 0.877000 0.765972 0.014000 0.012500
0 0.528000 0.800000 0.016000 0.013889
0 0.511000 0.901389 0.018000 0.013889
0 0.416000 0.781944 0.016000 0.011111
0 0.242000 0.797917 0.016000 0.012500
0 0.775000 0.902083 0.018000 0.012500
