0 0.398000 0.161452 0.020000 0.012516
0 0.052000 0.222153 0.024000 0.013767
0 0.074000 0.262829 0.020000 0.015019
0 0.399000 0.263454 0.022000 0.016270
0 0.326000 0.344806 0.020000 0.013767
0 0.184000 0.366083 0.020000 0.013767
0 0.097000 0.406133 0.022000 0.013767
0 0.097000 0.528786 0.022000 0.016270
0 0.424000 0.569462 0.020000 0.015019
0 0.275000 0.590738 0.022000 0.015019
0 0.445000 0.590113 0.022000 0.016270
0 0.104000 0.719650 0.016000 0.012516
0 0.330000 0.717146 0.016000 0.012516
0 0.322000 0.879224 0.020000 0.013767
0 0.118000 0.918023 0.020000 0.013767
0 0.141000 0.939299 0.018000 0.013767
0 0.358000 0.979975 0.020000 0.015019
0 0.641000 0.078849 0.018000 0.015019
0 0.822000 0.140801 0.020000 0.016270
0 0.642000 0.160826 0.020000 0.016270
0 0.642000 0.181477 0.020000 0.015019
0 0.555000 0.222153 0.022000 0.013767
0 0.532000 0.406133 0.020000 0.016270
0 0.946000 0.407384 0.020000 0.016270
0 0.856000 0.466834 0.020000 0.015019
0 0.532000 0.590113 0.020000 0.013767
0 0.900000 0.630788 0.020000 0.012516
0 0.620000 0.672090 0.020000 0.015019
0 0.555000 0.896746 0.022000 0.016270
0 0.903000 0.897372 0.022000 0.012516
