0 0.282000 0.214993 0.020000 0.022631
0 0.768000 0.270863 0.024000 0.024045
0 0.407000 0.298444 0.018000 0.016973
0 0.327000 0.328854 0.018000 0.026874
0 0.424000 0.385431 0.020000 0.018388
0 0.548000 0.383310 0.020000 0.019802
0 0.671000 0.385431 0.018000 0.018388
0 0.831000 0.384724 0.022000 0.019802
0 0.741000 0.468883 0.018000 0.021216
0 0.282000 0.496464 0.020000 0.016973
0 0.795000 0.498586 0.022000 0.024045
0 0.230000 0.526167 0.020000 0.016973
0 0.352000 0.526874 0.020000 0.018388
0 0.689000 0.523338 0.018000 0.019802
0 0.681000 0.553041 0.018000 0.019802
0 0.802000 0.553748 0.020000 0.021216
0 0.335000 0.582037 0.022000 0.015559
0 0.599000 0.581330 0.018000 0.016973
0 0.372000 0.635785 0.020000 0.021216
0 0.494000 0.637199 0.020000 0.024045
0 0.617000 0.637907 0.018000 0.022631
0 0.211000 0.663366 0.022000 0.019802
0 0.423000 0.665488 0.018000 0.021216
0 0.338000 0.693777 0.020000 0.018388
0 0.196000 0.722065 0.020000 0.021216
0 0.363000 0.750354 0.022000 0.021216
0 0.555000 0.751061 0.022000 0.022631
0 0.628000 0.751061 0.020000 0.022631
0 0.325000 0.779349 0.018000 0.019802
0 0.380000 0.777228 0.020000 0.018388
0 0.335000 0.860679 0.018000 0.018388
0 0.671000 0.861386 0.018000 0.016973
0 0.803000 0.891089 0.022000 0.019802
