0 0.316000 0.122175 0.020000 0.018362
0 0.437000 0.175847 0.022000 0.021186
0 0.698000 0.279661 0.020000 0.019774
0 0.356000 0.384181 0.020000 0.022599
0 0.527000 0.437147 0.022000 0.018362
0 0.558000 0.593927 0.020000 0.021186
0 0.186000 0.619350 0.020000 0.021186
0 0.578000 0.645480 0.020000 0.022599
0 0.376000 0.671610 0.020000 0.018362
0 0.356000 0.724576 0.020000 0.016949
0 0.236000 0.750000 0.020000 0.019774
0 0.457000 0.800847 0.022000 0.019774
0 0.598000 0.802966 0.020000 0.018362
0 0.760000 0.803672 0.020000 0.019774
0 0.214000 0.828390 0.020000 0.021186
0 0.295000 0.879944 0.022000 0.019774
