0 0.517000 0.112056 0.034000 0.029366
0 0.355000 0.194745 0.022000 0.024730
0 0.626000 0.268161 0.024000 0.023184
0 0.821000 0.268161 0.026000 0.020093
0 0.428000 0.341577 0.024000 0.021638
0 0.232000 0.378671 0.024000 0.021638
0 0.822000 0.377898 0.024000 0.023184
0 0.428000 0.452087 0.024000 0.020093
0 0.380000 0.526275 0.024000 0.020093
0 0.575000 0.526275 0.022000 0.023184
0 0.159000 0.562597 0.026000 0.021638
0 0.526000 0.562597 0.024000 0.021638
0 0.428000 0.636012 0.024000 0.023184
0 0.232000 0.673879 0.024000 0.024730
0 0.823000 0.673107 0.030000 0.020093
0 0.356000 0.746522 0.024000 0.021638
0 0.772000 0.747295 0.024000 0.023184
0 0.674000 0.819938 0.024000 0.023184
0 0.404000 0.894127 0.024000 0.023184
