0 0.433000 0.103107 0.034000 0.025424
0 0.380000 0.158898 0.020000 0.018362
0 0.210000 0.184322 0.020000 0.018362
0 0.493000 0.184322 0.022000 0.018362
0 0.347000 0.230932 0.022000 0.018362
0 0.537000 0.230226 0.022000 0.016949
0 0.182000 0.254944 0.020000 0.018362
0 0.351000 0.254944 0.022000 0.015537
0 0.604000 0.254944 0.020000 0.018362
0 0.836000 0.254237 0.020000 0.016949
0 0.266000 0.278249 0.020000 0.016949
0 0.477000 0.278955 0.022000 0.015537
0 0.709000 0.278249 0.022000 0.019774
0 0.347000 0.326271 0.022000 0.016949
0 0.600000 0.326271 0.020000 0.016949
0 0.347000 0.348870 0.022000 0.016949
0 0.435000 0.373588 0.022000 0.018362
0 0.752000 0.373588 0.020000 0.015537
0 0.203000 0.396893 0.022000 0.016949
0 0.351000 0.396893 0.022000 0.016949
0 0.160000 0.420904 0.024000 0.016949
0 0.347000 0.443503 0.022000 0.016949
0 0.204000 0.467514 0.020000 0.016949
0 0.368000 0.492232 0.020000 0.018362
0 0.537000 0.492232 0.022000 0.018362
0 0.391000 0.562853 0.022000 0.018362
0 0.623000 0.562853 0.022000 0.018362
0 0.615000 0.753531 0.022000 0.021186
