0 0.232000 0.119350 0.020000 0.015537
0 0.300000 0.147599 0.020000 0.018362
0 0.470000 0.146893 0.020000 0.022599
0 0.471000 0.175141 0.022000 0.016949
0 0.376000 0.205508 0.020000 0.015537
0 0.232000 0.289548 0.020000 0.022599
0 0.390000 0.319209 0.020000 0.016949
0 0.503000 0.317090 0.018000 0.021186
0 0.598000 0.320621 0.020000 0.019774
0 0.534000 0.349576 0.020000 0.021186
0 0.231000 0.429379 0.022000 0.019774
0 0.270000 0.458333 0.020000 0.018362
0 0.306000 0.457627 0.020000 0.022599
0 0.344000 0.540254 0.020000 0.018362
0 0.440000 0.569915 0.020000 0.018362
0 0.414000 0.205508 0.020000 0.018362
