0 0.480000 0.158569 0.035000 0.025618
0 0.332500 0.204505 0.020000 0.015018
0 0.273125 0.223940 0.018750 0.015018
0 0.616875 0.261042 0.018750 0.015018
0 0.474375 0.279152 0.018750 0.017668
0 0.736875 0.280035 0.018750 0.017668
0 0.536875 0.297703 0.018750 0.015901
0 0.273125 0.315813 0.021250 0.015018
0 0.474375 0.316254 0.018750 0.015901
0 0.204375 0.353357 0.018750 0.015901
0 0.283750 0.353357 0.020000 0.015901
0 0.273125 0.371908 0.018750 0.015901
0 0.674375 0.371466 0.018750 0.016784
0 0.376250 0.390018 0.020000 0.015018
0 0.396250 0.538428 0.020000 0.013251
0 0.779375 0.556979 0.018750 0.015018
0 0.273125 0.575530 0.018750 0.013251
0 0.420000 0.575530 0.017500 0.015018
0 0.313750 0.575530 0.020000 0.013251
0 0.493750 0.575972 0.017500 0.015901
0 0.568125 0.575088 0.018750 0.015901
0 0.195000 0.594081 0.020000 0.015018
0 0.375625 0.593640 0.018750 0.014134
0 0.195000 0.612633 0.020000 0.015018
0 0.355625 0.612633 0.018750 0.015018
0 0.193750 0.631184 0.020000 0.015018
0 0.355000 0.630742 0.020000 0.014134
0 0.184375 0.686396 0.021250 0.014134
0 0.446250 0.723498 0.017500 0.014134
0 0.295000 0.760601 0.020000 0.014134
0 0.312500 0.779152 0.017500 0.014134
0 0.695625 0.778710 0.018750 0.015018
0 0.837500 0.778710 0.020000 0.015018
0 0.234375 0.797261 0.018750 0.015018
0 0.746250 0.797703 0.020000 0.014134
0 0.376250 0.816696 0.020000 0.015018
0 0.558125 0.816254 0.018750 0.014134
0 0.234375 0.853357 0.018750 0.017668
0 0.312500 0.871908 0.017500 0.015901
0 0.255000 0.908127 0.020000 0.014134
0 0.436875 0.908127 0.018750 0.015901
0 0.211875 0.926678 0.018750 0.015901
0 0.615000 0.926678 0.017500 0.017668
