0 0.500000 0.124294 0.024000 0.022599
0 0.307000 0.218220 0.018000 0.015537
0 0.260000 0.273305 0.016000 0.015537
0 0.624000 0.329096 0.016000 0.014124
0 0.253000 0.355932 0.018000 0.014124
0 0.430000 0.356638 0.016000 0.012712
0 0.360000 0.384181 0.016000 0.014124
0 0.465000 0.384181 0.018000 0.014124
0 0.165000 0.411723 0.018000 0.015537
0 0.246000 0.411723 0.020000 0.018362
0 0.254000 0.440678 0.016000 0.014124
0 0.518000 0.439972 0.016000 0.015537
0 0.325000 0.467514 0.018000 0.014124
0 0.342000 0.634181 0.016000 0.014124
0 0.642000 0.662429 0.016000 0.014124
0 0.254000 0.689972 0.016000 0.012712
0 0.324000 0.690678 0.016000 0.014124
0 0.377000 0.689972 0.018000 0.012712
0 0.430000 0.690678 0.016000 0.014124
0 0.183000 0.717514 0.018000 0.014124
0 0.341000 0.717514 0.018000 0.014124
0 0.183000 0.745763 0.018000 0.014124
0 0.324000 0.745763 0.016000 0.014124
0 0.325000 0.773305 0.018000 0.015537
0 0.183000 0.772599 0.018000 0.014124
0 0.695000 0.856638 0.018000 0.012712
0 0.818000 0.884181 0.016000 0.014124
0 0.236000 0.912429 0.016000 0.014124
0 0.377000 0.912429 0.018000 0.014124
