0 0.328000 0.177260 0.024000 0.021186
0 0.633000 0.177966 0.022000 0.016949
0 0.422000 0.213983 0.024000 0.021186
0 0.824000 0.213277 0.028000 0.019774
0 0.539000 0.251412 0.026000 0.019774
0 0.160000 0.289548 0.028000 0.019774
0 0.373000 0.289548 0.022000 0.019774
0 0.727000 0.288842 0.022000 0.021186
0 0.422000 0.325565 0.024000 0.021186
0 0.681000 0.362994 0.026000 0.016949
0 0.398000 0.400424 0.024000 0.021186
0 0.633000 0.511299 0.022000 0.019774
0 0.258000 0.548729 0.024000 0.021186
0 0.469000 0.548729 0.022000 0.018362
0 0.681000 0.548729 0.026000 0.018362
0 0.328000 0.586864 0.024000 0.018362
0 0.704000 0.586864 0.024000 0.024011
0 0.302000 0.733757 0.024000 0.018362
0 0.516000 0.769774 0.024000 0.019774
0 0.774000 0.770480 0.024000 0.018362
0 0.448000 0.057910 0.016000 0.011299
