0 0.211000 0.103814 0.026000 0.021186
0 0.297000 0.140537 0.022000 0.018362
0 0.533000 0.141949 0.022000 0.021186
0 0.350000 0.177966 0.024000 0.019774
0 0.297000 0.214689 0.026000 0.022599
0 0.764000 0.216102 0.024000 0.019774
0 0.383000 0.250706 0.022000 0.021186
0 0.548000 0.251412 0.024000 0.022599
0 0.714000 0.252119 0.024000 0.021186
0 0.232000 0.288136 0.024000 0.019774
0 0.657000 0.289548 0.022000 0.022599
0 0.774000 0.288842 0.024000 0.024011
0 0.412000 0.362994 0.024000 0.019774
0 0.281000 0.437147 0.026000 0.021186
0 0.163000 0.473870 0.026000 0.021186
0 0.162000 0.623588 0.024000 0.024011
0 0.444000 0.622881 0.024000 0.019774
0 0.627000 0.659605 0.022000 0.019774
0 0.680000 0.697034 0.024000 0.021186
0 0.807000 0.807203 0.022000 0.018362
0 0.186000 0.844633 0.024000 0.019774
0 0.493000 0.846045 0.026000 0.019774
0 0.232000 0.882062 0.024000 0.021186
0 0.471000 0.056497 0.014000 0.011299
