0 0.355435 0.154912 0.036957 0.031066
0 0.473913 0.253568 0.026087 0.023510
0 0.212500 0.290512 0.027174 0.021830
0 0.342391 0.290512 0.023913 0.023510
0 0.475000 0.290092 0.023913 0.020991
0 0.578261 0.360202 0.023913 0.021830
0 0.474457 0.431150 0.025000 0.024349
0 0.342935 0.466415 0.025000 0.024349
0 0.604348 0.465995 0.026087 0.021830
0 0.814674 0.466415 0.025000 0.020991
0 0.342935 0.608732 0.025000 0.021830
0 0.186957 0.643157 0.023913 0.023510
0 0.578261 0.679261 0.023913 0.021830
0 0.342935 0.713686 0.025000 0.021830
0 0.160326 0.748950 0.025000 0.021830
0 0.368478 0.749790 0.026087 0.021830
0 0.839674 0.748950 0.027174 0.023510
0 0.683152 0.785055 0.022826 0.021830
0 0.604891 0.855164 0.025000 0.020991
0 0.185870 0.890848 0.023913 0.023510
0 0.369022 0.325777 0.025000 0.023510
