0 0.221875 0.131184 0.018750 0.015018
0 0.220625 0.149735 0.018750 0.015018
0 0.766875 0.315371 0.018750 0.017668
0 0.604375 0.335247 0.018750 0.016784
0 0.524375 0.353357 0.018750 0.017668
0 0.443125 0.409011 0.018750 0.015901
0 0.646250 0.408127 0.020000 0.015901
0 0.675625 0.575530 0.021250 0.015018
0 0.635625 0.593198 0.018750 0.016784
0 0.321875 0.612191 0.016250 0.015901
0 0.261875 0.648410 0.018750 0.015901
0 0.343125 0.666519 0.018750 0.016784
0 0.675625 0.685954 0.018750 0.016784
0 0.241250 0.740724 0.020000 0.015018
0 0.584375 0.778269 0.018750 0.017668
0 0.484375 0.832597 0.018750 0.016784
0 0.756250 0.870583 0.017500 0.016784
0 0.604375 0.888693 0.018750 0.015901
0 0.261875 0.390018 0.018750 0.016784
0 0.160625 0.500442 0.021250 0.015018
0 0.554375 0.704505 0.018750 0.016784
0 0.665000 0.760159 0.020000 0.015018
