0 0.700000 0.501667 0.013084 0.030000
0 0.430841 0.501667 0.013084 0.030000
0 0.581308 0.396667 0.014953 0.033333
0 0.308411 0.396667 0.014953 0.033333
0 0.385981 0.328333 0.016822 0.036667
0 0.285981 0.686667 0.014953 0.033333
0 0.308411 0.616667 0.014953 0.033333
0 0.705607 0.528333 0.013084 0.030000
0 0.436449 0.528333 0.013084 0.030000
0 0.659813 0.326667 0.014953 0.033333
0 0.559813 0.686667 0.016822 0.033333
0 0.663551 0.170000 0.026168 0.066667
0 0.581308 0.616667 0.014953 0.033333
0 0.387850 0.168333 0.031776 0.070000
