0 0.658000 0.130650 0.020000 0.015537
0 0.758000 0.130650 0.020000 0.015537
0 0.555000 0.223870 0.018000 0.015537
0 0.376000 0.241525 0.020000 0.016949
0 0.417000 0.278955 0.022000 0.015537
0 0.477000 0.278955 0.022000 0.015537
0 0.537000 0.278955 0.018000 0.015537
0 0.638000 0.278955 0.020000 0.015537
0 0.295000 0.314972 0.022000 0.016949
0 0.295000 0.352401 0.022000 0.015537
0 0.295000 0.390537 0.018000 0.015537
0 0.646000 0.427260 0.020000 0.015537
0 0.553000 0.445621 0.022000 0.015537
0 0.628000 0.481638 0.020000 0.016949
0 0.402000 0.574859 0.020000 0.016949
0 0.604000 0.574153 0.020000 0.015537
0 0.646000 0.629944 0.020000 0.016949
0 0.322000 0.834040 0.020000 0.015537
0 0.666000 0.852401 0.020000 0.015537
