0 0.503000 0.139876 0.022000 0.023184
0 0.626000 0.139876 0.024000 0.023184
0 0.503000 0.214065 0.022000 0.023184
0 0.282000 0.250386 0.024000 0.021638
0 0.723000 0.288253 0.022000 0.020093
0 0.233000 0.360896 0.022000 0.023184
0 0.379000 0.397991 0.022000 0.023184
0 0.551000 0.397991 0.022000 0.023184
0 0.355000 0.435085 0.022000 0.020093
0 0.674000 0.435085 0.020000 0.023184
0 0.307000 0.655332 0.022000 0.021638
0 0.601000 0.655332 0.022000 0.021638
0 0.368000 0.692427 0.024000 0.021638
0 0.760000 0.692427 0.020000 0.018547
0 0.405000 0.876352 0.022000 0.024730
