0 0.290000 0.106638 0.028000 0.026836
0 0.276000 0.213277 0.028000 0.031073
0 0.410000 0.213983 0.028000 0.024011
0 0.724000 0.213277 0.028000 0.033898
0 0.697000 0.248588 0.026000 0.028249
0 0.315000 0.319915 0.026000 0.026836
0 0.626000 0.318503 0.028000 0.029661
0 0.190000 0.355226 0.028000 0.026836
0 0.646000 0.390537 0.028000 0.024011
0 0.312000 0.427966 0.028000 0.028249
0 0.316000 0.532486 0.028000 0.028249
0 0.437000 0.534605 0.026000 0.024011
0 0.637000 0.606638 0.030000 0.026836
0 0.674000 0.675847 0.028000 0.024011
0 0.701000 0.783192 0.026000 0.026836
0 0.527000 0.853814 0.026000 0.024011
0 0.270000 0.889124 0.028000 0.026836
0 0.460000 0.891243 0.028000 0.028249
0 0.558000 0.889124 0.028000 0.024011
