0 0.218000 0.141243 0.024000 0.019774
0 0.783000 0.104520 0.026000 0.022599
0 0.353000 0.141949 0.026000 0.024011
0 0.400000 0.179379 0.024000 0.022599
0 0.643000 0.178672 0.026000 0.024011
0 0.401000 0.252119 0.026000 0.024011
0 0.616000 0.252825 0.024000 0.022599
0 0.401000 0.326977 0.026000 0.021186
0 0.615000 0.326977 0.026000 0.021186
0 0.352000 0.511299 0.028000 0.019774
0 0.380000 0.549435 0.024000 0.022599
0 0.729000 0.548023 0.022000 0.022599
0 0.527000 0.658898 0.026000 0.021186
0 0.481000 0.697034 0.026000 0.021186
0 0.695000 0.696328 0.026000 0.022599
0 0.351000 0.770480 0.030000 0.024011
0 0.514000 0.771186 0.028000 0.022599
0 0.763000 0.808616 0.026000 0.024011
0 0.272000 0.845339 0.024000 0.024011
