0 0.719000 0.208628 0.018000 0.015559
0 0.455000 0.246818 0.018000 0.015559
0 0.341000 0.323197 0.018000 0.015559
0 0.699000 0.322489 0.018000 0.014144
0 0.220000 0.432107 0.020000 0.021216
0 0.449000 0.433522 0.022000 0.018388
0 0.423000 0.454738 0.018000 0.015559
0 0.165000 0.472419 0.018000 0.014144
0 0.166000 0.493635 0.016000 0.016973
0 0.312000 0.492928 0.016000 0.015559
0 0.649000 0.533239 0.018000 0.016973
0 0.885000 0.533946 0.018000 0.018388
0 0.238000 0.815417 0.020000 0.015559
0 0.349000 0.836634 0.018000 0.018388
0 0.501000 0.836634 0.018000 0.015559
0 0.580000 0.835219 0.020000 0.015559
0 0.432000 0.208628 0.016000 0.012730
