0 0.686000 0.193503 0.020000 0.016949
0 0.638000 0.223164 0.020000 0.014124
0 0.398000 0.252119 0.020000 0.015537
0 0.248000 0.283192 0.020000 0.015537
0 0.333000 0.312147 0.018000 0.016949
0 0.684000 0.341102 0.020000 0.015537
0 0.565000 0.371469 0.018000 0.016949
0 0.317000 0.430791 0.018000 0.014124
0 0.801000 0.459746 0.018000 0.015537
0 0.788000 0.490113 0.020000 0.016949
0 0.618000 0.578390 0.020000 0.015537
0 0.759000 0.668079 0.018000 0.016949
0 0.681000 0.697740 0.018000 0.014124
0 0.564000 0.757768 0.020000 0.015537
0 0.477000 0.846751 0.018000 0.015537
0 0.336000 0.877119 0.020000 0.016949
