0 0.244000 0.097458 0.024000 0.019774
0 0.432000 0.099576 0.024000 0.024011
0 0.326000 0.134887 0.024000 0.018362
0 0.459000 0.134887 0.022000 0.024011
0 0.755000 0.132062 0.022000 0.024011
0 0.163000 0.207627 0.026000 0.022599
0 0.461000 0.208333 0.026000 0.018362
0 0.675000 0.246469 0.026000 0.021186
0 0.676000 0.283192 0.024000 0.021186
0 0.245000 0.392655 0.026000 0.022599
0 0.324000 0.466102 0.024000 0.019774
0 0.378000 0.503531 0.024000 0.024011
0 0.701000 0.503531 0.022000 0.024011
0 0.648000 0.615819 0.024000 0.025424
0 0.272000 0.653249 0.024000 0.024011
0 0.596000 0.688559 0.028000 0.024011
0 0.540000 0.762006 0.024000 0.024011
0 0.163000 0.834040 0.026000 0.024011
0 0.461000 0.836864 0.026000 0.026836
0 0.676000 0.836158 0.024000 0.019774
