0 0.668000 0.034504 0.032000 0.018821
0 0.590000 0.380803 0.028000 0.018821
0 0.587000 0.462986 0.026000 0.022585
0 0.717000 0.498118 0.026000 0.017566
0 0.510000 0.520075 0.028000 0.018821
0 0.589000 0.520075 0.026000 0.021330
0 0.375000 0.497491 0.026000 0.021330
0 0.374000 0.545169 0.028000 0.018821
0 0.853000 0.545169 0.026000 0.018821
0 0.665000 0.567127 0.026000 0.017566
0 0.742000 0.566499 0.024000 0.016311
0 0.075000 0.565872 0.026000 0.017566
0 0.317000 0.601004 0.026000 0.020075
0 0.537000 0.590966 0.026000 0.020075
0 0.747000 0.592221 0.026000 0.020075
0 0.694000 0.615433 0.028000 0.018821
0 0.904000 0.614806 0.028000 0.022585
