0 0.322500 0.102122 0.025000 0.020336
0 0.558750 0.102122 0.022500 0.016799
0 0.234375 0.149867 0.018750 0.015031
0 0.247500 0.185676 0.017500 0.012378
0 0.702500 0.186561 0.017500 0.014147
0 0.270625 0.224138 0.018750 0.015031
0 0.234375 0.242263 0.018750 0.015915
0 0.270625 0.242263 0.018750 0.014147
0 0.383125 0.242263 0.018750 0.015915
0 0.450000 0.242263 0.020000 0.014147
0 0.517500 0.241379 0.020000 0.014147
0 0.410625 0.259947 0.018750 0.014147
0 0.197500 0.298408 0.020000 0.015031
0 0.641875 0.297082 0.018750 0.014147
0 0.215625 0.316092 0.018750 0.015031
0 0.423125 0.316534 0.018750 0.014147
0 0.551875 0.315650 0.018750 0.015915
0 0.715625 0.316976 0.018750 0.015031
0 0.836875 0.316092 0.018750 0.016799
0 0.215000 0.332891 0.020000 0.015031
0 0.198750 0.353669 0.022500 0.015915
0 0.308125 0.353227 0.018750 0.015031
0 0.456250 0.353227 0.017500 0.015031
0 0.635625 0.354111 0.018750 0.016799
0 0.710000 0.353227 0.020000 0.015031
0 0.103750 0.371353 0.022500 0.015915
0 0.303125 0.371795 0.018750 0.016799
0 0.365625 0.390805 0.018750 0.014147
0 0.553750 0.391247 0.020000 0.018568
0 0.712500 0.391689 0.017500 0.015915
0 0.870625 0.390363 0.018750 0.015031
0 0.255625 0.408488 0.018750 0.014147
0 0.366250 0.427498 0.017500 0.015031
0 0.262500 0.464191 0.020000 0.014147
0 0.391875 0.465517 0.018750 0.015031
0 0.206875 0.482759 0.018750 0.014147
0 0.410625 0.500884 0.018750 0.015031
0 0.207500 0.519452 0.017500 0.016799
0 0.300625 0.519452 0.018750 0.015031
0 0.576250 0.520778 0.017500 0.015915
0 0.245000 0.538019 0.020000 0.015031
0 0.786875 0.537577 0.021250 0.015915
0 0.385000 0.557913 0.020000 0.015915
0 0.384375 0.575155 0.018750 0.013263
0 0.648750 0.575597 0.017500 0.015915
0 0.244375 0.594607 0.018750 0.013263
0 0.216875 0.611848 0.018750 0.014147
0 0.300000 0.612290 0.020000 0.015031
0 0.466875 0.611848 0.018750 0.015915
0 0.207500 0.630858 0.020000 0.015031
0 0.282500 0.631742 0.020000 0.015031
0 0.429375 0.631300 0.018750 0.014147
0 0.216875 0.650309 0.018750 0.015031
0 0.300000 0.650752 0.017500 0.015915
0 0.448750 0.649867 0.017500 0.015915
0 0.244375 0.668877 0.018750 0.018568
0 0.244375 0.687003 0.018750 0.014147
0 0.300000 0.687003 0.017500 0.015915
0 0.509375 0.687003 0.018750 0.014147
0 0.601250 0.686561 0.020000 0.013263
0 0.383750 0.704686 0.017500 0.015915
0 0.530625 0.706012 0.018750 0.015031
0 0.208125 0.725022 0.018750 0.015915
0 0.330000 0.725464 0.020000 0.016799
0 0.470000 0.725464 0.017500 0.016799
0 0.595625 0.762599 0.018750 0.015031
0 0.134375 0.779399 0.018750 0.016799
0 0.465625 0.797966 0.018750 0.015031
0 0.700625 0.799293 0.018750 0.015915
0 0.152500 0.816092 0.017500 0.017683
0 0.322500 0.816534 0.017500 0.013263
0 0.325000 0.836428 0.020000 0.015915
0 0.454375 0.834660 0.018750 0.015915
0 0.614375 0.835986 0.018750 0.015031
0 0.682500 0.836870 0.017500 0.016799
0 0.294375 0.871795 0.018750 0.014147
0 0.668125 0.872237 0.018750 0.016799
0 0.202500 0.892131 0.020000 0.017683
