0 0.602000 0.104520 0.024000 0.019774
0 0.325000 0.152542 0.018000 0.014124
0 0.273000 0.180791 0.018000 0.014124
0 0.607000 0.236582 0.018000 0.015537
0 0.273000 0.264831 0.018000 0.015537
0 0.449000 0.264124 0.018000 0.014124
0 0.377000 0.292373 0.018000 0.014124
0 0.484000 0.293079 0.020000 0.015537
0 0.237000 0.347458 0.018000 0.014124
0 0.307000 0.348164 0.018000 0.015537
0 0.272000 0.391949 0.016000 0.015537
0 0.537000 0.391243 0.018000 0.014124
0 0.409000 0.420198 0.018000 0.015537
0 0.427000 0.586158 0.018000 0.016949
0 0.748000 0.614407 0.016000 0.016949
0 0.273000 0.641243 0.018000 0.014124
0 0.307000 0.641949 0.018000 0.015537
0 0.402000 0.641949 0.016000 0.012712
0 0.469000 0.641243 0.018000 0.014124
0 0.537000 0.641949 0.018000 0.015537
0 0.211000 0.686441 0.018000 0.014124
0 0.371000 0.687147 0.018000 0.015537
0 0.811000 0.685734 0.018000 0.015537
0 0.265000 0.713983 0.018000 0.015537
0 0.671000 0.713277 0.018000 0.014124
0 0.811000 0.713983 0.018000 0.015537
0 0.719000 0.797316 0.018000 0.015537
0 0.737000 0.824859 0.018000 0.014124
0 0.193000 0.880650 0.018000 0.015537
