0 0.284000 0.142655 0.028000 0.028249
0 0.529000 0.144068 0.026000 0.022599
0 0.610000 0.144068 0.028000 0.028249
0 0.177000 0.177966 0.026000 0.022599
0 0.436000 0.177260 0.028000 0.021186
0 0.697000 0.178672 0.026000 0.026836
0 0.734000 0.209746 0.028000 0.024011
0 0.150000 0.244350 0.028000 0.025424
0 0.311000 0.242938 0.030000 0.022599
0 0.424000 0.275424 0.028000 0.028249
0 0.584000 0.276836 0.028000 0.022599
0 0.200000 0.310028 0.028000 0.021186
0 0.388000 0.310734 0.028000 0.022599
0 0.459000 0.343927 0.026000 0.024011
0 0.773000 0.342514 0.026000 0.024011
0 0.308000 0.377119 0.028000 0.022599
0 0.460000 0.376412 0.028000 0.021186
0 0.782000 0.408192 0.028000 0.025424
0 0.325000 0.443503 0.026000 0.028249
0 0.773000 0.441384 0.026000 0.021186
0 0.550000 0.509181 0.028000 0.024011
0 0.524000 0.543785 0.028000 0.025424
0 0.863000 0.540960 0.030000 0.025424
0 0.144000 0.609463 0.032000 0.024011
0 0.670000 0.640537 0.028000 0.024011
0 0.321000 0.674435 0.026000 0.026836
0 0.634000 0.674435 0.028000 0.021186
0 0.418000 0.708333 0.028000 0.024011
0 0.294000 0.743644 0.028000 0.026836
0 0.817000 0.774718 0.026000 0.029661
0 0.334000 0.809322 0.028000 0.025424
0 0.414000 0.844633 0.028000 0.028249
