0 0.444000 0.100282 0.036000 0.028249
0 0.755000 0.163842 0.022000 0.022599
0 0.433000 0.274011 0.026000 0.019774
0 0.352000 0.312147 0.028000 0.019774
0 0.515000 0.348870 0.026000 0.019774
0 0.162000 0.385593 0.028000 0.022599
0 0.699000 0.459746 0.022000 0.018362
0 0.161000 0.497881 0.030000 0.021186
0 0.352000 0.536017 0.024000 0.021186
0 0.592000 0.533898 0.024000 0.019774
0 0.674000 0.533898 0.024000 0.022599
0 0.754000 0.534605 0.020000 0.021186
0 0.350000 0.569915 0.020000 0.021186
0 0.296000 0.610169 0.024000 0.019774
0 0.488000 0.607345 0.024000 0.019774
0 0.538000 0.681497 0.024000 0.021186
0 0.806000 0.684322 0.024000 0.021186
0 0.458000 0.757062 0.020000 0.022599
0 0.700000 0.756356 0.028000 0.021186
0 0.699000 0.830508 0.022000 0.019774
0 0.243000 0.867938 0.026000 0.021186
