0 0.681000 0.141949 0.022000 0.018362
0 0.704000 0.179379 0.024000 0.019774
0 0.469000 0.313559 0.022000 0.019774
0 0.703000 0.313559 0.022000 0.019774
0 0.269000 0.399011 0.022000 0.018362
0 0.187000 0.485876 0.022000 0.016949
0 0.515000 0.449153 0.022000 0.019774
0 0.280000 0.534605 0.024000 0.021186
0 0.329000 0.646893 0.022000 0.019774
0 0.162000 0.645480 0.024000 0.019774
0 0.269000 0.694915 0.022000 0.019774
0 0.445000 0.817090 0.022000 0.018362
0 0.375000 0.855226 0.022000 0.018362
0 0.257000 0.892655 0.022000 0.019774
0 0.551000 0.853814 0.022000 0.018362
