0 0.538000 0.102623 0.024000 0.026235
0 0.227000 0.134259 0.026000 0.027778
0 0.341000 0.135031 0.026000 0.026235
0 0.448000 0.170525 0.024000 0.026235
0 0.562000 0.168210 0.024000 0.030864
0 0.676000 0.275463 0.024000 0.029321
0 0.584000 0.409722 0.024000 0.029321
0 0.524000 0.446759 0.024000 0.026235
0 0.639000 0.445216 0.026000 0.026235
0 0.272000 0.515432 0.024000 0.027778
0 0.661000 0.513117 0.022000 0.023148
0 0.776000 0.513889 0.024000 0.030864
0 0.253000 0.754630 0.026000 0.024691
0 0.204000 0.823302 0.024000 0.026235
0 0.318000 0.823302 0.024000 0.023148
0 0.810000 0.824074 0.024000 0.024691
0 0.593000 0.891975 0.022000 0.024691
