0 0.445000 0.057910 0.018000 0.014124
0 0.555000 0.058616 0.018000 0.015537
0 0.146000 0.084746 0.028000 0.025424
0 0.322000 0.121469 0.028000 0.022599
0 0.893000 0.158192 0.026000 0.022599
0 0.322000 0.233051 0.028000 0.022599
0 0.228000 0.269774 0.028000 0.019774
0 0.657000 0.269068 0.026000 0.021186
0 0.335000 0.307910 0.026000 0.022599
0 0.147000 0.343220 0.026000 0.019774
0 0.631000 0.343220 0.026000 0.019774
0 0.214000 0.379944 0.028000 0.019774
0 0.147000 0.418785 0.026000 0.024011
0 0.416000 0.417373 0.024000 0.018362
0 0.443000 0.418785 0.026000 0.024011
0 0.605000 0.418079 0.026000 0.022599
0 0.153000 0.492232 0.026000 0.021186
0 0.343000 0.492232 0.026000 0.021186
0 0.188000 0.528955 0.024000 0.021186
0 0.564000 0.528955 0.024000 0.021186
0 0.161000 0.603814 0.026000 0.024011
0 0.215000 0.639831 0.026000 0.019774
0 0.456000 0.640537 0.028000 0.021186
0 0.833000 0.639831 0.026000 0.019774
0 0.161000 0.677260 0.026000 0.021186
0 0.402000 0.676554 0.028000 0.019774
0 0.631000 0.677260 0.026000 0.021186
0 0.161000 0.751412 0.026000 0.019774
0 0.403000 0.752119 0.026000 0.021186
0 0.215000 0.788136 0.026000 0.019774
0 0.214000 0.824859 0.028000 0.019774
0 0.376000 0.825565 0.028000 0.021186
0 0.644000 0.824859 0.028000 0.019774
0 0.913000 0.824859 0.026000 0.022599
0 0.241000 0.899011 0.026000 0.024011
