0 0.185000 0.065693 0.018000 0.021898
0 0.475000 0.063869 0.018000 0.021898
0 0.711000 0.066606 0.018000 0.023723
0 0.404000 0.096715 0.020000 0.021898
0 0.341000 0.128650 0.018000 0.020073
0 0.330000 0.193431 0.020000 0.021898
0 0.802000 0.193431 0.020000 0.025547
0 0.367000 0.226277 0.018000 0.021898
0 0.475000 0.226277 0.018000 0.021898
0 0.729000 0.227190 0.018000 0.020073
0 0.802000 0.226277 0.020000 0.018248
0 0.512000 0.257299 0.016000 0.018248
0 0.711000 0.257299 0.018000 0.018248
0 0.458000 0.291058 0.020000 0.023723
0 0.791000 0.290146 0.018000 0.021898
0 0.610000 0.322080 0.016000 0.020073
0 0.809000 0.322080 0.018000 0.020073
0 0.294000 0.353102 0.016000 0.020073
0 0.421000 0.354015 0.018000 0.025547
0 0.601000 0.354015 0.018000 0.021898
0 0.512000 0.386861 0.016000 0.021898
0 0.339000 0.417883 0.018000 0.021898
0 0.421000 0.481752 0.018000 0.021898
0 0.385000 0.515511 0.018000 0.023723
0 0.185000 0.545620 0.018000 0.021898
0 0.565000 0.547445 0.018000 0.021898
0 0.203000 0.579380 0.018000 0.020073
0 0.350000 0.579380 0.016000 0.020073
0 0.656000 0.580292 0.016000 0.021898
0 0.293000 0.612226 0.018000 0.020073
0 0.438000 0.611314 0.016000 0.021898
0 0.747000 0.612226 0.018000 0.023723
0 0.340000 0.643248 0.016000 0.020073
0 0.493000 0.676095 0.018000 0.023723
0 0.204000 0.706204 0.020000 0.025547
0 0.421000 0.708942 0.018000 0.023723
0 0.512000 0.708942 0.020000 0.023723
0 0.293000 0.739051 0.018000 0.021898
0 0.385000 0.740876 0.018000 0.021898
0 0.657000 0.740876 0.022000 0.021898
0 0.493000 0.772810 0.018000 0.020073
0 0.638000 0.162409 0.016000 0.021898
0 0.711000 0.548358 0.018000 0.020073
