0 0.492000 0.103253 0.036000 0.028289
0 0.677000 0.103960 0.034000 0.029703
0 0.380000 0.178218 0.028000 0.022631
0 0.515000 0.177511 0.026000 0.021216
0 0.755000 0.214286 0.026000 0.021216
0 0.218000 0.251768 0.028000 0.022631
0 0.677000 0.251061 0.026000 0.021216
0 0.190000 0.288543 0.028000 0.022631
0 0.408000 0.362801 0.028000 0.021216
0 0.541000 0.362801 0.026000 0.024045
0 0.272000 0.474540 0.028000 0.024045
0 0.408000 0.473833 0.028000 0.022631
0 0.728000 0.473833 0.028000 0.022631
0 0.298000 0.511315 0.028000 0.021216
0 0.408000 0.584866 0.028000 0.021216
0 0.544000 0.584866 0.028000 0.021216
0 0.190000 0.621641 0.028000 0.021216
0 0.245000 0.659830 0.030000 0.024045
0 0.435000 0.695898 0.030000 0.022631
0 0.571000 0.696605 0.026000 0.021216
0 0.352000 0.734088 0.028000 0.022631
0 0.544000 0.733380 0.028000 0.024045
0 0.381000 0.806931 0.026000 0.021216
0 0.382000 0.845120 0.028000 0.024045
