0 0.416000 0.120206 0.040000 0.030973
0 0.634000 0.601032 0.020000 0.019174
0 0.797000 0.600295 0.022000 0.017699
0 0.592000 0.639381 0.020000 0.013274
0 0.687000 0.637906 0.018000 0.016224
0 0.627000 0.716814 0.018000 0.014749
0 0.682000 0.735988 0.016000 0.014749
0 0.698000 0.736726 0.016000 0.013274
0 0.694000 0.775811 0.016000 0.014749
0 0.804000 0.774336 0.016000 0.014749
0 0.593000 0.543510 0.014000 0.013274
0 0.864000 0.542773 0.016000 0.014749
0 0.128000 0.737463 0.016000 0.014749
0 0.223000 0.737463 0.018000 0.014749
0 0.190000 0.796460 0.016000 0.014749
0 0.384000 0.797198 0.016000 0.016224
