0 0.476000 0.016473 0.016000 0.017442
0 0.783000 0.018411 0.018000 0.021318
0 0.797000 0.105620 0.018000 0.021318
0 0.363000 0.277132 0.018000 0.019380
0 0.700000 0.452519 0.016000 0.021318
0 0.750000 0.453488 0.016000 0.023256
0 0.341000 0.705426 0.018000 0.019380
0 0.104000 0.728682 0.020000 0.019380
0 0.222000 0.727713 0.016000 0.017442
0 0.363000 0.845930 0.018000 0.021318
0 0.309000 0.925388 0.018000 0.021318
0 0.089000 0.978682 0.018000 0.019380
0 0.106000 0.977713 0.016000 0.017442
0 0.773000 0.849806 0.018000 0.021318
0 0.797000 0.938953 0.018000 0.021318
0 0.503000 0.107558 0.018000 0.017442
0 0.664000 0.107558 0.016000 0.021318
0 0.719000 0.280039 0.014000 0.017442
