0 0.491000 0.103814 0.030000 0.029661
0 0.349000 0.253531 0.022000 0.018362
0 0.510000 0.254237 0.024000 0.016949
0 0.718000 0.253531 0.024000 0.021186
0 0.303000 0.367232 0.026000 0.019774
0 0.744000 0.404661 0.024000 0.021186
0 0.231000 0.440678 0.026000 0.019774
0 0.442000 0.442797 0.024000 0.018362
0 0.698000 0.442797 0.024000 0.021186
0 0.256000 0.516949 0.024000 0.022599
0 0.536000 0.515537 0.024000 0.019774
0 0.722000 0.591808 0.024000 0.019774
0 0.418000 0.628531 0.024000 0.019774
0 0.769000 0.629237 0.026000 0.021186
0 0.232000 0.666667 0.024000 0.019774
0 0.721000 0.666667 0.022000 0.019774
0 0.349000 0.702684 0.022000 0.021186
0 0.559000 0.704096 0.026000 0.018362
0 0.419000 0.740113 0.022000 0.019774
0 0.652000 0.740819 0.024000 0.021186
0 0.419000 0.778249 0.022000 0.019774
0 0.487000 0.816384 0.022000 0.022599
0 0.557000 0.815678 0.022000 0.021186
0 0.720000 0.815678 0.024000 0.021186
