0 0.422000 0.107419 0.020000 0.020093
0 0.539000 0.107419 0.022000 0.023184
0 0.316000 0.233385 0.020000 0.018547
0 0.533000 0.234158 0.022000 0.020093
0 0.588000 0.258114 0.020000 0.018547
0 0.431000 0.259660 0.022000 0.018547
0 0.176000 0.285162 0.020000 0.023184
0 0.745000 0.258887 0.018000 0.020093
0 0.609000 0.492272 0.022000 0.020093
0 0.176000 0.518547 0.020000 0.017002
0 0.765000 0.570325 0.022000 0.021638
0 0.373000 0.595827 0.022000 0.017002
0 0.745000 0.620556 0.022000 0.020093
0 0.687000 0.648377 0.022000 0.020093
0 0.373000 0.777434 0.022000 0.018547
0 0.843000 0.804482 0.022000 0.023184
0 0.569000 0.830757 0.022000 0.020093
