0 0.411667 0.100236 0.036667 0.035377
0 0.706667 0.103774 0.040000 0.037736
0 0.406667 0.213443 0.026667 0.030660
0 0.325000 0.250000 0.023333 0.028302
0 0.825000 0.251179 0.030000 0.025943
0 0.191667 0.325472 0.030000 0.028302
0 0.325000 0.325472 0.030000 0.028302
0 0.460000 0.323113 0.026667 0.033019
0 0.325000 0.362028 0.030000 0.025943
0 0.621667 0.364387 0.030000 0.030660
0 0.540000 0.400943 0.026667 0.023585
0 0.568333 0.437500 0.030000 0.025943
0 0.380000 0.475236 0.026667 0.025943
0 0.245000 0.511792 0.030000 0.023585
0 0.163333 0.547170 0.033333 0.028302
0 0.271667 0.807783 0.030000 0.025943
0 0.783333 0.806604 0.026667 0.033019
0 0.540000 0.845519 0.026667 0.025943
