0 0.185000 0.100989 0.018000 0.018362
0 0.366000 0.145480 0.020000 0.016949
0 0.298000 0.164548 0.020000 0.021186
0 0.416000 0.269774 0.020000 0.019774
0 0.532000 0.399011 0.020000 0.024011
0 0.186000 0.441384 0.020000 0.024011
0 0.262000 0.440678 0.020000 0.028249
0 0.340000 0.528955 0.020000 0.018362
0 0.594000 0.529661 0.020000 0.019774
0 0.183000 0.553672 0.018000 0.022599
0 0.157000 0.594633 0.022000 0.022599
0 0.241000 0.593220 0.022000 0.022599
0 0.343000 0.593927 0.018000 0.021186
0 0.574000 0.685028 0.020000 0.022599
0 0.705000 0.684322 0.018000 0.018362
0 0.800000 0.685734 0.020000 0.021186
0 0.164000 0.710452 0.020000 0.025424
0 0.389000 0.708333 0.022000 0.024011
0 0.503000 0.710452 0.022000 0.019774
0 0.214000 0.747175 0.020000 0.019774
0 0.459000 0.746469 0.022000 0.021186
0 0.465000 0.775424 0.022000 0.019774
0 0.404000 0.817090 0.020000 0.021186
0 0.220000 0.844633 0.020000 0.022599
0 0.404000 0.887712 0.020000 0.021186
0 0.592000 0.885593 0.020000 0.019774
