0 0.839000 0.098870 0.022000 0.019774
0 0.604000 0.127119 0.020000 0.019774
0 0.504000 0.156073 0.020000 0.021186
0 0.758000 0.182910 0.020000 0.018362
0 0.484000 0.211864 0.020000 0.016949
0 0.668000 0.210452 0.020000 0.019774
0 0.604000 0.239407 0.020000 0.021186
0 0.414000 0.266243 0.020000 0.021186
0 0.160000 0.349576 0.024000 0.018362
0 0.242000 0.376412 0.020000 0.018362
0 0.604000 0.378531 0.020000 0.019774
0 0.221000 0.405367 0.022000 0.019774
0 0.302000 0.405367 0.020000 0.016949
0 0.534000 0.433616 0.020000 0.016949
0 0.464000 0.461158 0.020000 0.021186
0 0.556000 0.488701 0.020000 0.019774
0 0.496000 0.571328 0.020000 0.021186
0 0.759000 0.572034 0.022000 0.019774
0 0.556000 0.628531 0.020000 0.019774
0 0.182000 0.654661 0.020000 0.018362
0 0.302000 0.709746 0.020000 0.021186
0 0.442000 0.711158 0.020000 0.018362
0 0.624000 0.822740 0.020000 0.021186
0 0.363000 0.849576 0.022000 0.021186
0 0.161000 0.877119 0.022000 0.019774
0 0.665000 0.878531 0.022000 0.022599
0 0.323000 0.543785 0.022000 0.016949
