0 0.370000 0.127358 0.033333 0.033019
0 0.518333 0.128538 0.036667 0.030660
0 0.700000 0.219340 0.026667 0.023585
0 0.646667 0.279481 0.026667 0.021226
0 0.673333 0.250000 0.026667 0.023585
0 0.336667 0.319575 0.026667 0.025943
0 0.325000 0.484670 0.023333 0.025943
0 0.753333 0.523585 0.026667 0.023585
0 0.350000 0.594340 0.026667 0.023585
0 0.593333 0.625000 0.026667 0.023585
0 0.243333 0.718160 0.026667 0.025943
0 0.163333 0.852594 0.026667 0.021226
0 0.406667 0.279481 0.026667 0.025943
0 0.351667 0.351415 0.023333 0.023585
0 0.605000 0.319575 0.023333 0.021226
0 0.458333 0.380896 0.023333 0.025943
0 0.485000 0.757075 0.023333 0.018868
0 0.190000 0.790094 0.026667 0.023585
0 0.646667 0.187500 0.026667 0.021226
