0 0.279000 0.117232 0.018000 0.014124
0 0.757000 0.137712 0.018000 0.015537
0 0.337000 0.160311 0.018000 0.015537
0 0.725000 0.160311 0.018000 0.015537
0 0.360000 0.180791 0.016000 0.014124
0 0.530000 0.245056 0.016000 0.015537
0 0.787000 0.266949 0.018000 0.014124
0 0.689000 0.309322 0.018000 0.014124
0 0.838000 0.308616 0.020000 0.015537
0 0.283000 0.329802 0.018000 0.015537
0 0.335000 0.352401 0.018000 0.015537
0 0.660000 0.350989 0.016000 0.015537
0 0.353000 0.394068 0.018000 0.014124
0 0.643000 0.394068 0.018000 0.014124
0 0.601000 0.415960 0.018000 0.015537
0 0.530000 0.436441 0.016000 0.016949
0 0.813000 0.436441 0.018000 0.016949
0 0.230000 0.457627 0.016000 0.014124
0 0.468000 0.457627 0.016000 0.014124
0 0.701000 0.456921 0.018000 0.015537
0 0.336000 0.478814 0.016000 0.014124
0 0.778000 0.500706 0.016000 0.018362
0 0.407000 0.287429 0.018000 0.015537
