0 0.251000 0.047146 0.022000 0.017370
0 0.252000 0.223945 0.020000 0.016129
0 0.342000 0.310794 0.020000 0.016129
0 0.535000 0.340571 0.022000 0.016129
0 0.343000 0.370968 0.022000 0.017370
0 0.515000 0.370347 0.022000 0.016129
0 0.252000 0.401365 0.024000 0.016129
0 0.387000 0.401365 0.022000 0.016129
0 0.450000 0.432382 0.024000 0.016129
0 0.385000 0.460918 0.022000 0.016129
0 0.450000 0.490074 0.020000 0.017370
0 0.385000 0.522333 0.022000 0.014888
0 0.358000 0.551489 0.020000 0.016129
0 0.252000 0.550868 0.020000 0.014888
0 0.465000 0.550868 0.022000 0.017370
0 0.748000 0.551489 0.020000 0.016129
0 0.294000 0.698511 0.020000 0.014888
0 0.833000 0.697891 0.022000 0.016129
0 0.598000 0.754963 0.020000 0.016129
0 0.640000 0.754342 0.020000 0.014888
0 0.407000 0.785980 0.022000 0.013648
0 0.514000 0.785980 0.020000 0.016129
0 0.407000 0.843672 0.022000 0.014888
0 0.515000 0.843052 0.022000 0.016129
0 0.294000 0.899504 0.020000 0.014888
0 0.273000 0.926179 0.022000 0.016129
