0 0.515000 0.103814 0.022000 0.018362
0 0.420000 0.141243 0.020000 0.016949
0 0.398000 0.178672 0.024000 0.018362
0 0.609000 0.177966 0.022000 0.016949
0 0.327000 0.215395 0.022000 0.018362
0 0.585000 0.215395 0.022000 0.018362
0 0.328000 0.251412 0.024000 0.016949
0 0.373000 0.288842 0.022000 0.018362
0 0.467000 0.324859 0.022000 0.016949
0 0.329000 0.362994 0.026000 0.016949
0 0.703000 0.362288 0.022000 0.018362
0 0.398000 0.399718 0.020000 0.019774
0 0.326000 0.475282 0.020000 0.018362
0 0.563000 0.473870 0.022000 0.018362
0 0.445000 0.512006 0.022000 0.015537
0 0.445000 0.548023 0.022000 0.019774
0 0.420000 0.584746 0.024000 0.016949
0 0.373000 0.659605 0.022000 0.016949
0 0.421000 0.696328 0.022000 0.016949
0 0.351000 0.769774 0.022000 0.016949
0 0.633000 0.769068 0.022000 0.018362
0 0.208000 0.843927 0.020000 0.018362
0 0.350000 0.881356 0.024000 0.019774
