0 0.614000 0.180085 0.032000 0.026836
0 0.797000 0.254237 0.022000 0.019774
0 0.395000 0.254237 0.022000 0.022599
0 0.342000 0.290960 0.024000 0.022599
0 0.395000 0.327684 0.026000 0.022599
0 0.854000 0.329096 0.028000 0.019774
0 0.584000 0.364407 0.024000 0.022599
0 0.476000 0.475989 0.024000 0.022599
0 0.852000 0.549435 0.024000 0.022599
0 0.583000 0.586158 0.026000 0.022599
0 0.314000 0.624294 0.024000 0.022599
0 0.636000 0.625000 0.024000 0.024011
0 0.744000 0.624294 0.024000 0.019774
0 0.476000 0.660311 0.024000 0.024011
0 0.368000 0.698446 0.024000 0.024011
0 0.772000 0.698446 0.024000 0.021186
0 0.502000 0.736582 0.024000 0.024011
