0 0.509500 0.136743 0.019000 0.048017
0 0.487500 0.135699 0.021000 0.050104
0 0.405000 0.198330 0.020000 0.050104
0 0.452500 0.199374 0.021000 0.052192
0 0.487000 0.310021 0.020000 0.056367
0 0.509500 0.310021 0.021000 0.060543
0 0.405500 0.370564 0.019000 0.043841
0 0.453500 0.372651 0.021000 0.056367
0 0.507500 0.481211 0.021000 0.056367
0 0.255500 0.545929 0.021000 0.056367
0 0.417500 0.545929 0.021000 0.048017
0 0.463500 0.542797 0.019000 0.050104
0 0.507500 0.654489 0.021000 0.056367
0 0.255500 0.716075 0.021000 0.050104
0 0.418000 0.716075 0.022000 0.058455
0 0.463500 0.717119 0.023000 0.043841
0 0.508500 0.817328 0.021000 0.048017
0 0.255000 0.888309 0.026000 0.048017
0 0.416500 0.886221 0.021000 0.052192
0 0.464500 0.881002 0.019000 0.058455
0 0.640000 0.478079 0.022000 0.054280
0 0.754000 0.477035 0.020000 0.048017
0 0.777500 0.541754 0.023000 0.043841
