0 0.222000 0.104520 0.024000 0.022599
0 0.480000 0.215395 0.024000 0.021186
0 0.281000 0.252825 0.022000 0.019774
0 0.445000 0.252825 0.022000 0.019774
0 0.410000 0.326271 0.024000 0.022599
0 0.292000 0.363701 0.024000 0.024011
0 0.492000 0.399718 0.024000 0.019774
0 0.751000 0.401130 0.022000 0.022599
0 0.222000 0.586158 0.024000 0.019774
0 0.598000 0.586158 0.024000 0.022599
0 0.281000 0.622881 0.022000 0.022599
0 0.516000 0.623588 0.024000 0.024011
0 0.492000 0.659605 0.024000 0.019774
0 0.328000 0.696328 0.024000 0.019774
0 0.469000 0.697034 0.026000 0.018362
0 0.680000 0.697034 0.024000 0.021186
0 0.234000 0.807910 0.024000 0.019774
