0 0.288000 0.265537 0.020000 0.016949
0 0.428000 0.264831 0.020000 0.015537
0 0.568000 0.265537 0.024000 0.014124
0 0.750000 0.266243 0.020000 0.015537
0 0.282000 0.293079 0.020000 0.015537
0 0.322000 0.292373 0.016000 0.014124
0 0.565000 0.293079 0.018000 0.015537
0 0.181000 0.348870 0.018000 0.014124
0 0.594000 0.349576 0.020000 0.015537
0 0.817000 0.348870 0.018000 0.016949
0 0.670000 0.432203 0.020000 0.016949
0 0.302000 0.460452 0.016000 0.014124
0 0.584000 0.571328 0.020000 0.015537
0 0.665000 0.598870 0.018000 0.014124
0 0.665000 0.765537 0.018000 0.014124
0 0.490000 0.876412 0.016000 0.015537
0 0.564000 0.209746 0.020000 0.015537
