0 0.527000 0.143362 0.026000 0.021186
0 0.756000 0.142655 0.028000 0.022599
0 0.487000 0.177260 0.026000 0.021186
0 0.433000 0.209746 0.026000 0.021186
0 0.827000 0.209746 0.026000 0.021186
0 0.661000 0.242938 0.026000 0.025424
0 0.673000 0.275424 0.026000 0.025424
0 0.307000 0.310028 0.026000 0.021186
0 0.527000 0.342514 0.026000 0.021186
0 0.855000 0.341808 0.026000 0.022599
0 0.147000 0.410311 0.026000 0.024011
0 0.173000 0.442797 0.026000 0.021186
0 0.697000 0.442797 0.026000 0.021186
0 0.514000 0.475989 0.028000 0.019774
0 0.809000 0.475989 0.026000 0.019774
0 0.559000 0.509181 0.026000 0.024011
0 0.316000 0.576271 0.024000 0.022599
0 0.311000 0.609463 0.026000 0.021186
0 0.545000 0.609463 0.026000 0.021186
0 0.679000 0.609463 0.026000 0.021186
0 0.315000 0.742232 0.026000 0.021186
0 0.545000 0.742232 0.026000 0.024011
0 0.177000 0.776130 0.026000 0.021186
0 0.571000 0.775424 0.026000 0.022599
0 0.473000 0.809322 0.026000 0.022599
0 0.204000 0.841808 0.024000 0.025424
0 0.697000 0.842514 0.026000 0.024011
0 0.150000 0.609463 0.028000 0.021186
