0 0.459000 0.173973 0.038000 0.030137
0 0.275000 0.292466 0.014000 0.015068
0 0.643000 0.292466 0.014000 0.017808
0 0.360000 0.307534 0.016000 0.012329
0 0.582000 0.308219 0.016000 0.013699
0 0.864000 0.309589 0.016000 0.016438
0 0.276000 0.341096 0.016000 0.016438
0 0.349000 0.341096 0.014000 0.013699
0 0.233000 0.408904 0.018000 0.015068
0 0.350000 0.408219 0.016000 0.013699
0 0.419000 0.426712 0.018000 0.015068
0 0.199000 0.445890 0.018000 0.015068
0 0.368000 0.445205 0.020000 0.016438
0 0.276000 0.481507 0.020000 0.015068
0 0.417000 0.482877 0.018000 0.017808
0 0.345000 0.557534 0.018000 0.016438
0 0.208000 0.575342 0.020000 0.016438
0 0.469000 0.576027 0.018000 0.015068
0 0.215000 0.613014 0.018000 0.015068
0 0.233000 0.631507 0.018000 0.016438
0 0.181000 0.650000 0.018000 0.015068
0 0.300000 0.650685 0.020000 0.016438
0 0.149000 0.669178 0.018000 0.015068
0 0.385000 0.668493 0.018000 0.016438
0 0.132000 0.687671 0.016000 0.019178
0 0.301000 0.742466 0.018000 0.016438
0 0.631000 0.427397 0.018000 0.016438
0 0.873000 0.426712 0.018000 0.015068
0 0.596000 0.445205 0.020000 0.013699
0 0.804000 0.464384 0.016000 0.013699
0 0.835000 0.480822 0.018000 0.016438
0 0.770000 0.500000 0.016000 0.016438
0 0.544000 0.611644 0.020000 0.015068
0 0.543000 0.630137 0.018000 0.016438
0 0.729000 0.650000 0.018000 0.015068
0 0.701000 0.667808 0.018000 0.015068
0 0.753000 0.704795 0.018000 0.017808
0 0.562000 0.722603 0.020000 0.017808
0 0.701000 0.741096 0.018000 0.019178
0 0.667000 0.779452 0.018000 0.019178
0 0.613000 0.797945 0.018000 0.017808
0 0.770000 0.797945 0.020000 0.017808
0 0.667000 0.834932 0.018000 0.015068
0 0.561000 0.855479 0.018000 0.020548
