0 0.530000 0.138614 0.028000 0.025460
0 0.342000 0.248232 0.020000 0.021216
0 0.160000 0.275813 0.020000 0.016973
0 0.302000 0.276521 0.020000 0.018388
0 0.759000 0.507779 0.018000 0.016973
0 0.159000 0.535361 0.022000 0.018388
0 0.482000 0.534653 0.020000 0.016973
0 0.583000 0.534653 0.022000 0.016973
0 0.684000 0.535361 0.020000 0.018388
0 0.363000 0.572136 0.022000 0.018388
0 0.483000 0.608204 0.022000 0.016973
0 0.624000 0.608911 0.020000 0.018388
0 0.376000 0.645686 0.020000 0.018388
0 0.770000 0.646393 0.020000 0.016973
0 0.302000 0.710042 0.020000 0.016973
0 0.624000 0.776521 0.020000 0.016973
0 0.201000 0.840170 0.022000 0.016973
0 0.259000 0.927157 0.014000 0.012730
