0 0.338000 0.098164 0.020000 0.015537
0 0.440000 0.098164 0.020000 0.015537
0 0.332000 0.182203 0.020000 0.016949
0 0.474000 0.182203 0.020000 0.016949
0 0.293000 0.225282 0.018000 0.015537
0 0.302000 0.267655 0.020000 0.015537
0 0.564000 0.247175 0.020000 0.016949
0 0.282000 0.310734 0.020000 0.016949
0 0.312000 0.375706 0.020000 0.019774
0 0.222000 0.416667 0.020000 0.016949
0 0.504000 0.439972 0.020000 0.015537
0 0.454000 0.460452 0.020000 0.016949
0 0.161000 0.482345 0.022000 0.015537
0 0.222000 0.523305 0.020000 0.015537
0 0.222000 0.588983 0.020000 0.016949
0 0.676000 0.182203 0.020000 0.016949
0 0.595000 0.331921 0.022000 0.016949
0 0.212000 0.695621 0.020000 0.018362
0 0.585000 0.823446 0.022000 0.016949
