0 0.300000 0.129944 0.020000 0.019774
0 0.239000 0.149011 0.018000 0.018362
0 0.380000 0.149718 0.020000 0.016949
0 0.482000 0.149718 0.020000 0.016949
0 0.664000 0.149718 0.020000 0.016949
0 0.290000 0.168079 0.020000 0.016949
0 0.300000 0.204802 0.020000 0.016949
0 0.622000 0.242232 0.020000 0.018362
0 0.198000 0.260593 0.020000 0.015537
0 0.240000 0.296610 0.020000 0.016949
0 0.643000 0.297316 0.022000 0.018362
0 0.300000 0.427966 0.020000 0.016949
0 0.724000 0.445621 0.020000 0.015537
0 0.522000 0.484463 0.020000 0.016949
0 0.340000 0.538136 0.020000 0.016949
0 0.784000 0.538842 0.020000 0.015537
0 0.381000 0.575565 0.022000 0.018362
0 0.722000 0.612288 0.020000 0.018362
0 0.341000 0.649718 0.022000 0.016949
0 0.522000 0.705508 0.020000 0.018362
0 0.197000 0.725282 0.022000 0.018362
0 0.502000 0.724576 0.020000 0.016949
0 0.421000 0.759887 0.018000 0.016949
0 0.380000 0.871469 0.020000 0.016949
