0 0.573000 0.177966 0.022000 0.019774
0 0.185000 0.213983 0.022000 0.021186
0 0.291000 0.286723 0.022000 0.016949
0 0.503000 0.289548 0.022000 0.019774
0 0.160000 0.437147 0.024000 0.015537
0 0.397000 0.586158 0.022000 0.019774
0 0.362000 0.658192 0.020000 0.016949
0 0.292000 0.733051 0.024000 0.022599
0 0.409000 0.733757 0.022000 0.015537
0 0.575000 0.732345 0.022000 0.021186
0 0.691000 0.731638 0.022000 0.019774
0 0.209000 0.769068 0.022000 0.018362
0 0.161000 0.806497 0.022000 0.019774
0 0.350000 0.807910 0.020000 0.016949
