0 0.662000 0.104520 0.028000 0.025424
0 0.811000 0.103814 0.026000 0.024011
0 0.527000 0.141949 0.026000 0.026836
0 0.245000 0.179379 0.026000 0.025424
0 0.527000 0.179379 0.026000 0.022599
0 0.662000 0.177966 0.024000 0.022599
0 0.593000 0.252119 0.026000 0.024011
0 0.298000 0.289548 0.028000 0.022599
0 0.580000 0.290254 0.024000 0.026836
0 0.326000 0.362994 0.024000 0.025424
0 0.165000 0.438559 0.026000 0.021186
0 0.298000 0.438559 0.024000 0.021186
0 0.810000 0.510593 0.024000 0.026836
0 0.636000 0.586158 0.024000 0.022599
0 0.300000 0.622881 0.028000 0.022599
0 0.219000 0.659605 0.030000 0.022599
0 0.447000 0.660311 0.026000 0.021186
0 0.514000 0.807203 0.028000 0.026836
0 0.702000 0.845339 0.024000 0.024011
