0 0.541000 0.104520 0.026000 0.022599
0 0.281000 0.177260 0.022000 0.021186
0 0.703000 0.178672 0.022000 0.021186
0 0.398000 0.290254 0.024000 0.021186
0 0.611000 0.289548 0.022000 0.019774
0 0.469000 0.141243 0.022000 0.019774
0 0.375000 0.326977 0.022000 0.018362
0 0.611000 0.326271 0.026000 0.019774
0 0.727000 0.325565 0.022000 0.018362
0 0.233000 0.437147 0.022000 0.018362
0 0.680000 0.436441 0.024000 0.016949
0 0.539000 0.474576 0.026000 0.016949
0 0.351000 0.511299 0.022000 0.019774
0 0.492000 0.512006 0.024000 0.021186
0 0.822000 0.512006 0.024000 0.024011
0 0.516000 0.548729 0.024000 0.018362
0 0.375000 0.586158 0.022000 0.019774
0 0.374000 0.660311 0.024000 0.018362
0 0.822000 0.660311 0.024000 0.018362
0 0.517000 0.771186 0.022000 0.022599
