0 0.371000 0.096751 0.018000 0.018362
0 0.460000 0.096751 0.020000 0.018362
0 0.476000 0.117938 0.020000 0.018362
0 0.424000 0.158898 0.020000 0.018362
0 0.689000 0.160311 0.018000 0.015537
0 0.317000 0.180791 0.018000 0.016949
0 0.157000 0.201977 0.022000 0.016949
0 0.424000 0.202684 0.020000 0.018362
0 0.265000 0.223870 0.018000 0.018362
0 0.459000 0.288842 0.018000 0.018362
0 0.459000 0.308616 0.018000 0.015537
0 0.495000 0.352401 0.018000 0.015537
0 0.670000 0.350282 0.020000 0.022599
0 0.688000 0.372175 0.020000 0.018362
0 0.470000 0.393362 0.020000 0.018362
0 0.300000 0.437147 0.020000 0.015537
0 0.265000 0.519774 0.018000 0.016949
0 0.759000 0.521186 0.018000 0.019774
0 0.423000 0.565678 0.022000 0.021186
0 0.300000 0.584746 0.020000 0.016949
0 0.547000 0.585452 0.018000 0.018362
0 0.583000 0.607345 0.018000 0.016949
0 0.325000 0.756356 0.018000 0.018362
0 0.429000 0.777542 0.022000 0.015537
0 0.465000 0.800141 0.018000 0.018362
0 0.378000 0.819209 0.020000 0.016949
0 0.359000 0.842514 0.018000 0.018362
0 0.395000 0.863701 0.018000 0.018362
