0 0.155000 0.101080 0.030000 0.023148
0 0.410000 0.102623 0.024000 0.023148
0 0.684000 0.103395 0.024000 0.027778
0 0.455000 0.135031 0.022000 0.023148
0 0.707000 0.135031 0.022000 0.026235
0 0.456000 0.171296 0.024000 0.024691
0 0.731000 0.172068 0.026000 0.023148
0 0.615000 0.203704 0.026000 0.027778
0 0.731000 0.204475 0.022000 0.023148
0 0.321000 0.284722 0.022000 0.029321
0 0.573000 0.286265 0.022000 0.023148
0 0.275000 0.334877 0.022000 0.024691
0 0.570000 0.368056 0.024000 0.026235
0 0.706000 0.366512 0.024000 0.026235
0 0.295000 0.403549 0.022000 0.023148
0 0.364000 0.403549 0.024000 0.023148
0 0.798000 0.435957 0.024000 0.023148
0 0.387000 0.469907 0.022000 0.026235
0 0.456000 0.503858 0.024000 0.026235
0 0.685000 0.505401 0.022000 0.026235
0 0.798000 0.505401 0.024000 0.023148
0 0.477000 0.574074 0.022000 0.027778
0 0.823000 0.608796 0.026000 0.023148
0 0.571000 0.644290 0.026000 0.029321
0 0.824000 0.643519 0.028000 0.024691
0 0.455000 0.676698 0.022000 0.029321
0 0.345000 0.759259 0.022000 0.027778
0 0.711000 0.760031 0.022000 0.026235
0 0.297000 0.839506 0.022000 0.021605
0 0.550000 0.840278 0.024000 0.026235
0 0.181000 0.877315 0.022000 0.029321
