0 0.343000 0.129944 0.018000 0.016949
0 0.261000 0.149011 0.018000 0.015537
0 0.565000 0.168079 0.018000 0.016949
0 0.282000 0.186441 0.020000 0.016949
0 0.373000 0.297316 0.018000 0.018362
0 0.261000 0.335452 0.018000 0.015537
0 0.666000 0.372175 0.020000 0.018362
0 0.342000 0.408898 0.020000 0.018362
0 0.302000 0.427260 0.020000 0.015537
0 0.342000 0.446328 0.020000 0.016949
0 0.221000 0.464689 0.018000 0.016949
0 0.746000 0.463983 0.020000 0.018362
0 0.686000 0.482345 0.020000 0.015537
0 0.382000 0.501412 0.020000 0.016949
0 0.383000 0.519774 0.022000 0.016949
0 0.666000 0.537429 0.020000 0.015537
0 0.402000 0.556497 0.020000 0.016949
0 0.828000 0.555791 0.020000 0.018362
0 0.686000 0.574859 0.020000 0.016949
0 0.686000 0.593220 0.020000 0.016949
0 0.746000 0.593220 0.020000 0.016949
0 0.786000 0.629944 0.020000 0.016949
0 0.221000 0.649718 0.022000 0.016949
0 0.666000 0.667373 0.020000 0.015537
0 0.524000 0.685734 0.020000 0.015537
0 0.302000 0.704096 0.020000 0.015537
0 0.625000 0.704096 0.022000 0.015537
0 0.363000 0.722458 0.022000 0.015537
0 0.221000 0.741525 0.022000 0.016949
0 0.827000 0.740819 0.022000 0.015537
0 0.161000 0.778955 0.022000 0.015537
0 0.524000 0.778955 0.020000 0.015537
0 0.363000 0.834746 0.022000 0.016949
0 0.343000 0.870763 0.022000 0.015537
0 0.403000 0.889124 0.022000 0.015537
0 0.786000 0.241525 0.020000 0.016949
