0 0.265000 0.096888 0.022000 0.018388
0 0.349000 0.135078 0.022000 0.015559
0 0.245000 0.175389 0.022000 0.016973
0 0.503000 0.214286 0.022000 0.018388
0 0.705000 0.215700 0.022000 0.018388
0 0.259000 0.234795 0.022000 0.019802
0 0.341000 0.275106 0.022000 0.018388
0 0.543000 0.274399 0.022000 0.019802
0 0.765000 0.275106 0.018000 0.018388
0 0.345000 0.333098 0.022000 0.018388
0 0.244000 0.393918 0.020000 0.018388
0 0.410000 0.413720 0.024000 0.018388
0 0.489000 0.413720 0.022000 0.015559
0 0.750000 0.413720 0.020000 0.018388
0 0.226000 0.452617 0.020000 0.019802
0 0.328000 0.472419 0.020000 0.016973
0 0.590000 0.472419 0.020000 0.016973
0 0.623000 0.531825 0.022000 0.019802
0 0.765000 0.533239 0.022000 0.016973
0 0.642000 0.631542 0.020000 0.018388
0 0.482000 0.669731 0.020000 0.018388
