0 0.556000 0.125000 0.040000 0.026836
0 0.433000 0.201977 0.026000 0.019774
0 0.594000 0.240113 0.024000 0.025424
0 0.433000 0.274011 0.026000 0.022599
0 0.244000 0.307203 0.024000 0.024011
0 0.163000 0.345339 0.026000 0.024011
0 0.433000 0.346045 0.026000 0.019774
0 0.284000 0.381356 0.028000 0.025424
0 0.246000 0.415254 0.024000 0.022599
0 0.514000 0.451977 0.024000 0.022599
0 0.300000 0.487994 0.028000 0.021186
0 0.595000 0.487288 0.026000 0.022599
0 0.406000 0.558616 0.028000 0.021186
0 0.540000 0.558616 0.024000 0.024011
0 0.286000 0.594633 0.028000 0.019774
0 0.528000 0.593927 0.028000 0.018362
0 0.569000 0.629944 0.026000 0.022599
0 0.405000 0.667373 0.026000 0.024011
0 0.703000 0.665960 0.026000 0.021186
0 0.595000 0.699859 0.026000 0.021186
0 0.326000 0.735169 0.024000 0.021186
0 0.447000 0.771893 0.026000 0.021186
0 0.432000 0.877825 0.024000 0.024011
