0 0.487000 0.363701 0.022000 0.018362
0 0.513000 0.465395 0.022000 0.018362
0 0.251000 0.465395 0.018000 0.015537
0 0.413000 0.465395 0.018000 0.015537
0 0.474000 0.465395 0.020000 0.015537
0 0.293000 0.502119 0.018000 0.015537
0 0.322000 0.520480 0.020000 0.015537
0 0.818000 0.502119 0.020000 0.015537
0 0.756000 0.539548 0.020000 0.016949
0 0.677000 0.557203 0.018000 0.015537
0 0.778000 0.557203 0.020000 0.015537
0 0.322000 0.576271 0.020000 0.014124
0 0.624000 0.576271 0.020000 0.014124
0 0.544000 0.595339 0.020000 0.015537
0 0.403000 0.612994 0.022000 0.016949
0 0.544000 0.613701 0.020000 0.015537
0 0.334000 0.632062 0.020000 0.015537
0 0.778000 0.632062 0.020000 0.015537
0 0.254000 0.668785 0.020000 0.015537
0 0.241000 0.706215 0.018000 0.014124
0 0.665000 0.706215 0.018000 0.014124
0 0.557000 0.780367 0.018000 0.015537
0 0.318000 0.855226 0.020000 0.015537
0 0.379000 0.854520 0.018000 0.014124
0 0.799000 0.854520 0.018000 0.016949
0 0.737000 0.853814 0.018000 0.015537
