0 0.248000 0.024109 0.024000 0.031447
0 0.118000 0.107966 0.024000 0.027254
0 0.533000 0.138365 0.022000 0.029350
0 0.282000 0.259958 0.024000 0.025157
0 0.692000 0.280922 0.024000 0.025157
0 0.545000 0.300839 0.022000 0.023061
0 0.587000 0.321803 0.022000 0.023061
0 0.144000 0.346960 0.024000 0.023061
0 0.145000 0.388889 0.022000 0.023061
0 0.092000 0.414046 0.020000 0.031447
0 0.482000 0.519916 0.020000 0.025157
0 0.713000 0.611111 0.022000 0.027254
0 0.608000 0.723270 0.024000 0.025157
0 0.281000 0.875262 0.022000 0.023061
0 0.250000 0.899371 0.024000 0.025157
0 0.282000 0.922432 0.024000 0.025157
0 0.271000 0.944444 0.022000 0.031447
