0 0.271000 0.105226 0.018000 0.015537
0 0.365000 0.150424 0.018000 0.015537
0 0.630000 0.323446 0.020000 0.016949
0 0.267000 0.411017 0.018000 0.016949
0 0.422000 0.456215 0.020000 0.016949
0 0.539000 0.500000 0.018000 0.016949
0 0.370000 0.526130 0.020000 0.015537
0 0.633000 0.572034 0.018000 0.019774
0 0.766000 0.572740 0.020000 0.018362
0 0.387000 0.615113 0.018000 0.015537
0 0.653000 0.615819 0.018000 0.016949
0 0.229000 0.643362 0.018000 0.018362
0 0.234000 0.687147 0.016000 0.015537
0 0.534000 0.730932 0.020000 0.015537
0 0.628000 0.730932 0.020000 0.015537
0 0.228000 0.759181 0.020000 0.015537
0 0.531000 0.757768 0.018000 0.015537
0 0.343000 0.787429 0.018000 0.015537
0 0.531000 0.786017 0.018000 0.015537
0 0.495000 0.858051 0.018000 0.015537
