0 0.113316 0.471655 0.019206 0.045351
0 0.113316 0.581633 0.019206 0.043084
0 0.113956 0.685941 0.017926 0.043084
0 0.322023 0.469388 0.024328 0.045351
0 0.320743 0.581633 0.024328 0.047619
0 0.321383 0.688209 0.023047 0.043084
0 0.279770 0.835601 0.024328 0.043084
0 0.131242 0.941043 0.021767 0.049887
0 0.222791 0.031746 0.017926 0.049887
0 0.508963 0.035147 0.019206 0.043084
0 0.581946 0.091837 0.019206 0.043084
0 0.804097 0.087302 0.017926 0.043084
0 0.038412 0.148526 0.017926 0.038549
0 0.464789 0.145125 0.020487 0.040816
0 0.521767 0.147392 0.019206 0.049887
0 0.579385 0.142857 0.016645 0.036281
0 0.801536 0.145125 0.020487 0.040816
0 0.857875 0.145125 0.017926 0.049887
0 0.914213 0.145125 0.020487 0.045351
