0 0.180000 0.523305 0.020000 0.015537
0 0.260000 0.522599 0.020000 0.016949
0 0.340000 0.523305 0.020000 0.015537
0 0.420000 0.523305 0.020000 0.015537
0 0.371000 0.581921 0.018000 0.016949
0 0.421000 0.600989 0.018000 0.015537
0 0.266000 0.619350 0.020000 0.015537
0 0.403000 0.618644 0.018000 0.014124
0 0.215000 0.639124 0.018000 0.015537
0 0.407000 0.638418 0.018000 0.014124
0 0.446000 0.676554 0.020000 0.016949
0 0.145000 0.712571 0.018000 0.015537
0 0.278000 0.713277 0.020000 0.014124
0 0.423000 0.713277 0.018000 0.014124
0 0.369000 0.769068 0.018000 0.015537
