0 0.690500 0.091422 0.023000 0.060948
0 0.715000 0.090293 0.024000 0.058691
0 0.508500 0.153499 0.023000 0.058691
0 0.678500 0.158014 0.023000 0.067720
0 0.140000 0.409707 0.022000 0.056433
0 0.261000 0.406321 0.022000 0.058691
0 0.285000 0.407449 0.022000 0.056433
0 0.528500 0.410835 0.023000 0.063205
0 0.818000 0.409707 0.024000 0.060948
0 0.201000 0.663657 0.022000 0.063205
0 0.322500 0.667043 0.023000 0.074492
0 0.346000 0.664786 0.026000 0.060948
0 0.588500 0.667043 0.021000 0.065463
0 0.611500 0.667043 0.025000 0.065463
0 0.401000 0.925508 0.022000 0.054176
