0 0.447000 0.057203 0.014000 0.015537
0 0.727000 0.102401 0.022000 0.021186
0 0.493000 0.139831 0.026000 0.019774
0 0.610000 0.138418 0.024000 0.019774
0 0.820000 0.139124 0.024000 0.021186
0 0.576000 0.215395 0.024000 0.021186
0 0.788000 0.214689 0.024000 0.019774
0 0.279000 0.251412 0.022000 0.019774
0 0.328000 0.288842 0.024000 0.021186
0 0.280000 0.324859 0.024000 0.019774
0 0.679000 0.325565 0.026000 0.021186
0 0.397000 0.547316 0.026000 0.021186
0 0.445000 0.584746 0.022000 0.019774
0 0.679000 0.585452 0.022000 0.021186
0 0.256000 0.622175 0.024000 0.021186
0 0.209000 0.657486 0.022000 0.018362
0 0.492000 0.695621 0.024000 0.021186
0 0.822000 0.695621 0.028000 0.018362
0 0.421000 0.732345 0.026000 0.018362
0 0.609000 0.732345 0.026000 0.018362
0 0.797000 0.733051 0.026000 0.019774
0 0.632000 0.806497 0.024000 0.019774
0 0.278000 0.842514 0.024000 0.018362
0 0.516000 0.843927 0.024000 0.021186
0 0.256000 0.882062 0.024000 0.021186
