0 0.243000 0.098870 0.018000 0.014124
0 0.658000 0.098164 0.016000 0.015537
0 0.390000 0.266949 0.020000 0.014124
0 0.468000 0.295198 0.016000 0.016949
0 0.609000 0.322034 0.018000 0.014124
0 0.389000 0.692090 0.018000 0.014124
0 0.725000 0.692090 0.018000 0.014124
0 0.177000 0.762006 0.018000 0.015537
0 0.583000 0.824859 0.018000 0.014124
0 0.331000 0.099576 0.018000 0.012712
0 0.750000 0.322034 0.020000 0.016949
0 0.265000 0.727401 0.018000 0.016949
0 0.230000 0.796610 0.020000 0.014124
0 0.335000 0.823446 0.018000 0.014124
