0 0.394000 0.078721 0.056000 0.039360
0 0.478000 0.214022 0.020000 0.014760
0 0.703000 0.327798 0.014000 0.011070
0 0.472000 0.345633 0.016000 0.009840
0 0.269000 0.362239 0.014000 0.011070
0 0.401000 0.380689 0.014000 0.011070
0 0.351000 0.397909 0.014000 0.011070
0 0.371000 0.415129 0.014000 0.011070
0 0.629000 0.415744 0.014000 0.012300
0 0.430000 0.432349 0.012000 0.011070
0 0.253000 0.451415 0.018000 0.012300
0 0.459000 0.451415 0.014000 0.012300
0 0.533000 0.450800 0.014000 0.011070
0 0.423000 0.468635 0.014000 0.009840
0 0.452000 0.987700 0.016000 0.012300
0 0.357000 0.450800 0.014000 0.011070
