0 0.469000 0.141243 0.022000 0.016949
0 0.718000 0.215395 0.024000 0.018362
0 0.279000 0.252119 0.022000 0.018362
0 0.267000 0.289548 0.022000 0.016949
0 0.420000 0.326271 0.024000 0.016949
0 0.561000 0.326977 0.022000 0.018362
0 0.485000 0.364407 0.022000 0.016949
0 0.391000 0.400424 0.022000 0.018362
0 0.342000 0.586158 0.024000 0.019774
0 0.647000 0.585452 0.022000 0.018362
0 0.273000 0.660311 0.022000 0.021186
0 0.509000 0.697034 0.022000 0.018362
0 0.365000 0.733757 0.022000 0.018362
0 0.341000 0.807910 0.022000 0.016949
0 0.185000 0.844633 0.022000 0.016949
0 0.538000 0.844633 0.024000 0.016949
0 0.365000 0.882062 0.022000 0.018362
0 0.482000 0.882062 0.024000 0.018362
