0 0.258000 0.139124 0.028000 0.021186
0 0.280000 0.177260 0.024000 0.021186
0 0.256000 0.290254 0.024000 0.024011
0 0.728000 0.362288 0.024000 0.024011
0 0.652000 0.399718 0.024000 0.022599
0 0.161000 0.473164 0.026000 0.022599
0 0.350000 0.549435 0.024000 0.025424
0 0.233000 0.585452 0.026000 0.024011
0 0.398000 0.620763 0.024000 0.021186
0 0.515000 0.622175 0.026000 0.021186
0 0.727000 0.658898 0.026000 0.024011
0 0.586000 0.693503 0.024000 0.028249
0 0.398000 0.732345 0.024000 0.024011
0 0.186000 0.769774 0.024000 0.022599
0 0.350000 0.769774 0.024000 0.019774
0 0.538000 0.807203 0.024000 0.021186
0 0.656000 0.807910 0.024000 0.019774
0 0.305000 0.844633 0.026000 0.022599
0 0.209000 0.881356 0.026000 0.022599
0 0.586000 0.879944 0.024000 0.022599
0 0.429000 0.057203 0.018000 0.012712
0 0.458000 0.057910 0.016000 0.011299
0 0.586000 0.057203 0.016000 0.012712
0 0.617000 0.057203 0.014000 0.012712
