0 0.273000 0.103814 0.022000 0.018362
0 0.453000 0.104520 0.022000 0.019774
0 0.633000 0.104520 0.022000 0.019774
0 0.705000 0.103814 0.022000 0.018362
0 0.497000 0.140537 0.022000 0.018362
0 0.786000 0.326271 0.024000 0.019774
0 0.479000 0.437147 0.022000 0.018362
0 0.738000 0.475282 0.024000 0.018362
0 0.203000 0.659605 0.022000 0.016949
0 0.461000 0.660311 0.022000 0.018362
0 0.367000 0.771186 0.022000 0.016949
0 0.203000 0.771186 0.022000 0.019774
0 0.485000 0.770480 0.022000 0.018362
0 0.320000 0.835452 0.020000 0.015537
0 0.462000 0.854520 0.020000 0.014124
0 0.684000 0.853814 0.020000 0.015537
0 0.362000 0.891243 0.020000 0.016949
0 0.462000 0.890537 0.020000 0.015537
0 0.564000 0.891243 0.020000 0.016949
0 0.309000 0.698446 0.018000 0.015537
0 0.292000 0.735169 0.016000 0.012712
