0 0.242000 0.093927 0.020000 0.021186
0 0.473000 0.269068 0.026000 0.026836
0 0.552000 0.270480 0.024000 0.021186
0 0.626000 0.297316 0.020000 0.018362
0 0.260000 0.317090 0.020000 0.018362
0 0.159000 0.335452 0.022000 0.018362
0 0.321000 0.335452 0.022000 0.018362
0 0.704000 0.335452 0.020000 0.015537
0 0.342000 0.354520 0.020000 0.016949
0 0.746000 0.354520 0.020000 0.016949
0 0.786000 0.373588 0.020000 0.021186
0 0.827000 0.372881 0.022000 0.019774
0 0.302000 0.409605 0.020000 0.019774
0 0.564000 0.408898 0.020000 0.018362
0 0.704000 0.408898 0.024000 0.021186
0 0.544000 0.428672 0.020000 0.018362
0 0.544000 0.446328 0.020000 0.019774
0 0.786000 0.463983 0.020000 0.018362
0 0.221000 0.502119 0.022000 0.018362
0 0.363000 0.502119 0.022000 0.021186
0 0.824000 0.500706 0.020000 0.018362
0 0.768000 0.520480 0.020000 0.015537
0 0.201000 0.538842 0.022000 0.018362
0 0.382000 0.540960 0.020000 0.019774
0 0.533000 0.539548 0.022000 0.016949
0 0.754000 0.538842 0.020000 0.018362
0 0.694000 0.557203 0.020000 0.018362
0 0.432000 0.824859 0.024000 0.022599
0 0.422000 0.853107 0.020000 0.019774
0 0.705000 0.853107 0.022000 0.019774
0 0.524000 0.872175 0.020000 0.018362
0 0.180000 0.890537 0.020000 0.018362
0 0.482000 0.891243 0.020000 0.019774
0 0.767000 0.891949 0.022000 0.021186
0 0.291000 0.116525 0.018000 0.015537
0 0.292000 0.235169 0.020000 0.015537
