0 0.279000 0.104520 0.022000 0.019774
0 0.480000 0.105226 0.024000 0.021186
0 0.375000 0.178672 0.022000 0.018362
0 0.551000 0.252825 0.022000 0.019774
0 0.538000 0.325565 0.024000 0.018362
0 0.256000 0.364407 0.024000 0.019774
0 0.632000 0.400424 0.024000 0.018362
0 0.772000 0.437147 0.024000 0.018362
0 0.491000 0.549435 0.022000 0.019774
0 0.420000 0.585452 0.024000 0.018362
0 0.679000 0.622881 0.026000 0.019774
0 0.561000 0.658898 0.022000 0.018362
0 0.761000 0.659605 0.022000 0.016949
0 0.255000 0.696328 0.022000 0.019774
0 0.702000 0.696328 0.024000 0.016949
0 0.671000 0.734463 0.022000 0.019774
0 0.185000 0.845339 0.022000 0.018362
0 0.714000 0.882062 0.024000 0.018362
0 0.833000 0.882768 0.026000 0.019774
