0 0.456000 0.095339 0.016000 0.012712
0 0.275000 0.171610 0.018000 0.015537
0 0.275000 0.192797 0.018000 0.012712
0 0.416000 0.215395 0.016000 0.015537
0 0.257000 0.235876 0.018000 0.014124
0 0.381000 0.236582 0.018000 0.012712
0 0.539000 0.235169 0.018000 0.015537
0 0.275000 0.257062 0.018000 0.014124
0 0.593000 0.257768 0.018000 0.015537
0 0.275000 0.278249 0.018000 0.014124
0 0.557000 0.300847 0.018000 0.016949
0 0.345000 0.321328 0.018000 0.015537
0 0.309000 0.342514 0.018000 0.015537
0 0.469000 0.342514 0.018000 0.015537
0 0.354000 0.362994 0.016000 0.014124
0 0.425000 0.384887 0.018000 0.015537
0 0.425000 0.406780 0.018000 0.014124
0 0.319000 0.427260 0.018000 0.015537
0 0.479000 0.427260 0.018000 0.015537
0 0.319000 0.449153 0.018000 0.014124
0 0.495000 0.448446 0.018000 0.015537
0 0.319000 0.469633 0.018000 0.015537
0 0.318000 0.490819 0.016000 0.015537
0 0.443000 0.490819 0.018000 0.012712
0 0.319000 0.512712 0.018000 0.014124
0 0.513000 0.513418 0.018000 0.015537
0 0.319000 0.533898 0.018000 0.016949
0 0.283000 0.555085 0.018000 0.014124
0 0.407000 0.555791 0.018000 0.015537
0 0.284000 0.576271 0.016000 0.014124
0 0.283000 0.596751 0.018000 0.015537
0 0.389000 0.597458 0.018000 0.014124
0 0.495000 0.597458 0.018000 0.014124
0 0.301000 0.618644 0.018000 0.014124
0 0.433000 0.619350 0.018000 0.015537
0 0.565000 0.618644 0.018000 0.014124
0 0.283000 0.640537 0.018000 0.015537
0 0.407000 0.639124 0.018000 0.015537
0 0.531000 0.639831 0.018000 0.014124
0 0.655000 0.640537 0.018000 0.015537
0 0.495000 0.660311 0.018000 0.015537
0 0.355000 0.725282 0.018000 0.015537
0 0.160000 0.703390 0.020000 0.014124
0 0.567000 0.747175 0.018000 0.014124
0 0.601000 0.768362 0.018000 0.014124
0 0.549000 0.789548 0.018000 0.014124
0 0.407000 0.810734 0.018000 0.014124
0 0.319000 0.832627 0.018000 0.015537
0 0.478000 0.832627 0.020000 0.015537
0 0.371000 0.853107 0.018000 0.016949
0 0.283000 0.873588 0.018000 0.015537
0 0.407000 0.874294 0.018000 0.014124
0 0.319000 0.895480 0.018000 0.014124
