0 0.744000 0.068035 0.028000 0.041037
0 0.178000 0.223542 0.032000 0.036717
0 0.126000 0.267819 0.028000 0.038877
0 0.155000 0.267819 0.030000 0.038877
0 0.493000 0.265659 0.030000 0.034557
0 0.267000 0.308855 0.030000 0.038877
0 0.533000 0.306695 0.030000 0.034557
0 0.095000 0.349892 0.030000 0.034557
0 0.484000 0.350972 0.028000 0.036717
0 0.516000 0.352052 0.028000 0.038877
0 0.073000 0.394168 0.030000 0.036717
0 0.433000 0.393089 0.026000 0.034557
0 0.464000 0.394168 0.028000 0.032397
0 0.211000 0.610151 0.030000 0.036717
0 0.030000 0.654428 0.032000 0.034557
0 0.600000 0.652268 0.032000 0.034557
0 0.253000 0.696544 0.030000 0.041037
0 0.282000 0.694384 0.032000 0.036717
0 0.642000 0.695464 0.028000 0.034557
0 0.629000 0.836933 0.026000 0.036717
0 0.145000 0.879050 0.030000 0.034557
0 0.503000 0.880130 0.030000 0.036717
0 0.301000 0.921166 0.030000 0.036717
0 0.330000 0.922246 0.032000 0.038877
0 0.687000 0.921166 0.030000 0.041037
0 0.469000 0.963283 0.026000 0.034557
0 0.499000 0.967603 0.030000 0.038877
