0 0.177000 0.094633 0.018000 0.019774
0 0.459000 0.094633 0.018000 0.016949
0 0.636000 0.095339 0.020000 0.018362
0 0.741000 0.095339 0.018000 0.018362
0 0.195000 0.116525 0.018000 0.015537
0 0.371000 0.116525 0.018000 0.018362
0 0.460000 0.115819 0.020000 0.016949
0 0.741000 0.116525 0.018000 0.015537
0 0.830000 0.115819 0.020000 0.016949
0 0.195000 0.137006 0.018000 0.016949
0 0.689000 0.180085 0.018000 0.015537
0 0.513000 0.201977 0.018000 0.014124
0 0.230000 0.223164 0.020000 0.016949
0 0.459000 0.223870 0.018000 0.018362
0 0.707000 0.246469 0.018000 0.018362
0 0.301000 0.266949 0.018000 0.016949
0 0.707000 0.329802 0.018000 0.015537
0 0.177000 0.371469 0.018000 0.014124
0 0.354000 0.372175 0.020000 0.018362
0 0.583000 0.414548 0.018000 0.018362
0 0.297000 0.500000 0.018000 0.016949
0 0.477000 0.776836 0.018000 0.016949
