0 0.173000 0.235169 0.022000 0.015537
0 0.254000 0.235169 0.020000 0.015537
0 0.280000 0.286723 0.020000 0.014124
0 0.354000 0.286723 0.020000 0.016949
0 0.280000 0.312147 0.020000 0.014124
0 0.354000 0.311441 0.020000 0.015537
0 0.280000 0.337571 0.020000 0.016949
0 0.270000 0.407486 0.016000 0.012712
0 0.270000 0.425847 0.016000 0.012712
0 0.271000 0.444915 0.018000 0.014124
0 0.271000 0.463277 0.018000 0.014124
0 0.394000 0.487994 0.020000 0.015537
0 0.234000 0.514124 0.020000 0.016949
0 0.304000 0.653955 0.020000 0.014124
0 0.270000 0.716808 0.016000 0.012712
0 0.172000 0.698446 0.020000 0.015537
0 0.172000 0.742232 0.020000 0.015537
0 0.254000 0.742232 0.020000 0.015537
0 0.261000 0.768362 0.018000 0.014124
0 0.335000 0.768362 0.018000 0.014124
0 0.409000 0.767655 0.018000 0.015537
0 0.280000 0.793785 0.020000 0.014124
0 0.354000 0.793785 0.020000 0.016949
0 0.447000 0.793785 0.018000 0.016949
0 0.271000 0.819209 0.018000 0.014124
0 0.419000 0.819209 0.018000 0.014124
0 0.304000 0.862994 0.016000 0.014124
0 0.270000 0.882062 0.016000 0.012712
0 0.338000 0.444915 0.016000 0.014124
