0 0.469000 0.096888 0.018000 0.015559
0 0.734000 0.096888 0.020000 0.015559
0 0.213000 0.115983 0.018000 0.014144
0 0.741000 0.237624 0.018000 0.014144
0 0.195000 0.257426 0.018000 0.014144
0 0.671000 0.258840 0.018000 0.014144
0 0.786000 0.398161 0.016000 0.015559
0 0.265000 0.485856 0.018000 0.015559
0 0.363000 0.585573 0.018000 0.014144
0 0.381000 0.611740 0.018000 0.015559
0 0.451000 0.666195 0.018000 0.014144
0 0.257000 0.693069 0.018000 0.014144
0 0.786000 0.693069 0.016000 0.014144
0 0.539000 0.719943 0.018000 0.014144
