0 0.786000 0.117397 0.020000 0.016973
0 0.282000 0.177511 0.020000 0.018388
0 0.655000 0.176803 0.022000 0.016973
0 0.837000 0.176803 0.022000 0.016973
0 0.716000 0.217822 0.020000 0.016973
0 0.504000 0.237624 0.020000 0.016973
0 0.464000 0.258133 0.020000 0.018388
0 0.322000 0.277935 0.020000 0.015559
0 0.484000 0.277935 0.020000 0.015559
0 0.605000 0.277935 0.022000 0.018388
0 0.772000 0.297737 0.020000 0.018388
0 0.504000 0.318246 0.020000 0.016973
0 0.383000 0.338755 0.018000 0.015559
0 0.736000 0.359264 0.020000 0.016973
0 0.222000 0.459689 0.020000 0.016973
0 0.424000 0.460396 0.020000 0.018388
0 0.656000 0.500000 0.020000 0.018388
0 0.404000 0.519802 0.020000 0.015559
0 0.524000 0.520509 0.020000 0.016973
0 0.544000 0.540311 0.020000 0.016973
0 0.716000 0.560820 0.020000 0.018388
0 0.838000 0.560820 0.020000 0.018388
0 0.746000 0.600424 0.020000 0.015559
0 0.585000 0.621641 0.018000 0.018388
0 0.222000 0.642150 0.020000 0.016973
0 0.464000 0.661245 0.020000 0.015559
0 0.776000 0.661952 0.020000 0.016973
0 0.222000 0.763791 0.020000 0.016973
0 0.323000 0.763083 0.018000 0.015559
0 0.282000 0.782885 0.020000 0.018388
0 0.424000 0.783593 0.020000 0.016973
0 0.544000 0.802687 0.020000 0.018388
