0 0.573000 0.104668 0.034000 0.033946
0 0.685000 0.261669 0.022000 0.019802
0 0.786000 0.260962 0.020000 0.018388
0 0.383000 0.280764 0.022000 0.018388
0 0.483000 0.280057 0.018000 0.016973
0 0.202000 0.299859 0.020000 0.016973
0 0.302000 0.299151 0.020000 0.015559
0 0.212000 0.318953 0.020000 0.015559
0 0.449000 0.374116 0.022000 0.018388
0 0.389000 0.486563 0.022000 0.016973
0 0.449000 0.485856 0.022000 0.021216
0 0.252000 0.523338 0.020000 0.016973
0 0.429000 0.579208 0.018000 0.018388
0 0.751000 0.579915 0.022000 0.016973
0 0.161000 0.598303 0.022000 0.019802
0 0.368000 0.617397 0.020000 0.018388
0 0.470000 0.618812 0.020000 0.018388
0 0.575000 0.655587 0.022000 0.018388
0 0.670000 0.673975 0.020000 0.018388
0 0.468000 0.712871 0.020000 0.016973
0 0.324000 0.731259 0.020000 0.016973
0 0.423000 0.730552 0.018000 0.015559
0 0.181000 0.768034 0.018000 0.016973
0 0.524000 0.768034 0.020000 0.016973
0 0.626000 0.767327 0.020000 0.018388
