0 0.546000 0.170201 0.032000 0.022269
0 0.421000 0.302757 0.034000 0.024390
0 0.706000 0.303287 0.032000 0.021209
0 0.528000 0.436903 0.036000 0.021209
0 0.385000 0.550901 0.034000 0.022269
0 0.566000 0.550901 0.032000 0.022269
0 0.743000 0.550371 0.034000 0.021209
0 0.475000 0.636267 0.034000 0.023330
0 0.617000 0.638388 0.034000 0.023330
0 0.581000 0.661188 0.034000 0.022269
0 0.688000 0.746023 0.032000 0.026511
0 0.401000 0.858431 0.034000 0.022269
0 0.224000 0.940615 0.032000 0.021209
0 0.581000 0.941676 0.034000 0.021209
