0 0.216000 0.058616 0.020000 0.018362
0 0.564000 0.077684 0.020000 0.019774
0 0.447000 0.112994 0.022000 0.016949
0 0.562000 0.112288 0.020000 0.018362
0 0.123000 0.151130 0.022000 0.016949
0 0.668000 0.149011 0.020000 0.021186
0 0.648000 0.182910 0.020000 0.018362
0 0.310000 0.252119 0.020000 0.018362
0 0.488000 0.282486 0.020000 0.022599
0 0.658000 0.282486 0.020000 0.022599
0 0.867000 0.282486 0.022000 0.019774
0 0.573000 0.312147 0.018000 0.016949
0 0.376000 0.343927 0.020000 0.018362
0 0.696000 0.343927 0.020000 0.018362
0 0.375000 0.374294 0.022000 0.019774
0 0.752000 0.374294 0.024000 0.019774
0 0.244000 0.405367 0.020000 0.016949
0 0.545000 0.406073 0.018000 0.021186
0 0.215000 0.475282 0.018000 0.018362
0 0.498000 0.475989 0.020000 0.019774
0 0.347000 0.543785 0.022000 0.019774
0 0.160000 0.613701 0.020000 0.024011
0 0.498000 0.611582 0.020000 0.022599
0 0.630000 0.611582 0.020000 0.022599
0 0.724000 0.612994 0.020000 0.019774
0 0.564000 0.642655 0.020000 0.019774
0 0.224000 0.673729 0.020000 0.019774
0 0.395000 0.674435 0.022000 0.021186
0 0.182000 0.713277 0.020000 0.016949
0 0.393000 0.774011 0.018000 0.016949
0 0.743000 0.475282 0.018000 0.015537
