0 0.356000 0.196328 0.020000 0.022599
0 0.791000 0.270480 0.022000 0.021186
0 0.745000 0.307910 0.022000 0.022599
0 0.203000 0.343927 0.022000 0.021186
0 0.568000 0.382062 0.024000 0.021186
0 0.709000 0.381356 0.022000 0.019774
0 0.815000 0.419492 0.022000 0.022599
0 0.762000 0.491525 0.020000 0.022599
0 0.297000 0.566384 0.022000 0.019774
0 0.310000 0.640537 0.024000 0.018362
0 0.804000 0.641243 0.020000 0.019774
0 0.416000 0.677966 0.024000 0.016949
0 0.203000 0.714689 0.022000 0.019774
0 0.321000 0.752119 0.022000 0.021186
0 0.851000 0.862994 0.022000 0.019774
0 0.416000 0.900424 0.020000 0.018362
