0 0.541000 0.098164 0.030000 0.024011
0 0.222000 0.341808 0.020000 0.016949
0 0.504000 0.364407 0.020000 0.019774
0 0.342000 0.384887 0.020000 0.015537
0 0.302000 0.448446 0.020000 0.018362
0 0.404000 0.490113 0.020000 0.016949
0 0.605000 0.640537 0.022000 0.015537
0 0.756000 0.640537 0.020000 0.015537
0 0.443000 0.661017 0.018000 0.019774
0 0.787000 0.662429 0.022000 0.016949
0 0.282000 0.682910 0.020000 0.015537
0 0.182000 0.704802 0.020000 0.019774
0 0.403000 0.746469 0.022000 0.018362
0 0.383000 0.830508 0.022000 0.019774
0 0.696000 0.875000 0.020000 0.018362
