0 0.388000 0.117938 0.036000 0.029661
0 0.442000 0.192090 0.028000 0.019774
0 0.443000 0.224576 0.026000 0.019774
0 0.837000 0.224576 0.026000 0.019774
0 0.711000 0.384181 0.026000 0.022599
0 0.451000 0.417373 0.026000 0.021186
0 0.792000 0.415960 0.028000 0.021186
0 0.621000 0.448446 0.026000 0.021186
0 0.801000 0.447740 0.026000 0.019774
0 0.335000 0.480226 0.026000 0.019774
0 0.702000 0.480226 0.028000 0.022599
0 0.406000 0.513418 0.028000 0.021186
0 0.328000 0.576271 0.028000 0.019774
0 0.561000 0.576977 0.026000 0.021186
0 0.390000 0.608757 0.028000 0.022599
0 0.756000 0.609463 0.028000 0.021186
0 0.832000 0.639831 0.028000 0.022599
0 0.353000 0.673023 0.026000 0.021186
0 0.675000 0.672316 0.026000 0.022599
0 0.675000 0.704096 0.026000 0.021186
0 0.379000 0.769774 0.026000 0.022599
0 0.774000 0.769774 0.028000 0.019774
0 0.596000 0.802260 0.028000 0.022599
0 0.326000 0.833333 0.028000 0.019774
0 0.612000 0.833333 0.028000 0.019774
