0 0.235000 0.092514 0.018000 0.015537
0 0.273000 0.110876 0.018000 0.015537
0 0.312000 0.130650 0.016000 0.015537
0 0.422000 0.131356 0.016000 0.016949
0 0.517000 0.130650 0.014000 0.015537
0 0.692000 0.130650 0.020000 0.012712
0 0.557000 0.186441 0.014000 0.014124
0 0.211000 0.225989 0.014000 0.014124
0 0.682000 0.259887 0.016000 0.014124
0 0.211000 0.317090 0.018000 0.015537
0 0.416000 0.372881 0.016000 0.014124
0 0.321000 0.390537 0.014000 0.015537
0 0.573000 0.504237 0.018000 0.016949
0 0.698000 0.502825 0.016000 0.014124
0 0.558000 0.521893 0.016000 0.015537
0 0.338000 0.540254 0.016000 0.015537
0 0.417000 0.668785 0.018000 0.015537
0 0.240000 0.724576 0.016000 0.016949
0 0.635000 0.744350 0.018000 0.014124
0 0.462000 0.762712 0.016000 0.011299
0 0.620000 0.781073 0.016000 0.016949
0 0.321000 0.801554 0.018000 0.015537
0 0.345000 0.874294 0.018000 0.014124
0 0.164000 0.895480 0.016000 0.016949
0 0.462000 0.428672 0.016000 0.012712
0 0.573000 0.447034 0.018000 0.012712
0 0.635000 0.502825 0.018000 0.014124
0 0.164000 0.615113 0.016000 0.012712
0 0.384000 0.689266 0.016000 0.011299
0 0.322000 0.837571 0.016000 0.014124
0 0.384000 0.633475 0.016000 0.012712
