0 0.511000 0.096751 0.018000 0.018362
0 0.213000 0.192797 0.018000 0.018362
0 0.307000 0.213983 0.018000 0.018362
0 0.537000 0.215395 0.018000 0.015537
0 0.589000 0.214689 0.018000 0.019774
0 0.437000 0.255650 0.018000 0.019774
0 0.493000 0.469633 0.018000 0.018362
0 0.681000 0.469633 0.018000 0.018362
0 0.213000 0.490819 0.018000 0.018362
0 0.259000 0.533192 0.018000 0.018362
0 0.475000 0.597458 0.018000 0.014124
0 0.841000 0.596751 0.018000 0.015537
0 0.424000 0.618644 0.020000 0.019774
0 0.419000 0.661723 0.018000 0.015537
0 0.195000 0.683616 0.018000 0.016949
0 0.804000 0.747881 0.016000 0.015537
0 0.671000 0.768362 0.018000 0.019774
0 0.651000 0.810734 0.018000 0.016949
0 0.786000 0.812147 0.020000 0.019774
0 0.547000 0.832627 0.018000 0.021186
0 0.309000 0.853814 0.018000 0.018362
0 0.451000 0.853814 0.018000 0.018362
0 0.539000 0.854520 0.018000 0.016949
0 0.813000 0.853814 0.018000 0.018362
0 0.213000 0.874294 0.018000 0.016949
0 0.300000 0.875706 0.020000 0.014124
0 0.689000 0.682203 0.018000 0.014124
