0 0.449000 0.107345 0.034000 0.031073
0 0.484000 0.171610 0.024000 0.018362
0 0.272000 0.218220 0.024000 0.021186
0 0.812000 0.218220 0.024000 0.018362
0 0.130000 0.292373 0.028000 0.022599
0 0.742000 0.291667 0.024000 0.021186
0 0.460000 0.329802 0.024000 0.021186
0 0.860000 0.329096 0.024000 0.022599
0 0.366000 0.367232 0.024000 0.019774
0 0.406000 0.403955 0.024000 0.019774
0 0.365000 0.441384 0.022000 0.024011
0 0.577000 0.487288 0.022000 0.022599
0 0.695000 0.487288 0.022000 0.019774
0 0.813000 0.487994 0.022000 0.021186
0 0.342000 0.570621 0.024000 0.019774
0 0.835000 0.569209 0.022000 0.019774
0 0.318000 0.608051 0.024000 0.018362
0 0.342000 0.644068 0.024000 0.019774
0 0.554000 0.644068 0.024000 0.019774
0 0.836000 0.644774 0.024000 0.018362
0 0.342000 0.682910 0.024000 0.021186
0 0.812000 0.682203 0.024000 0.022599
0 0.437000 0.719633 0.026000 0.018362
0 0.177000 0.755650 0.022000 0.019774
0 0.366000 0.757062 0.024000 0.019774
0 0.789000 0.755650 0.026000 0.022599
0 0.154000 0.829802 0.024000 0.021186
0 0.554000 0.830508 0.024000 0.022599
0 0.812000 0.829802 0.024000 0.021186
0 0.178000 0.866525 0.024000 0.021186
0 0.295000 0.866525 0.022000 0.021186
