0 0.395000 0.260593 0.022000 0.021186
0 0.537000 0.257062 0.022000 0.022599
0 0.835000 0.259887 0.026000 0.022599
0 0.281000 0.288136 0.022000 0.022599
0 0.677000 0.290254 0.022000 0.021186
0 0.261000 0.381356 0.022000 0.019774
0 0.456000 0.382062 0.024000 0.021186
0 0.442000 0.443503 0.020000 0.019774
0 0.755000 0.444915 0.022000 0.019774
0 0.483000 0.474576 0.022000 0.019774
0 0.442000 0.506356 0.020000 0.021186
0 0.385000 0.567090 0.022000 0.024011
0 0.245000 0.599576 0.022000 0.026836
0 0.523000 0.629944 0.022000 0.019774
0 0.200000 0.688559 0.020000 0.024011
0 0.245000 0.749294 0.022000 0.032486
0 0.456000 0.781780 0.024000 0.024011
0 0.577000 0.783898 0.022000 0.025424
0 0.159000 0.812853 0.026000 0.021186
0 0.285000 0.846045 0.022000 0.019774
