0 0.344000 0.118557 0.032000 0.027982
0 0.207000 0.220177 0.018000 0.016200
0 0.607000 0.221649 0.018000 0.016200
0 0.246000 0.263623 0.016000 0.014728
0 0.375000 0.284242 0.018000 0.014728
0 0.209000 0.325479 0.018000 0.014728
0 0.212000 0.347570 0.016000 0.014728
0 0.456000 0.347570 0.016000 0.014728
0 0.508000 0.347570 0.016000 0.014728
0 0.199000 0.903535 0.018000 0.013255
0 0.583000 0.863770 0.018000 0.016200
0 0.698000 0.220177 0.016000 0.013255
0 0.808000 0.242268 0.016000 0.013255
0 0.675000 0.824742 0.018000 0.014728
0 0.639000 0.843888 0.018000 0.014728
