0 0.227000 0.102009 0.026000 0.027821
0 0.478000 0.102009 0.024000 0.027821
0 0.775000 0.102009 0.022000 0.024730
0 0.547000 0.137558 0.022000 0.024730
0 0.755000 0.136785 0.022000 0.029366
0 0.317000 0.170788 0.022000 0.029366
0 0.515000 0.170788 0.022000 0.020093
0 0.226000 0.206337 0.024000 0.026275
0 0.617000 0.207883 0.026000 0.029366
0 0.323000 0.273570 0.022000 0.024730
0 0.619000 0.275889 0.022000 0.023184
0 0.813000 0.309119 0.022000 0.021638
0 0.155000 0.513910 0.026000 0.023184
0 0.203000 0.548686 0.022000 0.024730
0 0.792000 0.581917 0.020000 0.023184
0 0.410000 0.652241 0.024000 0.024730
0 0.593000 0.683926 0.022000 0.029366
0 0.181000 0.721793 0.022000 0.024730
0 0.157000 0.758114 0.026000 0.026275
0 0.823000 0.756569 0.026000 0.023184
0 0.615000 0.823802 0.022000 0.024730
