0 0.483000 0.096751 0.018000 0.021186
0 0.318000 0.194209 0.016000 0.015537
0 0.531000 0.193503 0.018000 0.019774
0 0.565000 0.214689 0.018000 0.019774
0 0.247000 0.277542 0.018000 0.018362
0 0.389000 0.320621 0.018000 0.016949
0 0.283000 0.341808 0.018000 0.016949
0 0.548000 0.341808 0.016000 0.016949
0 0.283000 0.363701 0.018000 0.015537
0 0.601000 0.364407 0.018000 0.019774
0 0.279000 0.385593 0.018000 0.016949
0 0.275000 0.405367 0.018000 0.016949
0 0.363000 0.406780 0.018000 0.016949
0 0.158000 0.427260 0.020000 0.018362
0 0.301000 0.490819 0.018000 0.018362
0 0.425000 0.492232 0.018000 0.018362
0 0.742000 0.513418 0.016000 0.015537
0 0.231000 0.533192 0.018000 0.015537
0 0.248000 0.555085 0.020000 0.019774
0 0.487000 0.617938 0.018000 0.018362
0 0.682000 0.618644 0.020000 0.019774
0 0.787000 0.617232 0.018000 0.019774
0 0.495000 0.661723 0.018000 0.018362
0 0.770000 0.661017 0.020000 0.016949
0 0.300000 0.747175 0.016000 0.019774
0 0.813000 0.745056 0.018000 0.018362
0 0.549000 0.769068 0.022000 0.018362
0 0.425000 0.854520 0.018000 0.016949
0 0.583000 0.853107 0.018000 0.019774
0 0.741000 0.853814 0.018000 0.018362
0 0.283000 0.875706 0.018000 0.016949
0 0.442000 0.875706 0.020000 0.019774
0 0.388000 0.896186 0.016000 0.015537
0 0.460000 0.896186 0.016000 0.015537
0 0.742000 0.895480 0.016000 0.019774
