0 0.385000 0.099576 0.018000 0.015537
0 0.313000 0.127825 0.018000 0.015537
0 0.254000 0.156073 0.020000 0.015537
0 0.385000 0.155367 0.018000 0.016949
0 0.479000 0.156073 0.018000 0.015537
0 0.650000 0.156073 0.020000 0.015537
0 0.231000 0.192090 0.018000 0.016949
0 0.312000 0.226695 0.020000 0.015537
0 0.256000 0.281073 0.020000 0.016949
0 0.651000 0.281073 0.018000 0.016949
0 0.354000 0.454096 0.020000 0.015537
0 0.749000 0.482345 0.018000 0.015537
0 0.538000 0.509887 0.020000 0.016949
0 0.369000 0.564266 0.018000 0.015537
0 0.792000 0.564972 0.020000 0.016949
0 0.364000 0.620763 0.020000 0.015537
0 0.700000 0.647599 0.020000 0.015537
0 0.326000 0.702684 0.020000 0.015537
0 0.538000 0.758475 0.020000 0.016949
0 0.820000 0.758475 0.020000 0.016949
0 0.500000 0.786017 0.020000 0.015537
0 0.444000 0.813559 0.020000 0.014124
