0 0.053106 0.086765 0.018036 0.026471
0 0.094188 0.086765 0.020040 0.032353
0 0.187375 0.122059 0.018036 0.038235
0 0.141283 0.411765 0.018036 0.035294
0 0.319639 0.407353 0.018036 0.032353
0 0.053106 0.876471 0.014028 0.035294
0 0.610220 0.705882 0.018036 0.035294
0 0.650301 0.707353 0.022044 0.032353
0 0.602204 0.835294 0.018036 0.035294
0 0.641283 0.833824 0.016032 0.032353
0 0.658317 0.833824 0.018036 0.032353
0 0.650301 0.925000 0.018036 0.032353
0 0.770541 0.925000 0.022044 0.038235
0 0.088176 0.298529 0.016032 0.032353
