0 0.267442 0.210115 0.018605 0.015625
0 0.267442 0.239309 0.018605 0.014803
0 0.340698 0.239309 0.016279 0.016447
0 0.243023 0.267270 0.016279 0.014803
0 0.261628 0.293586 0.018605 0.016447
0 0.262209 0.324424 0.017442 0.015625
0 0.391860 0.294819 0.016279 0.012336
0 0.335465 0.324013 0.017442 0.014803
0 0.261628 0.351151 0.016279 0.014803
0 0.335465 0.352385 0.015116 0.015625
0 0.261628 0.379523 0.016279 0.015625
0 0.266860 0.435444 0.015116 0.013980
0 0.229070 0.464227 0.016279 0.015625
0 0.229070 0.492599 0.016279 0.016447
0 0.229070 0.520970 0.018605 0.015625
0 0.230233 0.548520 0.016279 0.014803
0 0.229651 0.577714 0.017442 0.013980
0 0.267442 0.633224 0.018605 0.014803
0 0.340698 0.634046 0.018605 0.014803
0 0.229070 0.662007 0.018605 0.014803
0 0.322674 0.661595 0.017442 0.017270
0 0.267442 0.718339 0.018605 0.018914
0 0.266860 0.745477 0.017442 0.015625
