0 0.497000 0.177260 0.022000 0.024011
0 0.251000 0.213983 0.026000 0.021186
0 0.615000 0.250000 0.022000 0.022599
0 0.651000 0.325565 0.022000 0.024011
0 0.767000 0.324153 0.022000 0.024011
0 0.227000 0.360876 0.026000 0.024011
0 0.180000 0.473870 0.024000 0.024011
0 0.485000 0.473870 0.022000 0.024011
0 0.557000 0.509887 0.026000 0.025424
0 0.674000 0.509887 0.024000 0.028249
0 0.368000 0.548023 0.024000 0.028249
0 0.744000 0.549435 0.024000 0.025424
0 0.179000 0.583333 0.022000 0.025424
0 0.603000 0.584040 0.022000 0.026836
0 0.780000 0.658898 0.024000 0.024011
0 0.580000 0.844633 0.028000 0.022599
0 0.698000 0.843220 0.024000 0.025424
0 0.320000 0.880650 0.024000 0.021186
0 0.720000 0.879944 0.024000 0.028249
