0 0.418000 0.060028 0.020000 0.018362
0 0.410000 0.104520 0.024000 0.019774
0 0.180000 0.209746 0.016000 0.015537
0 0.706000 0.209040 0.016000 0.019774
0 0.851000 0.209040 0.018000 0.019774
0 0.145000 0.225989 0.018000 0.016949
0 0.304000 0.226695 0.016000 0.018362
0 0.823000 0.226695 0.018000 0.015537
0 0.247000 0.245763 0.018000 0.016949
0 0.483000 0.245763 0.018000 0.019774
0 0.760000 0.355932 0.016000 0.016949
0 0.474000 0.373588 0.016000 0.018362
0 0.689000 0.374294 0.018000 0.016949
0 0.470000 0.394068 0.016000 0.016949
0 0.144000 0.411723 0.016000 0.018362
0 0.504000 0.411723 0.016000 0.018362
0 0.179000 0.559322 0.018000 0.019774
0 0.697000 0.558616 0.018000 0.021186
0 0.838000 0.557910 0.016000 0.019774
0 0.603000 0.560028 0.018000 0.018362
0 0.294000 0.578390 0.016000 0.015537
0 0.176000 0.597458 0.016000 0.016949
0 0.536000 0.596751 0.016000 0.012712
0 0.679000 0.596751 0.018000 0.018362
0 0.130000 0.616525 0.020000 0.018362
0 0.378000 0.615819 0.016000 0.016949
0 0.455000 0.615819 0.018000 0.019774
0 0.615000 0.615819 0.018000 0.016949
0 0.180000 0.727401 0.016000 0.016949
0 0.503000 0.746469 0.018000 0.015537
0 0.703000 0.765537 0.018000 0.016949
0 0.180000 0.893362 0.016000 0.015537
0 0.748000 0.337571 0.016000 0.014124
0 0.180000 0.355932 0.016000 0.014124
0 0.097000 0.597458 0.018000 0.014124
