0 0.190000 0.103107 0.020000 0.022599
0 0.769000 0.103107 0.026000 0.016949
0 0.406000 0.139831 0.024000 0.019774
0 0.381000 0.214689 0.026000 0.016949
0 0.701000 0.288136 0.022000 0.019774
0 0.432000 0.401836 0.024000 0.021186
0 0.219000 0.437853 0.022000 0.019774
0 0.245000 0.473164 0.026000 0.019774
0 0.675000 0.549435 0.022000 0.019774
0 0.373000 0.624294 0.022000 0.019774
0 0.372000 0.770480 0.020000 0.024011
0 0.809000 0.808616 0.026000 0.024011
0 0.179000 0.881356 0.026000 0.025424
0 0.311000 0.881356 0.026000 0.019774
0 0.446000 0.882062 0.020000 0.018362
0 0.580000 0.882062 0.024000 0.021186
