0 0.343000 0.115819 0.022000 0.019774
0 0.412000 0.384887 0.020000 0.018362
0 0.503000 0.385593 0.022000 0.019774
0 0.298000 0.473870 0.020000 0.018362
0 0.298000 0.516949 0.020000 0.016949
0 0.298000 0.561441 0.020000 0.015537
0 0.298000 0.606638 0.020000 0.018362
0 0.412000 0.653249 0.020000 0.018362
0 0.775000 0.653955 0.022000 0.019774
0 0.231000 0.691384 0.022000 0.018362
0 0.617000 0.690678 0.022000 0.019774
0 0.318000 0.778249 0.020000 0.016949
0 0.439000 0.778955 0.018000 0.018362
0 0.317000 0.823446 0.018000 0.016949
0 0.438000 0.822740 0.020000 0.015537
0 0.317000 0.867938 0.022000 0.015537
0 0.438000 0.868644 0.020000 0.019774
