0 0.554000 0.102639 0.032000 0.029326
0 0.155000 0.453079 0.026000 0.014663
0 0.382000 0.397361 0.016000 0.014663
0 0.220000 0.478006 0.016000 0.014663
0 0.069000 0.494868 0.018000 0.016129
0 0.606000 0.398094 0.020000 0.016129
0 0.849000 0.413490 0.014000 0.014663
0 0.618000 0.446481 0.016000 0.016129
0 0.736000 0.446481 0.016000 0.016129
0 0.652000 0.463343 0.016000 0.014663
0 0.674000 0.796921 0.020000 0.016129
0 0.153000 0.478006 0.018000 0.011730
0 0.757000 0.428886 0.018000 0.016129
0 0.500000 0.677419 0.020000 0.014663
0 0.724000 0.695748 0.016000 0.013196
0 0.262000 0.167889 0.016000 0.013196
0 0.195000 0.200147 0.014000 0.013196
0 0.539000 0.167889 0.014000 0.013196
