0 0.280000 0.103814 0.020000 0.018362
0 0.551000 0.139831 0.022000 0.019774
0 0.339000 0.178672 0.022000 0.018362
0 0.481000 0.215395 0.022000 0.018362
0 0.692000 0.288842 0.020000 0.018362
0 0.516000 0.325565 0.020000 0.018362
0 0.551000 0.361582 0.022000 0.016949
0 0.716000 0.362994 0.024000 0.016949
0 0.304000 0.510593 0.024000 0.018362
0 0.339000 0.547316 0.022000 0.018362
0 0.607000 0.585452 0.022000 0.018362
0 0.771000 0.658898 0.022000 0.018362
0 0.351000 0.696328 0.022000 0.016949
0 0.795000 0.770480 0.022000 0.018362
0 0.422000 0.807203 0.020000 0.021186
0 0.583000 0.882768 0.022000 0.019774
