0 0.435000 0.498675 0.017500 0.015018
0 0.481250 0.538869 0.015000 0.015901
0 0.260000 0.557862 0.017500 0.015018
0 0.365625 0.576413 0.018750 0.015018
0 0.199375 0.632067 0.018750 0.013251
0 0.383750 0.651060 0.017500 0.014134
0 0.126250 0.725265 0.020000 0.014134
0 0.196875 0.726148 0.018750 0.014134
0 0.347500 0.743375 0.017500 0.013251
0 0.365000 0.761926 0.017500 0.013251
0 0.249375 0.782244 0.016250 0.013251
0 0.537500 0.609099 0.010000 0.007951
0 0.626875 0.609099 0.008750 0.007951
0 0.743750 0.609099 0.010000 0.007951
0 0.811250 0.608216 0.010000 0.009717
