0 0.501000 0.100989 0.034000 0.029661
0 0.545000 0.201271 0.022000 0.018362
0 0.501000 0.240113 0.022000 0.019774
0 0.293000 0.260593 0.022000 0.018362
0 0.708000 0.281073 0.020000 0.016949
0 0.774000 0.281073 0.020000 0.019774
0 0.227000 0.341808 0.022000 0.019774
0 0.446000 0.341102 0.020000 0.018362
0 0.337000 0.360876 0.022000 0.018362
0 0.205000 0.460452 0.022000 0.019774
0 0.501000 0.461158 0.022000 0.018362
0 0.237000 0.502119 0.022000 0.018362
0 0.805000 0.501412 0.022000 0.019774
0 0.511000 0.540254 0.022000 0.018362
0 0.719000 0.540960 0.022000 0.019774
0 0.697000 0.601695 0.022000 0.022599
0 0.611000 0.621469 0.022000 0.019774
0 0.259000 0.642655 0.022000 0.016949
0 0.455000 0.641949 0.022000 0.018362
0 0.162000 0.681497 0.024000 0.018362
0 0.774000 0.681497 0.020000 0.021186
0 0.478000 0.701977 0.024000 0.019774
0 0.369000 0.721751 0.022000 0.019774
0 0.271000 0.762712 0.022000 0.019774
0 0.249000 0.781780 0.022000 0.018362
0 0.315000 0.782486 0.022000 0.016949
0 0.468000 0.782486 0.020000 0.019774
0 0.665000 0.781780 0.022000 0.018362
0 0.741000 0.802966 0.022000 0.021186
0 0.522000 0.822740 0.020000 0.018362
0 0.403000 0.843220 0.022000 0.016949
0 0.534000 0.862288 0.020000 0.018362
0 0.729000 0.882062 0.022000 0.018362
