0 0.289000 0.121988 0.034000 0.069277
0 0.440000 0.120482 0.048000 0.066265
0 0.091000 0.183735 0.022000 0.036145
0 0.300000 0.185241 0.020000 0.033133
0 0.854000 0.185241 0.016000 0.033133
0 0.124000 0.227410 0.016000 0.033133
0 0.469000 0.224398 0.018000 0.033133
0 0.406000 0.268072 0.016000 0.036145
0 0.594000 0.269578 0.016000 0.033133
0 0.815000 0.274096 0.018000 0.036145
0 0.754000 0.227410 0.016000 0.033133
0 0.279000 0.269578 0.018000 0.027108
0 0.338000 0.311747 0.016000 0.033133
0 0.447000 0.317771 0.018000 0.039157
0 0.143000 0.420181 0.022000 0.039157
0 0.702000 0.421687 0.020000 0.048193
0 0.215000 0.481928 0.014000 0.030120
0 0.216000 0.513554 0.016000 0.027108
0 0.239000 0.558735 0.014000 0.033133
0 0.234000 0.638554 0.016000 0.030120
0 0.244000 0.668675 0.016000 0.030120
0 0.323000 0.719880 0.014000 0.024096
0 0.275000 0.811747 0.014000 0.033133
0 0.140000 0.843373 0.020000 0.030120
0 0.336000 0.917169 0.016000 0.039157
0 0.731000 0.915663 0.014000 0.030120
0 0.693000 0.867470 0.018000 0.030120
0 0.650000 0.634036 0.016000 0.027108
0 0.647000 0.561747 0.018000 0.033133
0 0.620000 0.673193 0.016000 0.033133
