0 0.582000 0.141949 0.032000 0.035311
0 0.514000 0.252119 0.024000 0.024011
0 0.515000 0.288136 0.022000 0.022599
0 0.389000 0.324859 0.022000 0.028249
0 0.303000 0.365819 0.026000 0.025424
0 0.469000 0.361582 0.026000 0.022599
0 0.657000 0.364407 0.022000 0.031073
0 0.375000 0.399718 0.022000 0.022599
0 0.514000 0.399011 0.028000 0.021186
0 0.448000 0.473164 0.024000 0.022599
0 0.528000 0.512006 0.024000 0.029661
0 0.186000 0.550847 0.024000 0.028249
0 0.327000 0.586158 0.026000 0.022599
0 0.418000 0.586158 0.024000 0.019774
0 0.161000 0.622881 0.026000 0.025424
0 0.257000 0.733757 0.026000 0.026836
0 0.460000 0.771893 0.024000 0.026836
