0 0.090361 0.103333 0.029260 0.060000
0 0.393287 0.103333 0.029260 0.060000
0 0.090361 0.188333 0.029260 0.063333
0 0.092083 0.258333 0.029260 0.063333
0 0.061102 0.325000 0.032702 0.056667
0 0.451807 0.185000 0.029260 0.056667
0 0.662651 0.185000 0.027539 0.063333
0 0.241824 0.256667 0.029260 0.060000
0 0.332186 0.258333 0.027539 0.056667
0 0.512048 0.256667 0.029260 0.060000
0 0.242685 0.323333 0.030981 0.060000
0 0.332186 0.326667 0.027539 0.060000
0 0.122203 0.396667 0.027539 0.060000
0 0.421687 0.396667 0.027539 0.060000
0 0.151463 0.550000 0.027539 0.060000
0 0.151463 0.618333 0.027539 0.056667
0 0.632530 0.620000 0.029260 0.066667
0 0.331325 0.688333 0.029260 0.063333
0 0.601549 0.690000 0.029260 0.060000
0 0.181583 0.760000 0.029260 0.060000
0 0.091222 0.760000 0.027539 0.060000
0 0.242685 0.760000 0.027539 0.060000
0 0.399312 0.841667 0.027539 0.063333
0 0.640275 0.843333 0.027539 0.066667
0 0.842513 0.185000 0.029260 0.063333
0 0.752151 0.255000 0.027539 0.056667
0 0.751291 0.325000 0.029260 0.063333
0 0.842513 0.325000 0.029260 0.063333
0 0.751291 0.688333 0.029260 0.056667
