0 0.088000 0.100989 0.020000 0.015537
0 0.244000 0.100282 0.020000 0.014124
0 0.315000 0.171610 0.018000 0.015537
0 0.197000 0.281780 0.018000 0.015537
0 0.179000 0.404661 0.018000 0.018362
0 0.274000 0.403955 0.020000 0.016949
0 0.500000 0.404661 0.020000 0.015537
0 0.240000 0.430085 0.020000 0.015537
0 0.168000 0.471045 0.020000 0.012712
0 0.343000 0.471751 0.018000 0.019774
0 0.520000 0.469633 0.020000 0.015537
0 0.461000 0.512006 0.018000 0.015537
0 0.761000 0.512006 0.018000 0.015537
0 0.217000 0.620763 0.018000 0.015537
0 0.311000 0.622175 0.018000 0.018362
0 0.440000 0.661723 0.020000 0.015537
0 0.516000 0.703390 0.020000 0.016949
0 0.535000 0.745056 0.018000 0.018362
0 0.368000 0.785311 0.020000 0.014124
0 0.669000 0.785311 0.018000 0.016949
0 0.803000 0.785311 0.022000 0.016949
0 0.146000 0.811441 0.020000 0.015537
0 0.606000 0.812147 0.020000 0.016949
0 0.286000 0.852401 0.020000 0.015537
0 0.256000 0.893362 0.020000 0.015537
0 0.622000 0.894068 0.020000 0.016949
0 0.259000 0.919492 0.018000 0.014124
