0 0.196721 0.100714 0.032787 0.024286
0 0.332553 0.100714 0.032787 0.021429
0 0.201405 0.135714 0.037471 0.022857
0 0.380562 0.137143 0.030445 0.022857
0 0.633489 0.137143 0.035129 0.022857
0 0.703747 0.137143 0.030445 0.020000
0 0.885246 0.172143 0.032787 0.021429
0 0.196721 0.207143 0.032787 0.022857
0 0.319672 0.242857 0.030445 0.022857
0 0.730679 0.242143 0.032787 0.021429
0 0.776347 0.277857 0.030445 0.021429
0 0.501171 0.347857 0.032787 0.024286
0 0.197892 0.384286 0.030445 0.020000
0 0.608899 0.385000 0.032787 0.021429
0 0.274005 0.453571 0.032787 0.024286
0 0.775176 0.454286 0.032787 0.022857
0 0.605386 0.560000 0.030445 0.022857
0 0.882904 0.559286 0.032787 0.021429
0 0.470726 0.630000 0.032787 0.022857
0 0.674473 0.665000 0.032787 0.021429
0 0.812646 0.737143 0.032787 0.022857
0 0.471897 0.771429 0.030445 0.022857
0 0.550351 0.806429 0.032787 0.024286
