0 0.536000 0.127119 0.036000 0.031073
0 0.302000 0.378531 0.020000 0.016949
0 0.328000 0.461864 0.020000 0.016949
0 0.428000 0.461864 0.020000 0.019774
0 0.812000 0.461158 0.020000 0.015537
0 0.160000 0.572740 0.020000 0.018362
0 0.464000 0.572740 0.020000 0.018362
0 0.288000 0.599576 0.020000 0.018362
0 0.334000 0.600282 0.020000 0.016949
0 0.362000 0.656780 0.020000 0.016949
0 0.509000 0.656073 0.022000 0.018362
0 0.342000 0.712571 0.020000 0.018362
0 0.494000 0.739407 0.020000 0.018362
0 0.509000 0.795198 0.022000 0.016949
