0 0.148000 0.078685 0.044000 0.045817
0 0.485000 0.080677 0.042000 0.041833
0 0.536000 0.149402 0.040000 0.039841
0 0.329000 0.408367 0.046000 0.051793
0 0.159000 0.562749 0.046000 0.041833
0 0.529000 0.563745 0.038000 0.043825
0 0.902000 0.565737 0.040000 0.047809
0 0.288000 0.641434 0.040000 0.039841
0 0.494000 0.636454 0.044000 0.045817
0 0.697000 0.640438 0.038000 0.041833
0 0.899000 0.636454 0.042000 0.041833
0 0.251000 0.713147 0.042000 0.047809
0 0.617000 0.709163 0.038000 0.039841
0 0.126000 0.784861 0.040000 0.047809
0 0.290000 0.785857 0.040000 0.041833
0 0.777000 0.787849 0.042000 0.049801
0 0.820000 0.857570 0.040000 0.041833
