0 0.750000 0.278249 0.016000 0.014124
0 0.715000 0.309322 0.014000 0.014124
0 0.200000 0.401836 0.016000 0.018362
0 0.362000 0.434322 0.016000 0.015537
0 0.494000 0.434322 0.016000 0.021186
0 0.246000 0.527542 0.016000 0.018362
0 0.304000 0.557203 0.016000 0.018362
0 0.436000 0.557910 0.016000 0.016949
0 0.474000 0.586864 0.016000 0.018362
0 0.283000 0.616525 0.018000 0.021186
0 0.532000 0.616525 0.016000 0.018362
0 0.532000 0.649011 0.016000 0.015537
0 0.202000 0.680085 0.016000 0.015537
0 0.450000 0.679379 0.016000 0.014124
0 0.270000 0.710452 0.016000 0.014124
0 0.488000 0.711864 0.016000 0.016949
0 0.717000 0.709746 0.014000 0.015537
0 0.201000 0.802260 0.018000 0.016949
0 0.341000 0.835452 0.018000 0.018362
0 0.619000 0.835452 0.014000 0.018362
0 0.721000 0.835452 0.014000 0.015537
0 0.348000 0.864407 0.016000 0.019774
0 0.627000 0.866525 0.018000 0.015537
0 0.245000 0.310028 0.014000 0.012712
