0 0.246000 0.105226 0.024000 0.021186
0 0.810000 0.140537 0.024000 0.018362
0 0.218000 0.214689 0.024000 0.019774
0 0.487000 0.214689 0.022000 0.019774
0 0.675000 0.252119 0.026000 0.018362
0 0.193000 0.326977 0.026000 0.018362
0 0.340000 0.362994 0.024000 0.019774
0 0.379000 0.399718 0.026000 0.019774
0 0.299000 0.437147 0.022000 0.018362
0 0.501000 0.586158 0.022000 0.019774
0 0.325000 0.658898 0.026000 0.018362
0 0.729000 0.659605 0.026000 0.019774
0 0.701000 0.733757 0.022000 0.018362
0 0.272000 0.807203 0.028000 0.021186
0 0.755000 0.845339 0.026000 0.018362
