0 0.403750 0.104240 0.037500 0.030035
0 0.351875 0.152827 0.026250 0.019435
0 0.661250 0.153710 0.027500 0.021201
0 0.271875 0.190371 0.026250 0.020318
0 0.661875 0.189046 0.023750 0.022968
0 0.669375 0.227032 0.023750 0.021201
0 0.165000 0.263251 0.030000 0.022968
0 0.406250 0.264576 0.025000 0.020318
0 0.593750 0.264576 0.025000 0.022085
0 0.163125 0.302120 0.026250 0.021201
0 0.298750 0.339223 0.027500 0.022968
0 0.244375 0.486749 0.023750 0.019435
0 0.620625 0.486749 0.026250 0.019435
0 0.352500 0.523410 0.025000 0.020318
0 0.378125 0.560954 0.023750 0.021201
0 0.460000 0.597615 0.025000 0.020318
0 0.379375 0.634276 0.023750 0.021201
0 0.594375 0.671378 0.023750 0.022968
0 0.164375 0.708481 0.026250 0.021201
0 0.729375 0.708039 0.023750 0.020318
0 0.325000 0.745583 0.025000 0.021201
0 0.755000 0.745583 0.025000 0.019435
0 0.783750 0.782244 0.025000 0.022085
0 0.164375 0.856007 0.026250 0.021201
0 0.621875 0.856890 0.026250 0.019435
0 0.191875 0.893993 0.028750 0.021201
