0 0.381000 0.097458 0.018000 0.016949
0 0.539000 0.097458 0.018000 0.016949
0 0.318000 0.215395 0.016000 0.015537
0 0.699000 0.214689 0.018000 0.016949
0 0.663000 0.236582 0.018000 0.018362
0 0.593000 0.257768 0.018000 0.015537
0 0.212000 0.278955 0.016000 0.015537
0 0.159000 0.300141 0.018000 0.015537
0 0.231000 0.363701 0.018000 0.015537
0 0.389000 0.363701 0.018000 0.015537
0 0.513000 0.363701 0.018000 0.015537
0 0.725000 0.363701 0.018000 0.015537
0 0.417000 0.384887 0.018000 0.012712
0 0.177000 0.406780 0.018000 0.016949
0 0.213000 0.427966 0.018000 0.014124
0 0.573000 0.492232 0.018000 0.015537
0 0.380000 0.576977 0.016000 0.015537
0 0.452000 0.661017 0.016000 0.014124
0 0.283000 0.682910 0.018000 0.012712
0 0.389000 0.704096 0.018000 0.015537
0 0.213000 0.725989 0.018000 0.014124
0 0.389000 0.725989 0.018000 0.016949
0 0.353000 0.748588 0.018000 0.019774
0 0.535000 0.768362 0.018000 0.014124
0 0.371000 0.831921 0.018000 0.014124
0 0.513000 0.875706 0.018000 0.016949
