0 0.221000 0.104520 0.026000 0.019774
0 0.220000 0.215395 0.024000 0.018362
0 0.574000 0.214689 0.024000 0.019774
0 0.515000 0.252119 0.022000 0.018362
0 0.491000 0.362994 0.026000 0.019774
0 0.585000 0.400424 0.022000 0.018362
0 0.221000 0.511299 0.022000 0.019774
0 0.280000 0.549435 0.024000 0.019774
0 0.538000 0.548729 0.024000 0.018362
0 0.374000 0.585452 0.024000 0.018362
0 0.574000 0.660311 0.024000 0.021186
0 0.326000 0.697740 0.024000 0.019774
0 0.397000 0.733757 0.022000 0.018362
0 0.257000 0.733757 0.026000 0.018362
0 0.245000 0.845339 0.026000 0.018362
