0 0.412000 0.055163 0.020000 0.016973
0 0.616000 0.054455 0.020000 0.018388
0 0.829000 0.055163 0.018000 0.019802
0 0.171000 0.085573 0.018000 0.018388
0 0.171000 0.111033 0.018000 0.015559
0 0.681000 0.111033 0.018000 0.018388
0 0.172000 0.140028 0.020000 0.016973
0 0.227000 0.139321 0.018000 0.015559
0 0.282000 0.139321 0.020000 0.015559
0 0.430000 0.138614 0.020000 0.016973
0 0.625000 0.138614 0.018000 0.016973
0 0.682000 0.139321 0.020000 0.015559
0 0.829000 0.140028 0.018000 0.016973
0 0.160000 0.167610 0.016000 0.015559
0 0.343000 0.166195 0.018000 0.015559
0 0.218000 0.193777 0.016000 0.016973
0 0.172000 0.222065 0.020000 0.016973
0 0.468000 0.222065 0.020000 0.016973
0 0.643000 0.222065 0.018000 0.016973
0 0.698000 0.222065 0.020000 0.016973
0 0.102000 0.250354 0.020000 0.016973
0 0.190000 0.278642 0.020000 0.016973
0 0.264000 0.278642 0.020000 0.016973
0 0.375000 0.277935 0.018000 0.015559
0 0.208000 0.304809 0.020000 0.015559
0 0.380000 0.333805 0.020000 0.016973
0 0.652000 0.333805 0.020000 0.016973
0 0.208000 0.388967 0.020000 0.016973
0 0.301000 0.388260 0.018000 0.015559
0 0.172000 0.417256 0.020000 0.016973
0 0.560000 0.417256 0.020000 0.016973
0 0.190000 0.443423 0.020000 0.015559
0 0.420000 0.473833 0.020000 0.016973
0 0.223000 0.500000 0.018000 0.015559
0 0.405000 0.500707 0.022000 0.014144
0 0.486000 0.527581 0.020000 0.016973
0 0.207000 0.557284 0.018000 0.016973
0 0.264000 0.556577 0.020000 0.015559
0 0.497000 0.556577 0.018000 0.018388
0 0.743000 0.557284 0.018000 0.016973
0 0.101000 0.583451 0.018000 0.015559
0 0.207000 0.610325 0.018000 0.018388
0 0.208000 0.639321 0.020000 0.014144
0 0.393000 0.639321 0.018000 0.016973
0 0.746000 0.638614 0.020000 0.015559
0 0.208000 0.666902 0.020000 0.015559
0 0.394000 0.666195 0.020000 0.016973
0 0.438000 0.666902 0.020000 0.015559
0 0.552000 0.666902 0.020000 0.015559
0 0.318000 0.693069 0.020000 0.016973
0 0.466000 0.694484 0.020000 0.016973
0 0.837000 0.695898 0.018000 0.016973
0 0.929000 0.695191 0.022000 0.015559
0 0.304000 0.722065 0.020000 0.018388
0 0.190000 0.751061 0.020000 0.016973
0 0.471000 0.750354 0.018000 0.018388
0 0.602000 0.749646 0.020000 0.016973
0 0.322000 0.778642 0.020000 0.015559
0 0.583000 0.778642 0.018000 0.015559
0 0.172000 0.888260 0.020000 0.016973
0 0.677000 0.889675 0.018000 0.014144
