0 0.506000 0.169024 0.028000 0.024045
0 0.245000 0.204385 0.030000 0.021216
0 0.542000 0.205799 0.028000 0.026874
0 0.450000 0.243281 0.028000 0.028289
0 0.191000 0.275106 0.026000 0.032532
0 0.513000 0.280764 0.026000 0.026874
0 0.727000 0.315417 0.026000 0.028289
0 0.435000 0.353607 0.026000 0.031117
0 0.450000 0.390382 0.028000 0.028289
0 0.485000 0.501414 0.026000 0.026874
0 0.457000 0.576379 0.026000 0.032532
0 0.447000 0.650636 0.026000 0.028289
0 0.836000 0.650636 0.028000 0.022631
0 0.273000 0.759547 0.026000 0.031117
