0 0.162000 0.031507 0.020000 0.030137
0 0.251000 0.034247 0.018000 0.030137
0 0.290000 0.072603 0.016000 0.030137
0 0.057000 0.112329 0.018000 0.032877
0 0.773000 0.072603 0.018000 0.030137
0 0.126000 0.205479 0.020000 0.032877
0 0.287000 0.202740 0.018000 0.032877
0 0.448000 0.206849 0.020000 0.035616
0 0.538000 0.204110 0.020000 0.030137
0 0.806000 0.204110 0.020000 0.030137
0 0.126000 0.335616 0.020000 0.030137
0 0.519000 0.336986 0.018000 0.032877
0 0.609000 0.336986 0.018000 0.032877
0 0.289000 0.376712 0.018000 0.030137
0 0.379000 0.376712 0.018000 0.030137
0 0.059000 0.419178 0.018000 0.032877
0 0.239000 0.419178 0.018000 0.032877
0 0.328000 0.419178 0.020000 0.032877
0 0.506000 0.420548 0.020000 0.035616
0 0.597000 0.420548 0.018000 0.030137
0 0.130000 0.460274 0.020000 0.032877
0 0.271000 0.458904 0.018000 0.035616
0 0.469000 0.460274 0.018000 0.032877
0 0.611000 0.458904 0.018000 0.030137
0 0.147000 0.502740 0.018000 0.030137
0 0.914000 0.072603 0.020000 0.030137
0 0.735000 0.031507 0.018000 0.030137
0 0.198000 0.593151 0.020000 0.030137
0 0.167000 0.636986 0.018000 0.035616
0 0.256000 0.635616 0.020000 0.032877
0 0.578000 0.635616 0.020000 0.032877
0 0.668000 0.635616 0.020000 0.027397
0 0.954000 0.635616 0.020000 0.032877
0 0.126000 0.765753 0.020000 0.030137
0 0.305000 0.765753 0.018000 0.030137
0 0.395000 0.767123 0.018000 0.032877
0 0.126000 0.897260 0.020000 0.030137
0 0.251000 0.898630 0.018000 0.027397
0 0.381000 0.419178 0.018000 0.032877
