0 0.414000 0.094633 0.020000 0.016949
0 0.462000 0.112288 0.020000 0.018362
0 0.766000 0.112994 0.020000 0.016949
0 0.221000 0.130650 0.022000 0.018362
0 0.524000 0.132062 0.020000 0.018362
0 0.685000 0.132062 0.018000 0.018362
0 0.513000 0.168079 0.022000 0.016949
0 0.636000 0.187147 0.020000 0.018362
0 0.180000 0.205508 0.020000 0.018362
0 0.358000 0.205508 0.020000 0.015537
0 0.620000 0.206215 0.020000 0.016949
0 0.301000 0.223870 0.022000 0.015537
0 0.318000 0.260593 0.020000 0.018362
0 0.510000 0.259887 0.020000 0.019774
0 0.690000 0.280367 0.020000 0.018362
0 0.220000 0.298729 0.020000 0.015537
0 0.463000 0.298023 0.022000 0.019774
0 0.312000 0.317797 0.020000 0.016949
0 0.413000 0.316384 0.018000 0.016949
0 0.694000 0.317797 0.020000 0.019774
0 0.302000 0.336158 0.020000 0.016949
0 0.629000 0.335452 0.018000 0.018362
0 0.810000 0.335452 0.020000 0.018362
0 0.383000 0.372175 0.022000 0.018362
0 0.624000 0.372175 0.020000 0.018362
0 0.778000 0.410311 0.020000 0.018362
0 0.269000 0.456215 0.026000 0.019774
0 0.424000 0.483051 0.020000 0.016949
0 0.484000 0.483051 0.020000 0.016949
0 0.564000 0.482345 0.020000 0.018362
0 0.231000 0.534605 0.022000 0.018362
0 0.372000 0.534605 0.020000 0.018362
0 0.535000 0.534605 0.018000 0.015537
0 0.727000 0.535311 0.018000 0.016949
0 0.199000 0.575565 0.022000 0.018362
0 0.342000 0.576977 0.020000 0.018362
0 0.738000 0.575565 0.020000 0.015537
0 0.779000 0.575565 0.018000 0.015537
0 0.201000 0.593927 0.022000 0.015537
0 0.355000 0.612994 0.022000 0.016949
0 0.394000 0.612994 0.020000 0.016949
0 0.758000 0.613701 0.020000 0.018362
0 0.443000 0.630650 0.022000 0.018362
0 0.302000 0.650424 0.020000 0.018362
0 0.403000 0.724576 0.018000 0.016949
0 0.385000 0.798023 0.018000 0.016949
0 0.471000 0.799435 0.022000 0.019774
0 0.264000 0.846751 0.024000 0.024011
0 0.242000 0.872881 0.020000 0.016949
0 0.685000 0.872881 0.022000 0.016949
0 0.323000 0.891949 0.022000 0.018362
0 0.423000 0.891949 0.022000 0.018362
0 0.524000 0.574859 0.020000 0.016949
