0 0.486000 0.104520 0.020000 0.019774
0 0.786000 0.213983 0.016000 0.015537
0 0.205000 0.264124 0.014000 0.014124
0 0.277000 0.321328 0.014000 0.015537
0 0.387000 0.322034 0.014000 0.014124
0 0.206000 0.398305 0.016000 0.014124
0 0.236000 0.477401 0.016000 0.014124
0 0.449000 0.502119 0.014000 0.012712
0 0.465000 0.525424 0.014000 0.014124
0 0.284000 0.613701 0.016000 0.018362
0 0.355000 0.637006 0.018000 0.014124
0 0.501000 0.638418 0.014000 0.016949
0 0.497000 0.660311 0.018000 0.015537
0 0.512000 0.730226 0.016000 0.014124
0 0.732000 0.730226 0.016000 0.014124
0 0.206000 0.761299 0.016000 0.014124
0 0.206000 0.826977 0.016000 0.015537
0 0.331000 0.882768 0.014000 0.014124
0 0.606000 0.589689 0.016000 0.012712
0 0.174000 0.706215 0.016000 0.014124
