0 0.487000 0.105226 0.026000 0.024011
0 0.702000 0.141243 0.024000 0.022599
0 0.514000 0.180085 0.024000 0.024011
0 0.487000 0.266243 0.026000 0.024011
0 0.217000 0.302260 0.026000 0.022599
0 0.433000 0.302260 0.026000 0.022599
0 0.733000 0.340395 0.026000 0.022599
0 0.541000 0.425847 0.026000 0.024011
0 0.352000 0.463983 0.024000 0.021186
0 0.487000 0.462571 0.026000 0.021186
0 0.730000 0.462571 0.028000 0.021186
0 0.219000 0.536723 0.026000 0.025424
0 0.582000 0.537429 0.028000 0.021186
0 0.621000 0.621469 0.026000 0.022599
0 0.540000 0.659605 0.028000 0.022599
0 0.769000 0.660311 0.026000 0.024011
0 0.541000 0.745763 0.026000 0.022599
