0 0.489000 0.140028 0.022000 0.019802
0 0.708000 0.141443 0.024000 0.025460
0 0.532000 0.173267 0.020000 0.029703
0 0.423000 0.214993 0.022000 0.022631
0 0.663000 0.251768 0.022000 0.019802
0 0.402000 0.289250 0.024000 0.021216
0 0.729000 0.289250 0.022000 0.021216
0 0.489000 0.323197 0.022000 0.024045
0 0.314000 0.363508 0.024000 0.019802
0 0.817000 0.363508 0.022000 0.019802
0 0.599000 0.437058 0.022000 0.022631
0 0.664000 0.509901 0.024000 0.024045
0 0.359000 0.548798 0.022000 0.022631
0 0.325000 0.583451 0.022000 0.024045
0 0.763000 0.585573 0.022000 0.022631
0 0.325000 0.622348 0.022000 0.019802
0 0.805000 0.622348 0.022000 0.025460
0 0.324000 0.695191 0.020000 0.024045
0 0.543000 0.697313 0.022000 0.025460
0 0.326000 0.770863 0.024000 0.028289
0 0.489000 0.809052 0.022000 0.022631
0 0.324000 0.843706 0.024000 0.026874
