0 0.621000 0.103814 0.026000 0.021186
0 0.701000 0.103107 0.022000 0.022599
0 0.461000 0.140537 0.026000 0.024011
0 0.474000 0.251412 0.028000 0.022599
0 0.244000 0.288842 0.028000 0.021186
0 0.352000 0.399718 0.024000 0.019774
0 0.433000 0.399718 0.026000 0.019774
0 0.674000 0.400424 0.028000 0.021186
0 0.258000 0.436441 0.024000 0.019774
0 0.379000 0.512006 0.026000 0.024011
0 0.245000 0.548729 0.026000 0.021186
0 0.379000 0.548729 0.026000 0.024011
0 0.770000 0.548023 0.024000 0.022599
0 0.459000 0.585452 0.026000 0.021186
0 0.354000 0.622881 0.028000 0.022599
0 0.701000 0.658898 0.026000 0.024011
0 0.514000 0.732345 0.024000 0.021186
0 0.257000 0.770480 0.026000 0.024011
0 0.339000 0.807203 0.026000 0.024011
0 0.663000 0.807203 0.026000 0.021186
0 0.352000 0.844633 0.028000 0.025424
0 0.191000 0.879944 0.026000 0.025424
