0 0.666000 0.110169 0.016000 0.016949
0 0.182000 0.164548 0.016000 0.015537
0 0.324000 0.165254 0.016000 0.016949
0 0.200000 0.191384 0.016000 0.015537
0 0.337000 0.220339 0.018000 0.016949
0 0.657000 0.220339 0.018000 0.016949
0 0.519000 0.247175 0.018000 0.016949
0 0.525000 0.274718 0.018000 0.018362
0 0.449000 0.330508 0.018000 0.016949
0 0.715000 0.330508 0.018000 0.022599
0 0.270000 0.358757 0.016000 0.016949
0 0.307000 0.414548 0.018000 0.018362
0 0.468000 0.469633 0.016000 0.015537
0 0.572000 0.498588 0.016000 0.016949
0 0.591000 0.524718 0.018000 0.018362
0 0.432000 0.552966 0.016000 0.015537
0 0.290000 0.581215 0.020000 0.015537
0 0.449000 0.580508 0.018000 0.016949
0 0.663000 0.580508 0.018000 0.014124
0 0.450000 0.608051 0.020000 0.015537
0 0.645000 0.608757 0.018000 0.016949
0 0.324000 0.635593 0.016000 0.016949
0 0.555000 0.662429 0.018000 0.016949
0 0.679000 0.663136 0.018000 0.018362
0 0.289000 0.690678 0.018000 0.016949
0 0.769000 0.717514 0.018000 0.016949
0 0.557000 0.744350 0.018000 0.016949
0 0.502000 0.773305 0.016000 0.018362
0 0.521000 0.799435 0.018000 0.016949
0 0.600000 0.890537 0.016000 0.015537
