0 0.423000 0.103814 0.026000 0.029661
0 0.609000 0.139831 0.022000 0.028249
0 0.305000 0.175847 0.026000 0.026836
0 0.373000 0.324153 0.022000 0.026836
0 0.727000 0.362288 0.026000 0.026836
0 0.326000 0.435734 0.024000 0.029661
0 0.750000 0.436441 0.024000 0.025424
0 0.492000 0.473870 0.024000 0.024011
0 0.444000 0.509181 0.024000 0.026836
0 0.679000 0.548023 0.026000 0.022599
0 0.351000 0.659605 0.026000 0.025424
0 0.586000 0.659605 0.024000 0.033898
0 0.349000 0.694915 0.022000 0.025424
0 0.750000 0.695621 0.028000 0.026836
0 0.444000 0.730932 0.024000 0.026836
0 0.680000 0.733051 0.024000 0.025424
0 0.256000 0.769774 0.024000 0.025424
