0 0.260300 0.036036 0.018727 0.010296
0 0.215356 0.161519 0.008739 0.006435
0 0.362047 0.200450 0.009988 0.005792
0 0.167291 0.226512 0.009988 0.005148
0 0.263421 0.266409 0.009988 0.006435
0 0.921973 0.046332 0.011236 0.006435
0 0.637328 0.059846 0.011236 0.006435
0 0.911985 0.177928 0.011236 0.005792
0 0.637953 0.203668 0.009988 0.005792
0 0.745318 0.190798 0.009988 0.005792
0 0.755306 0.230051 0.009988 0.005792
0 0.823346 0.229730 0.008739 0.006435
0 0.891386 0.229408 0.009988 0.005792
0 0.627965 0.242921 0.009988 0.007079
0 0.117353 0.367117 0.009988 0.007079
0 0.184769 0.366474 0.012484 0.005792
0 0.254682 0.366795 0.009988 0.005148
0 0.088015 0.379022 0.011236 0.007722
0 0.225343 0.419884 0.008739 0.005792
0 0.292759 0.418919 0.011236 0.006435
0 0.361423 0.418919 0.011236 0.006435
0 0.166667 0.432111 0.011236 0.007079
0 0.284020 0.432432 0.011236 0.006435
0 0.176030 0.458816 0.009988 0.006435
0 0.264045 0.485521 0.008739 0.007079
0 0.146067 0.523488 0.009988 0.005792
0 0.205368 0.714607 0.011236 0.007079
0 0.730961 0.601995 0.011236 0.005792
0 0.627341 0.563063 0.011236 0.006435
0 0.705993 0.549871 0.013733 0.007079
0 0.813358 0.536036 0.011236 0.006435
0 0.657303 0.536358 0.013733 0.007079
0 0.656679 0.523488 0.009988 0.007079
0 0.646067 0.458494 0.011236 0.007079
0 0.724719 0.444337 0.011236 0.005792
