0 0.406000 0.150424 0.036000 0.024011
0 0.426000 0.214689 0.020000 0.014124
0 0.346000 0.242938 0.020000 0.014124
0 0.688000 0.243644 0.020000 0.015537
0 0.158000 0.270480 0.020000 0.015537
0 0.380000 0.270480 0.020000 0.015537
0 0.522000 0.271186 0.020000 0.016949
0 0.400000 0.299435 0.020000 0.016949
0 0.663000 0.299435 0.018000 0.016949
0 0.179000 0.326977 0.022000 0.015537
0 0.426000 0.353814 0.020000 0.015537
0 0.809000 0.355226 0.018000 0.015537
0 0.366000 0.410311 0.020000 0.015537
0 0.320000 0.439266 0.020000 0.016949
0 0.462000 0.437853 0.020000 0.016949
0 0.320000 0.466808 0.020000 0.015537
0 0.602000 0.493644 0.020000 0.015537
0 0.360000 0.521893 0.020000 0.018362
0 0.541000 0.522599 0.022000 0.016949
0 0.264000 0.578390 0.020000 0.018362
0 0.240000 0.605226 0.020000 0.015537
0 0.522000 0.605932 0.020000 0.016949
0 0.280000 0.634181 0.020000 0.016949
0 0.482000 0.633475 0.020000 0.015537
0 0.482000 0.661723 0.020000 0.015537
0 0.320000 0.716808 0.020000 0.015537
0 0.582000 0.717514 0.020000 0.016949
0 0.240000 0.801554 0.020000 0.015537
0 0.325000 0.856638 0.022000 0.015537
0 0.340000 0.884887 0.020000 0.015537
0 0.320000 0.912429 0.020000 0.014124
