0 0.161000 0.368098 0.022000 0.028630
0 0.182000 0.399796 0.024000 0.026585
0 0.159000 0.466258 0.022000 0.024540
0 0.203000 0.587935 0.022000 0.030675
0 0.286000 0.653374 0.020000 0.030675
0 0.412000 0.651329 0.024000 0.030675
0 0.870000 0.370143 0.024000 0.032720
0 0.725000 0.592025 0.022000 0.030675
0 0.682000 0.621677 0.020000 0.028630
0 0.787000 0.655419 0.022000 0.030675
0 0.307000 0.808793 0.022000 0.030675
0 0.223000 0.873211 0.022000 0.028630
0 0.349000 0.873211 0.022000 0.032720
0 0.845000 0.775051 0.022000 0.024540
0 0.666000 0.809816 0.020000 0.024540
0 0.785000 0.840491 0.018000 0.024540
0 0.862000 0.839468 0.020000 0.026585
