0 0.386000 0.120763 0.032000 0.024011
0 0.239000 0.247175 0.026000 0.022599
0 0.453000 0.283898 0.026000 0.019774
0 0.163000 0.358051 0.026000 0.021186
0 0.618000 0.358757 0.024000 0.022599
0 0.365000 0.432203 0.026000 0.022599
0 0.743000 0.432203 0.026000 0.019774
0 0.441000 0.507062 0.026000 0.019774
0 0.213000 0.543785 0.026000 0.019774
0 0.239000 0.581215 0.026000 0.024011
0 0.263000 0.618644 0.026000 0.022599
0 0.669000 0.692090 0.026000 0.022599
0 0.340000 0.728107 0.024000 0.024011
0 0.516000 0.803672 0.024000 0.022599
0 0.820000 0.802260 0.028000 0.022599
0 0.239000 0.877825 0.026000 0.024011
0 0.768000 0.877825 0.024000 0.021186
