0 0.128902 0.129630 0.028197 0.021368
0 0.421954 0.128917 0.028197 0.021368
0 0.335347 0.203348 0.024169 0.019231
0 0.588117 0.203704 0.024169 0.018519
0 0.145015 0.273504 0.024169 0.018519
0 0.380665 0.273504 0.022155 0.019943
0 0.168177 0.316239 0.020141 0.018519
0 0.474320 0.317308 0.022155 0.020655
0 0.544814 0.315883 0.022155 0.022080
0 0.778449 0.317664 0.020141 0.019943
0 0.401309 0.349359 0.021148 0.019231
0 0.564955 0.349359 0.020141 0.017806
0 0.682276 0.348647 0.021148 0.017806
0 0.799597 0.351140 0.020141 0.018519
0 0.215509 0.425214 0.020141 0.018519
0 0.334844 0.424145 0.021148 0.020655
0 0.733132 0.426282 0.020141 0.020655
0 0.635448 0.457621 0.020141 0.020655
0 0.919436 0.457621 0.024169 0.020655
0 0.259315 0.522436 0.023162 0.020655
0 0.215509 0.699786 0.020141 0.017806
0 0.333837 0.701211 0.021148 0.020655
0 0.447130 0.764245 0.020141 0.019943
0 0.564955 0.764601 0.022155 0.017806
0 0.474320 0.808405 0.020141 0.019943
0 0.118328 0.841524 0.019134 0.020655
