0 0.487000 0.103960 0.026000 0.029703
0 0.233000 0.139321 0.026000 0.029703
0 0.305000 0.176096 0.022000 0.021216
0 0.187000 0.252475 0.026000 0.026874
0 0.185000 0.324611 0.022000 0.026874
0 0.305000 0.364922 0.022000 0.028289
0 0.377000 0.362801 0.022000 0.026874
0 0.186000 0.437058 0.024000 0.025460
0 0.187000 0.476662 0.022000 0.025460
0 0.379000 0.473126 0.022000 0.024045
0 0.305000 0.547383 0.026000 0.025460
0 0.379000 0.584866 0.022000 0.021216
0 0.305000 0.621641 0.022000 0.021216
0 0.401000 0.657709 0.022000 0.022631
0 0.379000 0.694484 0.026000 0.025460
0 0.306000 0.734088 0.024000 0.022631
0 0.210000 0.807638 0.024000 0.022631
0 0.378000 0.883310 0.024000 0.029703
