0 0.452000 0.099576 0.024000 0.021186
0 0.181000 0.170904 0.022000 0.014124
0 0.679000 0.191384 0.022000 0.018362
0 0.793000 0.210452 0.022000 0.016949
0 0.511000 0.265537 0.022000 0.016949
0 0.282000 0.323446 0.020000 0.016949
0 0.384000 0.324153 0.020000 0.015537
0 0.799000 0.362288 0.022000 0.018362
0 0.470000 0.415960 0.020000 0.018362
0 0.793000 0.415254 0.022000 0.016949
0 0.496000 0.434322 0.020000 0.015537
0 0.713000 0.435028 0.022000 0.016949
0 0.255000 0.454802 0.022000 0.016949
0 0.457000 0.453390 0.022000 0.016949
0 0.457000 0.473164 0.022000 0.019774
0 0.216000 0.492938 0.024000 0.016949
0 0.773000 0.512712 0.022000 0.016949
0 0.376000 0.531780 0.024000 0.015537
0 0.160000 0.552260 0.024000 0.016949
0 0.349000 0.586158 0.022000 0.016949
0 0.611000 0.585452 0.022000 0.018362
0 0.262000 0.605932 0.020000 0.019774
0 0.638000 0.605932 0.020000 0.016949
0 0.160000 0.625000 0.024000 0.015537
0 0.444000 0.625000 0.020000 0.018362
0 0.707000 0.625000 0.022000 0.018362
0 0.802000 0.626412 0.024000 0.015537
0 0.214000 0.644068 0.020000 0.016949
0 0.450000 0.663842 0.020000 0.016949
0 0.752000 0.684322 0.020000 0.015537
0 0.530000 0.701271 0.020000 0.015537
0 0.161000 0.722458 0.022000 0.018362
0 0.621000 0.721751 0.022000 0.016949
0 0.436000 0.740819 0.020000 0.018362
0 0.712000 0.741525 0.020000 0.016949
0 0.241000 0.780367 0.022000 0.018362
0 0.395000 0.799435 0.022000 0.016949
0 0.389000 0.854520 0.022000 0.016949
0 0.616000 0.854520 0.020000 0.019774
0 0.356000 0.872881 0.020000 0.016949
0 0.651000 0.874294 0.022000 0.016949
0 0.308000 0.893362 0.020000 0.015537
0 0.664000 0.894068 0.020000 0.016949
0 0.759000 0.894068 0.022000 0.016949
