0 0.303125 0.513251 0.016250 0.012367
0 0.428125 0.551678 0.013750 0.015018
0 0.126250 0.590106 0.017500 0.014134
0 0.481875 0.590106 0.018750 0.012367
0 0.436875 0.609541 0.013750 0.014134
0 0.201875 0.627208 0.016250 0.012367
0 0.455625 0.627208 0.016250 0.012367
0 0.243125 0.646643 0.016250 0.014134
0 0.331875 0.645760 0.013750 0.014134
0 0.474375 0.646643 0.016250 0.012367
0 0.251250 0.682420 0.017500 0.013251
0 0.464375 0.683304 0.016250 0.013251
0 0.376250 0.702739 0.017500 0.011484
0 0.145625 0.720848 0.016250 0.014134
0 0.126250 0.758834 0.017500 0.012367
0 0.688750 0.554770 0.010000 0.008834
0 0.710625 0.610424 0.011250 0.008834
0 0.635000 0.651502 0.010000 0.007951
0 0.700000 0.661219 0.010000 0.009717
0 0.616875 0.700972 0.011250 0.009717
0 0.674375 0.700088 0.011250 0.009717
0 0.624375 0.711572 0.011250 0.009717
0 0.729375 0.710689 0.011250 0.009717
