0 0.470000 0.103107 0.028000 0.025424
0 0.257000 0.149718 0.022000 0.016949
0 0.403000 0.185734 0.022000 0.015537
0 0.201000 0.204802 0.018000 0.019774
0 0.442000 0.204096 0.020000 0.015537
0 0.505000 0.223870 0.022000 0.018362
0 0.281000 0.334040 0.022000 0.018362
0 0.645000 0.334746 0.022000 0.016949
0 0.342000 0.352401 0.020000 0.015537
0 0.262000 0.371469 0.020000 0.016949
0 0.404000 0.372881 0.024000 0.019774
0 0.282000 0.446328 0.024000 0.016949
0 0.443000 0.446328 0.022000 0.016949
0 0.705000 0.445621 0.022000 0.015537
0 0.564000 0.463983 0.020000 0.018362
0 0.746000 0.463277 0.020000 0.016949
0 0.160000 0.482345 0.024000 0.018362
0 0.624000 0.483051 0.020000 0.019774
0 0.262000 0.501412 0.020000 0.016949
0 0.828000 0.574153 0.024000 0.021186
0 0.160000 0.612994 0.024000 0.016949
0 0.382000 0.612288 0.020000 0.018362
0 0.343000 0.685734 0.022000 0.015537
0 0.382000 0.723870 0.020000 0.018362
0 0.565000 0.723870 0.022000 0.018362
0 0.524000 0.743644 0.020000 0.018362
0 0.161000 0.762006 0.026000 0.021186
0 0.585000 0.798023 0.022000 0.016949
0 0.524000 0.853107 0.020000 0.016949
0 0.644000 0.853107 0.020000 0.016949
0 0.281000 0.871469 0.022000 0.019774
