0 0.487000 0.101695 0.022000 0.022599
0 0.765000 0.433616 0.018000 0.016949
0 0.248000 0.450565 0.016000 0.016949
0 0.364000 0.450565 0.016000 0.014124
0 0.513000 0.450565 0.018000 0.014124
0 0.407000 0.478107 0.018000 0.018362
0 0.363000 0.558616 0.018000 0.015537
0 0.390000 0.634887 0.020000 0.015537
0 0.311000 0.759887 0.018000 0.016949
0 0.248000 0.776836 0.020000 0.016949
0 0.823000 0.776836 0.018000 0.014124
0 0.531000 0.793079 0.018000 0.015537
0 0.412000 0.819915 0.016000 0.015537
0 0.646000 0.820621 0.016000 0.019774
0 0.231000 0.862994 0.018000 0.016949
0 0.477000 0.891949 0.018000 0.015537
0 0.243000 0.662429 0.018000 0.014124
