0 0.529000 0.104520 0.026000 0.022599
0 0.186000 0.141243 0.024000 0.016949
0 0.281000 0.141949 0.022000 0.018362
0 0.256000 0.213983 0.020000 0.018362
0 0.163000 0.252119 0.022000 0.018362
0 0.234000 0.252119 0.024000 0.018362
0 0.751000 0.290960 0.022000 0.019774
0 0.822000 0.289548 0.024000 0.022599
0 0.257000 0.399011 0.022000 0.018362
0 0.326000 0.399718 0.024000 0.019774
0 0.210000 0.436441 0.024000 0.019774
0 0.610000 0.437147 0.024000 0.021186
0 0.822000 0.437147 0.024000 0.021186
0 0.210000 0.475282 0.024000 0.018362
0 0.281000 0.550141 0.022000 0.021186
0 0.634000 0.548729 0.024000 0.021186
0 0.705000 0.548729 0.022000 0.018362
0 0.680000 0.586158 0.024000 0.022599
0 0.352000 0.659605 0.024000 0.019774
0 0.420000 0.658898 0.024000 0.018362
0 0.234000 0.695621 0.024000 0.021186
0 0.704000 0.697740 0.024000 0.019774
0 0.774000 0.697034 0.024000 0.021186
0 0.398000 0.807910 0.024000 0.022599
0 0.468000 0.807910 0.024000 0.019774
0 0.328000 0.215395 0.024000 0.018362
