0 0.705000 0.102782 0.022000 0.020093
0 0.662000 0.138331 0.020000 0.020093
0 0.274000 0.171561 0.024000 0.021638
0 0.708000 0.170788 0.020000 0.020093
0 0.799000 0.170788 0.022000 0.020093
0 0.663000 0.205564 0.022000 0.021638
0 0.799000 0.206337 0.022000 0.023184
0 0.277000 0.287481 0.022000 0.021638
0 0.413000 0.286708 0.022000 0.020093
0 0.665000 0.286708 0.022000 0.020093
0 0.639000 0.322257 0.022000 0.023184
0 0.616000 0.390263 0.020000 0.020093
0 0.502000 0.425039 0.024000 0.021638
0 0.777000 0.425811 0.022000 0.020093
0 0.639000 0.457496 0.022000 0.021638
0 0.273000 0.494590 0.022000 0.021638
0 0.390000 0.539413 0.020000 0.021638
0 0.620000 0.540958 0.024000 0.021638
0 0.826000 0.540958 0.024000 0.021638
0 0.433000 0.574961 0.022000 0.021638
0 0.754000 0.575734 0.020000 0.020093
0 0.296000 0.608964 0.020000 0.018547
0 0.777000 0.609737 0.022000 0.020093
0 0.342000 0.643740 0.024000 0.020093
0 0.277000 0.690108 0.022000 0.017002
0 0.687000 0.690108 0.022000 0.023184
0 0.411000 0.724111 0.022000 0.020093
0 0.822000 0.726430 0.024000 0.021638
0 0.458000 0.758887 0.024000 0.021638
0 0.345000 0.853941 0.022000 0.020093
0 0.711000 0.853168 0.022000 0.018547
0 0.159000 0.887172 0.022000 0.021638
0 0.227000 0.888717 0.022000 0.021638
0 0.547000 0.888717 0.022000 0.021638
