0 0.283000 0.218927 0.026000 0.022599
0 0.282000 0.245763 0.024000 0.025424
0 0.415000 0.340395 0.022000 0.022599
0 0.608000 0.386299 0.024000 0.024011
0 0.608000 0.435028 0.024000 0.022599
0 0.309000 0.455508 0.026000 0.024011
0 0.670000 0.459746 0.024000 0.024011
0 0.502000 0.481638 0.024000 0.022599
0 0.460000 0.506356 0.024000 0.024011
0 0.308000 0.528249 0.024000 0.022599
0 0.479000 0.552966 0.026000 0.021186
0 0.671000 0.582627 0.022000 0.021186
0 0.392000 0.626412 0.024000 0.024011
0 0.187000 0.672316 0.030000 0.022599
0 0.453000 0.673729 0.026000 0.022599
0 0.575000 0.673023 0.022000 0.021186
0 0.407000 0.718220 0.030000 0.021186
0 0.295000 0.768362 0.026000 0.022599
0 0.741000 0.768362 0.026000 0.025424
0 0.433000 0.790960 0.022000 0.022599
0 0.265000 0.814266 0.022000 0.026836
0 0.590000 0.816384 0.024000 0.022599
0 0.482000 0.838277 0.024000 0.021186
0 0.337000 0.859463 0.026000 0.024011
