0 0.500000 0.098870 0.020000 0.016949
0 0.371000 0.265537 0.018000 0.016949
0 0.548000 0.265537 0.016000 0.016949
0 0.830000 0.432910 0.016000 0.015537
0 0.566000 0.516949 0.016000 0.016949
0 0.689000 0.515537 0.018000 0.014124
0 0.212000 0.543785 0.020000 0.016949
0 0.689000 0.543785 0.018000 0.014124
0 0.425000 0.627825 0.018000 0.015537
0 0.777000 0.572034 0.018000 0.016949
0 0.407000 0.710452 0.018000 0.016949
0 0.690000 0.850282 0.016000 0.016949
0 0.248000 0.906073 0.016000 0.015537
0 0.441000 0.515537 0.018000 0.014124
0 0.177000 0.405367 0.018000 0.014124
