0 0.802000 0.113680 0.032000 0.034682
0 0.256000 0.197495 0.032000 0.032755
0 0.506000 0.237958 0.032000 0.032755
0 0.636000 0.280347 0.032000 0.032755
0 0.538000 0.321773 0.032000 0.030829
0 0.817000 0.364162 0.034000 0.030829
0 0.125000 0.405588 0.030000 0.028902
0 0.389000 0.447977 0.030000 0.032755
0 0.819000 0.447013 0.030000 0.030829
0 0.273000 0.489403 0.030000 0.030829
0 0.192000 0.572254 0.032000 0.034682
0 0.801000 0.614644 0.034000 0.034682
0 0.816000 0.656069 0.032000 0.032755
0 0.652000 0.697495 0.032000 0.034682
0 0.093000 0.738921 0.030000 0.032755
0 0.570000 0.781310 0.032000 0.032755
