0 0.160000 0.094633 0.020000 0.016949
0 0.451000 0.094633 0.018000 0.016949
0 0.265000 0.115819 0.018000 0.016949
0 0.265000 0.137006 0.018000 0.016949
0 0.526000 0.159605 0.016000 0.016949
0 0.213000 0.201271 0.018000 0.015537
0 0.641000 0.201271 0.018000 0.015537
0 0.284000 0.224576 0.020000 0.014124
0 0.530000 0.222458 0.016000 0.018362
0 0.786000 0.243644 0.016000 0.015537
0 0.427000 0.264831 0.018000 0.018362
0 0.255000 0.286723 0.018000 0.016949
0 0.195000 0.307203 0.018000 0.018362
0 0.631000 0.287429 0.018000 0.018362
0 0.801000 0.350989 0.018000 0.015537
0 0.177000 0.392655 0.018000 0.016949
0 0.283000 0.394068 0.018000 0.016949
0 0.619000 0.392655 0.018000 0.016949
0 0.395000 0.415254 0.018000 0.016949
0 0.733000 0.435734 0.018000 0.015537
0 0.381000 0.456215 0.018000 0.016949
0 0.417000 0.456921 0.018000 0.015537
0 0.505000 0.457627 0.018000 0.016949
0 0.569000 0.456921 0.018000 0.018362
0 0.635000 0.456921 0.018000 0.015537
0 0.735000 0.457627 0.018000 0.016949
0 0.823000 0.456215 0.018000 0.016949
0 0.283000 0.478814 0.018000 0.016949
0 0.287000 0.520480 0.018000 0.018362
0 0.385000 0.521893 0.018000 0.018362
0 0.575000 0.521186 0.018000 0.016949
0 0.674000 0.521893 0.020000 0.021186
0 0.195000 0.542373 0.018000 0.016949
0 0.295000 0.543079 0.018000 0.015537
0 0.453000 0.542373 0.018000 0.016949
0 0.541000 0.543079 0.018000 0.018362
0 0.822000 0.543079 0.020000 0.018362
0 0.231000 0.564972 0.018000 0.016949
0 0.265000 0.606638 0.018000 0.015537
0 0.458000 0.605932 0.020000 0.016949
0 0.734000 0.628531 0.020000 0.016949
0 0.195000 0.649718 0.018000 0.016949
0 0.636000 0.649718 0.020000 0.016949
0 0.670000 0.670198 0.016000 0.015537
0 0.841000 0.670904 0.018000 0.016949
0 0.288000 0.692090 0.016000 0.016949
0 0.603000 0.713983 0.018000 0.015537
0 0.269000 0.775424 0.018000 0.016949
0 0.840000 0.776130 0.020000 0.015537
0 0.386000 0.798023 0.016000 0.016949
0 0.457000 0.796610 0.018000 0.016949
0 0.693000 0.797316 0.018000 0.015537
0 0.745000 0.797316 0.018000 0.015537
0 0.494000 0.819209 0.016000 0.016949
0 0.442000 0.819915 0.016000 0.015537
0 0.703000 0.819209 0.018000 0.014124
0 0.773000 0.819915 0.018000 0.015537
0 0.177000 0.841808 0.018000 0.016949
0 0.316000 0.841102 0.016000 0.015537
0 0.509000 0.840395 0.018000 0.016949
0 0.177000 0.862994 0.018000 0.016949
0 0.415000 0.862288 0.018000 0.015537
0 0.769000 0.862994 0.018000 0.016949
0 0.309000 0.883475 0.018000 0.015537
0 0.685000 0.883475 0.018000 0.015537
0 0.399000 0.905367 0.018000 0.016949
0 0.635000 0.905367 0.018000 0.016949
0 0.640000 0.180791 0.016000 0.014124
0 0.822000 0.266243 0.016000 0.015537
0 0.651000 0.330508 0.018000 0.014124
0 0.716000 0.735169 0.016000 0.012712
0 0.563000 0.500000 0.022000 0.014124
