0 0.484000 0.098870 0.028000 0.022599
0 0.786000 0.183616 0.020000 0.014124
0 0.282000 0.204096 0.020000 0.015537
0 0.272000 0.263418 0.020000 0.015537
0 0.836000 0.305791 0.020000 0.015537
0 0.284000 0.324153 0.020000 0.015537
0 0.383000 0.326271 0.022000 0.016949
0 0.543000 0.326271 0.018000 0.014124
0 0.302000 0.365819 0.020000 0.014124
0 0.403000 0.387006 0.018000 0.016949
0 0.555000 0.426554 0.018000 0.014124
0 0.636000 0.527542 0.020000 0.015537
0 0.343000 0.830508 0.018000 0.016949
0 0.544000 0.831215 0.020000 0.015537
0 0.383000 0.850282 0.018000 0.016949
0 0.201000 0.870056 0.018000 0.016949
0 0.484000 0.769068 0.020000 0.015537
