0 0.527000 0.141243 0.022000 0.016949
0 0.692000 0.141243 0.024000 0.019774
0 0.397000 0.178672 0.026000 0.021186
0 0.820000 0.177966 0.024000 0.019774
0 0.432000 0.289548 0.024000 0.019774
0 0.526000 0.437147 0.024000 0.018362
0 0.644000 0.437853 0.024000 0.019774
0 0.761000 0.437147 0.022000 0.018362
0 0.326000 0.474576 0.024000 0.019774
0 0.773000 0.475282 0.022000 0.018362
0 0.456000 0.584746 0.024000 0.019774
0 0.761000 0.585452 0.022000 0.018362
0 0.362000 0.696328 0.024000 0.016949
0 0.267000 0.808616 0.022000 0.018362
0 0.620000 0.882062 0.024000 0.018362
