0 0.487000 0.110169 0.026000 0.022599
0 0.246000 0.206215 0.020000 0.016949
0 0.399000 0.206921 0.022000 0.018362
0 0.451000 0.206921 0.022000 0.018362
0 0.484000 0.206215 0.020000 0.016949
0 0.221000 0.263418 0.022000 0.018362
0 0.732000 0.264124 0.020000 0.019774
0 0.180000 0.282486 0.020000 0.016949
0 0.744000 0.300847 0.020000 0.019774
0 0.578000 0.338277 0.020000 0.015537
0 0.673000 0.338277 0.022000 0.018362
0 0.833000 0.338277 0.022000 0.015537
0 0.437000 0.358051 0.022000 0.018362
0 0.255000 0.376412 0.022000 0.018362
0 0.712000 0.378531 0.020000 0.019774
0 0.161000 0.396893 0.022000 0.016949
0 0.262000 0.434322 0.020000 0.015537
0 0.685000 0.432910 0.022000 0.015537
0 0.181000 0.489407 0.022000 0.018362
0 0.692000 0.509887 0.020000 0.016949
0 0.424000 0.528955 0.024000 0.015537
0 0.470000 0.624294 0.020000 0.016949
0 0.307000 0.701271 0.022000 0.015537
0 0.361000 0.701977 0.022000 0.016949
0 0.689000 0.701977 0.022000 0.016949
0 0.743000 0.701977 0.022000 0.016949
