0 0.244000 0.228107 0.020000 0.015537
0 0.352000 0.259181 0.020000 0.015537
0 0.577000 0.290254 0.022000 0.015537
0 0.638000 0.290254 0.020000 0.015537
0 0.282000 0.321328 0.020000 0.015537
0 0.382000 0.321328 0.020000 0.015537
0 0.739000 0.352401 0.022000 0.015537
0 0.396000 0.413842 0.020000 0.016949
0 0.200000 0.537429 0.020000 0.015537
0 0.548000 0.567090 0.020000 0.015537
0 0.245000 0.629237 0.022000 0.015537
0 0.434000 0.661017 0.020000 0.016949
0 0.530000 0.783898 0.020000 0.016949
0 0.382000 0.813559 0.020000 0.016949
