0 0.434000 0.100282 0.024000 0.019774
0 0.616000 0.150424 0.020000 0.015537
0 0.444000 0.188559 0.020000 0.015537
0 0.588000 0.209040 0.020000 0.014124
0 0.222000 0.228107 0.020000 0.015537
0 0.316000 0.247175 0.020000 0.016949
0 0.256000 0.300847 0.020000 0.016949
0 0.390000 0.300141 0.020000 0.018362
0 0.180000 0.334040 0.020000 0.015537
0 0.322000 0.333333 0.020000 0.016949
0 0.763000 0.353107 0.022000 0.016949
0 0.215000 0.372175 0.022000 0.015537
0 0.396000 0.372175 0.020000 0.015537
0 0.342000 0.391949 0.020000 0.015537
0 0.476000 0.391949 0.020000 0.015537
0 0.652000 0.394068 0.020000 0.019774
0 0.221000 0.425847 0.018000 0.018362
0 0.292000 0.444915 0.020000 0.016949
0 0.386000 0.444915 0.020000 0.016949
0 0.578000 0.444209 0.020000 0.015537
0 0.417000 0.465395 0.022000 0.015537
0 0.362000 0.497175 0.020000 0.016949
0 0.322000 0.516949 0.020000 0.016949
0 0.749000 0.516949 0.018000 0.016949
0 0.356000 0.536017 0.020000 0.015537
0 0.638000 0.536723 0.020000 0.016949
0 0.719000 0.535311 0.022000 0.016949
0 0.242000 0.574859 0.020000 0.019774
0 0.336000 0.574153 0.020000 0.018362
0 0.390000 0.626412 0.020000 0.015537
0 0.180000 0.660311 0.020000 0.015537
0 0.678000 0.660311 0.020000 0.015537
0 0.437000 0.680085 0.022000 0.015537
0 0.732000 0.679379 0.020000 0.016949
0 0.181000 0.699859 0.018000 0.018362
0 0.302000 0.732345 0.020000 0.018362
0 0.779000 0.730226 0.022000 0.016949
0 0.396000 0.750706 0.020000 0.015537
0 0.712000 0.770480 0.020000 0.015537
0 0.574000 0.788842 0.020000 0.015537
0 0.261000 0.860876 0.022000 0.015537
0 0.374000 0.861582 0.020000 0.016949
0 0.810000 0.862288 0.020000 0.015537
0 0.342000 0.881356 0.020000 0.016949
0 0.474000 0.881356 0.020000 0.016949
0 0.749000 0.881356 0.018000 0.016949
