0 0.186000 0.103814 0.024000 0.018362
0 0.372000 0.140537 0.024000 0.018362
0 0.821000 0.141243 0.026000 0.019774
0 0.562000 0.178672 0.024000 0.018362
0 0.185000 0.326977 0.022000 0.018362
0 0.373000 0.325565 0.022000 0.018362
0 0.185000 0.548729 0.022000 0.018362
0 0.161000 0.586158 0.026000 0.019774
0 0.161000 0.622881 0.026000 0.019774
0 0.679000 0.622175 0.022000 0.018362
0 0.490000 0.585452 0.024000 0.018362
0 0.314000 0.771186 0.024000 0.019774
0 0.479000 0.770480 0.022000 0.018362
0 0.444000 0.808616 0.024000 0.018362
0 0.350000 0.844633 0.024000 0.016949
0 0.326000 0.882062 0.024000 0.018362
0 0.538000 0.882062 0.024000 0.018362
