0 0.208000 0.101236 0.020000 0.020093
0 0.293000 0.139104 0.018000 0.018547
0 0.533000 0.139876 0.018000 0.017002
0 0.259000 0.236476 0.018000 0.018547
0 0.601000 0.238022 0.018000 0.018547
0 0.208000 0.260433 0.020000 0.017002
0 0.258000 0.411901 0.016000 0.017002
0 0.585000 0.411901 0.018000 0.017002
0 0.259000 0.449768 0.018000 0.015456
0 0.516000 0.449768 0.020000 0.018547
0 0.310000 0.473725 0.016000 0.017002
0 0.550000 0.472952 0.016000 0.015456
0 0.473000 0.532457 0.018000 0.017002
0 0.173000 0.557187 0.018000 0.017002
0 0.475000 0.632148 0.018000 0.018547
0 0.749000 0.693199 0.018000 0.017002
0 0.379000 0.716383 0.018000 0.017002
0 0.413000 0.755023 0.018000 0.017002
0 0.585000 0.755023 0.018000 0.017002
0 0.791000 0.754250 0.018000 0.018547
0 0.345000 0.778207 0.018000 0.017002
0 0.235000 0.814529 0.018000 0.015456
0 0.602000 0.839258 0.016000 0.018547
0 0.509000 0.876352 0.018000 0.018547
0 0.337000 0.534003 0.018000 0.017002
