0 0.253000 0.068399 0.050000 0.028632
0 0.401000 0.097561 0.050000 0.029692
0 0.477000 0.201485 0.050000 0.031813
0 0.210000 0.338812 0.048000 0.030753
0 0.394000 0.465005 0.048000 0.028632
0 0.458000 0.495228 0.048000 0.027572
0 0.214000 0.603924 0.048000 0.028632
0 0.603000 0.602333 0.050000 0.027572
0 0.182000 0.724284 0.048000 0.029692
0 0.790000 0.722694 0.048000 0.026511
0 0.510000 0.754507 0.052000 0.026511
0 0.739000 0.784199 0.046000 0.028632
0 0.364000 0.813362 0.048000 0.027572
0 0.559000 0.813362 0.050000 0.027572
0 0.184000 0.904030 0.048000 0.026511
0 0.741000 0.903499 0.046000 0.031813
0 0.172000 0.933192 0.048000 0.027572
0 0.366000 0.933192 0.052000 0.027572
