0 0.361000 0.092867 0.022000 0.016151
0 0.926000 0.092194 0.020000 0.012113
0 0.551000 0.135935 0.018000 0.013459
0 0.527000 0.220054 0.026000 0.014805
0 0.603000 0.220727 0.022000 0.013459
0 0.970000 0.218708 0.020000 0.017497
0 0.623000 0.242261 0.022000 0.013459
0 0.658000 0.263795 0.024000 0.016151
0 0.530000 0.283984 0.020000 0.016151
0 0.636000 0.304845 0.020000 0.014805
0 0.616000 0.386272 0.016000 0.010767
0 0.320000 0.500000 0.016000 0.014805
0 0.029000 0.554509 0.022000 0.016151
0 0.133000 0.554509 0.022000 0.013459
0 0.028000 0.576716 0.028000 0.014805
0 0.086000 0.576716 0.020000 0.012113
0 0.217000 0.618439 0.022000 0.014805
0 0.049000 0.639300 0.022000 0.013459
0 0.399000 0.660834 0.018000 0.016151
0 0.266000 0.682369 0.020000 0.013459
0 0.742000 0.520188 0.016000 0.012113
0 0.575000 0.575370 0.022000 0.014805
0 0.611000 0.633244 0.014000 0.017497
0 0.899000 0.709960 0.018000 0.017497
0 0.383000 0.553163 0.022000 0.013459
