0 0.456000 0.074257 0.016000 0.015559
0 0.372000 0.089816 0.020000 0.015559
0 0.789000 0.122348 0.018000 0.015559
0 0.522000 0.153465 0.016000 0.015559
0 0.232000 0.167610 0.016000 0.015559
0 0.557000 0.230552 0.018000 0.016973
0 0.587000 0.246110 0.018000 0.014144
0 0.580000 0.371287 0.016000 0.015559
0 0.389000 0.401697 0.018000 0.016973
0 0.598000 0.386139 0.016000 0.014144
0 0.439000 0.417256 0.018000 0.014144
0 0.473000 0.510608 0.018000 0.016973
0 0.239000 0.588402 0.018000 0.016973
0 0.591000 0.589109 0.018000 0.015559
0 0.321000 0.618812 0.018000 0.015559
