0 0.627000 0.182910 0.034000 0.024011
0 0.325000 0.362994 0.022000 0.019774
0 0.635000 0.363701 0.022000 0.018362
0 0.744000 0.362288 0.024000 0.018362
0 0.338000 0.436441 0.020000 0.016949
0 0.491000 0.435734 0.022000 0.018362
0 0.607000 0.437147 0.022000 0.018362
0 0.308000 0.514124 0.024000 0.019774
0 0.421000 0.514124 0.022000 0.019774
0 0.399000 0.552260 0.022000 0.019774
0 0.514000 0.551554 0.024000 0.021186
0 0.697000 0.550847 0.022000 0.019774
0 0.767000 0.552260 0.022000 0.019774
0 0.395000 0.588983 0.022000 0.016949
0 0.718000 0.588983 0.024000 0.019774
0 0.345000 0.663136 0.022000 0.018362
0 0.459000 0.663842 0.022000 0.016949
0 0.680000 0.664548 0.024000 0.018362
0 0.319000 0.699859 0.022000 0.018362
0 0.431000 0.701271 0.022000 0.018362
0 0.677000 0.699859 0.022000 0.018362
0 0.273000 0.737994 0.022000 0.018362
0 0.386000 0.737288 0.024000 0.016949
0 0.714000 0.777542 0.024000 0.018362
0 0.208000 0.812853 0.024000 0.018362
0 0.323000 0.813559 0.022000 0.016949
0 0.466000 0.182910 0.028000 0.024011
