0 0.230000 0.136012 0.024000 0.027821
0 0.352000 0.172334 0.024000 0.023184
0 0.809000 0.170015 0.022000 0.027821
0 0.775000 0.207110 0.022000 0.021638
0 0.546000 0.311437 0.024000 0.026275
0 0.823000 0.380216 0.026000 0.030912
0 0.754000 0.482998 0.024000 0.026275
0 0.616000 0.552550 0.024000 0.026275
0 0.320000 0.619011 0.024000 0.026275
0 0.642000 0.621329 0.024000 0.024730
0 0.297000 0.723338 0.022000 0.024730
0 0.687000 0.724111 0.026000 0.026275
0 0.752000 0.758114 0.024000 0.023184
0 0.298000 0.792117 0.024000 0.029366
0 0.733000 0.826893 0.022000 0.024730
0 0.500000 0.102782 0.024000 0.023184
0 0.318000 0.311437 0.020000 0.020093
