0 0.550000 0.109737 0.036000 0.040185
0 0.417000 0.194745 0.026000 0.024730
0 0.771000 0.231066 0.026000 0.023184
0 0.307000 0.265842 0.026000 0.024730
0 0.379000 0.302937 0.022000 0.024730
0 0.355000 0.489954 0.026000 0.027821
0 0.698000 0.525502 0.028000 0.024730
0 0.747000 0.561824 0.026000 0.023184
0 0.453000 0.598145 0.026000 0.027821
0 0.796000 0.598918 0.024000 0.026275
0 0.158000 0.674652 0.032000 0.029366
0 0.208000 0.709428 0.024000 0.024730
0 0.208000 0.748068 0.028000 0.027821
0 0.454000 0.856260 0.024000 0.024730
