0 0.536000 0.104520 0.024000 0.019774
0 0.328000 0.138418 0.024000 0.019774
0 0.339000 0.189972 0.022000 0.018362
0 0.186000 0.242232 0.024000 0.018362
0 0.375000 0.242232 0.022000 0.018362
0 0.421000 0.267655 0.022000 0.018362
0 0.280000 0.319915 0.024000 0.018362
0 0.809000 0.450565 0.022000 0.019774
0 0.351000 0.476695 0.022000 0.018362
0 0.681000 0.476695 0.022000 0.018362
0 0.186000 0.503531 0.020000 0.018362
0 0.398000 0.581215 0.024000 0.018362
0 0.341000 0.608051 0.026000 0.018362
0 0.399000 0.633475 0.022000 0.018362
0 0.540000 0.659605 0.024000 0.019774
0 0.609000 0.658898 0.022000 0.018362
0 0.281000 0.686441 0.022000 0.019774
0 0.376000 0.686441 0.024000 0.019774
0 0.622000 0.711864 0.024000 0.019774
0 0.810000 0.712571 0.024000 0.018362
0 0.233000 0.816384 0.022000 0.019774
0 0.398000 0.816384 0.024000 0.016949
0 0.469000 0.841808 0.022000 0.019774
