0 0.516667 0.103774 0.033333 0.028302
0 0.255000 0.233491 0.023333 0.018868
0 0.443333 0.272406 0.026667 0.021226
0 0.608333 0.271226 0.023333 0.018868
0 0.773333 0.307783 0.026667 0.021226
0 0.726667 0.418632 0.026667 0.021226
0 0.280000 0.456368 0.026667 0.021226
0 0.326667 0.567217 0.026667 0.021226
0 0.290000 0.676887 0.026667 0.018868
0 0.538333 0.826651 0.023333 0.021226
0 0.361667 0.863208 0.023333 0.018868
0 0.221667 0.751179 0.030000 0.021226
0 0.281667 0.604953 0.023333 0.021226
0 0.575000 0.676887 0.023333 0.018868
0 0.458333 0.790094 0.023333 0.023585
0 0.375000 0.826651 0.023333 0.021226
0 0.588333 0.899764 0.023333 0.021226
