0 0.084000 0.192929 0.024000 0.030303
0 0.352000 0.441414 0.024000 0.026263
0 0.632000 0.439394 0.024000 0.030303
0 0.060000 0.494949 0.020000 0.024242
0 0.062000 0.520202 0.024000 0.022222
0 0.061000 0.544444 0.022000 0.022222
0 0.060000 0.568687 0.020000 0.022222
0 0.060000 0.592929 0.020000 0.022222
0 0.061000 0.616162 0.022000 0.024242
0 0.061000 0.637374 0.022000 0.022222
0 0.060000 0.659596 0.020000 0.022222
0 0.061000 0.682828 0.022000 0.024242
0 0.060000 0.707071 0.020000 0.024242
0 0.061000 0.731313 0.022000 0.024242
0 0.061000 0.754545 0.022000 0.026263
0 0.060000 0.780808 0.020000 0.026263
0 0.060000 0.805051 0.020000 0.022222
0 0.060000 0.828283 0.020000 0.024242
0 0.061000 0.852525 0.022000 0.024242
0 0.061000 0.876768 0.022000 0.024242
0 0.060000 0.898990 0.020000 0.024242
