0 0.261000 0.521186 0.018000 0.022599
0 0.247000 0.606638 0.018000 0.018362
0 0.478000 0.605932 0.020000 0.014124
0 0.565000 0.606638 0.018000 0.015537
0 0.779000 0.606638 0.018000 0.015537
0 0.247000 0.628531 0.018000 0.014124
0 0.335000 0.629944 0.018000 0.016949
0 0.424000 0.628531 0.020000 0.016949
0 0.707000 0.649718 0.018000 0.016949
0 0.831000 0.649011 0.018000 0.018362
0 0.371000 0.671610 0.018000 0.015537
0 0.442000 0.672316 0.020000 0.016949
0 0.512000 0.671610 0.020000 0.015537
0 0.583000 0.670904 0.018000 0.014124
0 0.177000 0.692090 0.018000 0.019774
0 0.319000 0.693503 0.018000 0.016949
0 0.459000 0.692090 0.018000 0.014124
0 0.530000 0.692797 0.020000 0.018362
0 0.565000 0.691384 0.018000 0.018362
0 0.261000 0.883475 0.018000 0.018362
0 0.579000 0.884887 0.018000 0.018362
0 0.247000 0.904661 0.018000 0.015537
0 0.318000 0.906073 0.016000 0.015537
0 0.646000 0.905367 0.020000 0.016949
