0 0.287000 0.104668 0.026000 0.019802
0 0.394000 0.103960 0.024000 0.021216
0 0.591000 0.152051 0.022000 0.015559
0 0.282000 0.176096 0.020000 0.018388
0 0.460000 0.176096 0.020000 0.015559
0 0.818000 0.174682 0.020000 0.018388
0 0.424000 0.201556 0.020000 0.018388
0 0.324000 0.222772 0.020000 0.018388
0 0.407000 0.223479 0.018000 0.016973
0 0.755000 0.224187 0.018000 0.018388
0 0.324000 0.273692 0.020000 0.018388
0 0.485000 0.272984 0.022000 0.016973
0 0.718000 0.272277 0.020000 0.018388
0 0.322000 0.297030 0.020000 0.016973
0 0.423000 0.296322 0.022000 0.018388
0 0.327000 0.320368 0.018000 0.015559
0 0.556000 0.321075 0.020000 0.016973
0 0.640000 0.322489 0.020000 0.016973
0 0.287000 0.391089 0.026000 0.021216
0 0.323000 0.439887 0.018000 0.016973
0 0.443000 0.440594 0.018000 0.018388
0 0.564000 0.438472 0.020000 0.016973
0 0.818000 0.437058 0.020000 0.016973
0 0.479000 0.462518 0.018000 0.016973
0 0.539000 0.462518 0.022000 0.016973
0 0.719000 0.463932 0.018000 0.016973
0 0.201000 0.487270 0.018000 0.018388
0 0.381000 0.487977 0.022000 0.016973
0 0.160000 0.512023 0.020000 0.016973
0 0.323000 0.535361 0.018000 0.018388
0 0.576000 0.536068 0.020000 0.016973
0 0.798000 0.536068 0.020000 0.016973
0 0.444000 0.560113 0.020000 0.014144
0 0.666000 0.559406 0.020000 0.015559
0 0.322000 0.583451 0.020000 0.015559
0 0.741000 0.582744 0.018000 0.016973
0 0.160000 0.608204 0.024000 0.016973
0 0.458000 0.608911 0.020000 0.018388
0 0.160000 0.632956 0.020000 0.015559
0 0.580000 0.631542 0.020000 0.015559
0 0.222000 0.657001 0.020000 0.015559
0 0.323000 0.656294 0.022000 0.016973
0 0.463000 0.656294 0.018000 0.016973
0 0.323000 0.680339 0.018000 0.016973
0 0.423000 0.681047 0.018000 0.015559
0 0.738000 0.705092 0.020000 0.018388
0 0.839000 0.705799 0.018000 0.016973
0 0.363000 0.704385 0.022000 0.016973
0 0.322000 0.753182 0.020000 0.015559
0 0.667000 0.753182 0.018000 0.018388
0 0.698000 0.777935 0.020000 0.016973
0 0.461000 0.802687 0.018000 0.018388
0 0.323000 0.850778 0.022000 0.018388
0 0.577000 0.850778 0.018000 0.018388
0 0.365000 0.898868 0.022000 0.018388
0 0.504000 0.729137 0.020000 0.015559
0 0.263000 0.511315 0.018000 0.015559
0 0.581000 0.176096 0.018000 0.018388
