0 0.521000 0.060028 0.018000 0.015537
0 0.489000 0.185734 0.022000 0.018362
0 0.308000 0.356638 0.020000 0.018362
0 0.310000 0.468927 0.020000 0.016949
0 0.660000 0.543079 0.020000 0.015537
0 0.889000 0.579096 0.022000 0.016949
0 0.287000 0.690678 0.022000 0.016949
0 0.429000 0.726695 0.022000 0.018362
0 0.670000 0.727401 0.020000 0.019774
0 0.408000 0.764124 0.020000 0.016949
0 0.792000 0.764831 0.020000 0.015537
0 0.287000 0.838277 0.022000 0.018362
0 0.266000 0.875000 0.020000 0.015537
0 0.528000 0.875000 0.020000 0.015537
0 0.630000 0.875706 0.020000 0.016949
0 0.286000 0.912429 0.020000 0.016949
