0 0.254000 0.069307 0.020000 0.016973
0 0.217000 0.138614 0.018000 0.014144
0 0.405000 0.138614 0.018000 0.016973
0 0.725000 0.226308 0.018000 0.016973
0 0.499000 0.243281 0.018000 0.014144
0 0.518000 0.294908 0.020000 0.015559
0 0.084000 0.311881 0.020000 0.015559
0 0.235000 0.312588 0.018000 0.016973
0 0.235000 0.330269 0.018000 0.015559
0 0.461000 0.364215 0.018000 0.018388
0 0.650000 0.364215 0.020000 0.015559
0 0.197000 0.381895 0.018000 0.016973
0 0.386000 0.381895 0.020000 0.014144
0 0.216000 0.487270 0.020000 0.018388
0 0.847000 0.364215 0.018000 0.015559
