0 0.487000 0.328390 0.026000 0.024011
0 0.807000 0.364407 0.026000 0.022599
0 0.379000 0.437853 0.026000 0.028249
0 0.244000 0.509887 0.024000 0.025424
0 0.162000 0.697034 0.028000 0.024011
0 0.291000 0.734463 0.026000 0.022599
0 0.834000 0.734463 0.024000 0.022599
0 0.459000 0.771186 0.026000 0.022599
0 0.621000 0.771893 0.026000 0.024011
0 0.541000 0.807910 0.026000 0.028249
0 0.729000 0.807910 0.026000 0.022599
0 0.164000 0.843927 0.024000 0.024011
0 0.353000 0.846045 0.026000 0.025424
0 0.245000 0.881356 0.026000 0.022599
