0 0.397000 0.194209 0.018000 0.018362
0 0.159000 0.281073 0.022000 0.016949
0 0.450000 0.237288 0.020000 0.016949
0 0.566000 0.237288 0.020000 0.016949
0 0.455000 0.283192 0.018000 0.018362
0 0.619000 0.324859 0.018000 0.014124
0 0.179000 0.368644 0.018000 0.016949
0 0.695000 0.369350 0.018000 0.015537
0 0.293000 0.466808 0.022000 0.015537
0 0.233000 0.510593 0.018000 0.015537
0 0.399000 0.512006 0.018000 0.015537
0 0.784000 0.511299 0.020000 0.016949
0 0.308000 0.598164 0.020000 0.015537
0 0.437000 0.641949 0.018000 0.015537
0 0.602000 0.686441 0.020000 0.016949
0 0.234000 0.686441 0.020000 0.016949
0 0.417000 0.729520 0.018000 0.015537
0 0.639000 0.729520 0.018000 0.015537
0 0.197000 0.860169 0.018000 0.019774
0 0.436000 0.859463 0.016000 0.015537
0 0.528000 0.859463 0.020000 0.018362
0 0.747000 0.860169 0.018000 0.016949
0 0.437000 0.815678 0.018000 0.015537
0 0.308000 0.151130 0.020000 0.014124
0 0.515000 0.368644 0.018000 0.019774
