0 0.473000 0.096045 0.018000 0.014124
0 0.247000 0.192797 0.018000 0.012712
0 0.512000 0.192797 0.016000 0.012712
0 0.459000 0.213983 0.018000 0.012712
0 0.248000 0.278249 0.020000 0.014124
0 0.495000 0.320621 0.018000 0.014124
0 0.786000 0.320621 0.016000 0.014124
0 0.813000 0.384887 0.018000 0.015537
0 0.213000 0.427260 0.018000 0.012712
0 0.283000 0.491525 0.018000 0.014124
0 0.601000 0.490819 0.018000 0.015537
0 0.230000 0.513418 0.016000 0.015537
0 0.707000 0.512712 0.018000 0.014124
0 0.707000 0.533898 0.018000 0.014124
0 0.301000 0.618644 0.018000 0.014124
0 0.477000 0.619350 0.018000 0.015537
0 0.812000 0.618644 0.016000 0.014124
0 0.425000 0.639831 0.018000 0.014124
0 0.707000 0.639831 0.018000 0.014124
0 0.195000 0.661017 0.018000 0.014124
0 0.389000 0.661017 0.018000 0.014124
0 0.759000 0.810734 0.018000 0.014124
0 0.407000 0.832627 0.018000 0.015537
0 0.459000 0.831921 0.018000 0.014124
0 0.319000 0.854520 0.018000 0.014124
0 0.759000 0.874294 0.018000 0.014124
0 0.335000 0.896186 0.018000 0.015537
0 0.724000 0.896186 0.016000 0.015537
