0 0.303000 0.103960 0.022000 0.021216
0 0.303000 0.178218 0.022000 0.019802
0 0.581000 0.177511 0.022000 0.021216
0 0.601000 0.214286 0.022000 0.018388
0 0.278000 0.251768 0.024000 0.016973
0 0.577000 0.252475 0.022000 0.018388
0 0.795000 0.327440 0.022000 0.018388
0 0.374000 0.399576 0.024000 0.018388
0 0.339000 0.437765 0.022000 0.021216
0 0.405000 0.475248 0.022000 0.019802
0 0.185000 0.511315 0.022000 0.021216
0 0.209000 0.548798 0.022000 0.019802
0 0.585000 0.547383 0.022000 0.019802
0 0.557000 0.881895 0.022000 0.021216
0 0.787000 0.437765 0.022000 0.018388
0 0.649000 0.771570 0.022000 0.018388
