0 0.192000 0.244108 0.088000 0.090909
0 0.197000 0.325758 0.038000 0.042088
0 0.415000 0.322391 0.034000 0.042088
0 0.601000 0.323232 0.034000 0.043771
0 0.784000 0.326599 0.036000 0.033670
0 0.516000 0.374579 0.040000 0.035354
0 0.922000 0.373737 0.036000 0.040404
0 0.627000 0.425084 0.034000 0.038721
0 0.226000 0.519360 0.036000 0.042088
0 0.224000 0.569865 0.036000 0.038721
0 0.407000 0.567340 0.034000 0.040404
0 0.591000 0.572391 0.038000 0.043771
0 0.480000 0.620370 0.036000 0.042088
0 0.150000 0.668350 0.036000 0.037037
0 0.476000 0.961279 0.048000 0.047138
