0 0.434000 0.103814 0.028000 0.021186
0 0.222000 0.139831 0.024000 0.019774
0 0.598000 0.215395 0.024000 0.021186
0 0.468000 0.252119 0.024000 0.021186
0 0.309000 0.289548 0.022000 0.019774
0 0.745000 0.289548 0.022000 0.022599
0 0.598000 0.326977 0.024000 0.021186
0 0.386000 0.401130 0.024000 0.022599
0 0.291000 0.473164 0.022000 0.022599
0 0.234000 0.512006 0.024000 0.021186
0 0.633000 0.510593 0.022000 0.021186
0 0.280000 0.548023 0.024000 0.019774
0 0.398000 0.547316 0.024000 0.018362
0 0.256000 0.585452 0.024000 0.021186
0 0.634000 0.586158 0.024000 0.022599
0 0.727000 0.585452 0.022000 0.021186
0 0.233000 0.622175 0.022000 0.021186
0 0.398000 0.622175 0.024000 0.021186
0 0.456000 0.696328 0.024000 0.019774
0 0.316000 0.769774 0.024000 0.019774
0 0.209000 0.807203 0.022000 0.021186
0 0.586000 0.843927 0.024000 0.018362
