0 0.510000 0.060028 0.020000 0.018362
0 0.774000 0.137006 0.020000 0.019774
0 0.855000 0.136299 0.022000 0.018362
0 0.350000 0.189266 0.020000 0.016949
0 0.166000 0.346045 0.020000 0.016949
0 0.666000 0.372881 0.020000 0.019774
0 0.410000 0.452684 0.020000 0.018362
0 0.289000 0.503531 0.018000 0.018362
0 0.266000 0.556497 0.020000 0.016949
0 0.866000 0.583333 0.020000 0.019774
0 0.528000 0.634181 0.020000 0.019774
0 0.670000 0.634181 0.020000 0.016949
0 0.812000 0.634887 0.020000 0.018362
0 0.186000 0.660311 0.020000 0.015537
0 0.490000 0.713277 0.020000 0.016949
0 0.832000 0.712571 0.020000 0.018362
0 0.482000 0.764831 0.020000 0.015537
0 0.562000 0.764831 0.020000 0.015537
0 0.663000 0.764831 0.022000 0.015537
0 0.804000 0.764831 0.020000 0.015537
0 0.267000 0.790960 0.022000 0.016949
0 0.408000 0.790960 0.020000 0.016949
0 0.798000 0.790960 0.020000 0.016949
0 0.308000 0.817090 0.020000 0.015537
0 0.408000 0.817090 0.020000 0.015537
0 0.489000 0.842514 0.022000 0.018362
0 0.548000 0.895480 0.020000 0.016949
