0 0.160000 0.109835 0.048000 0.024816
0 0.402000 0.181985 0.052000 0.027574
0 0.643000 0.182904 0.050000 0.029412
0 0.883000 0.182445 0.042000 0.032169
0 0.733000 0.219210 0.046000 0.028493
0 0.084000 0.253676 0.056000 0.029412
0 0.583000 0.324908 0.042000 0.024816
0 0.882000 0.466912 0.052000 0.025735
0 0.402000 0.717371 0.048000 0.024816
0 0.234000 0.755055 0.052000 0.026654
0 0.933000 0.755974 0.050000 0.024816
0 0.385000 0.898438 0.050000 0.028493
0 0.634000 0.897518 0.048000 0.034007
0 0.085000 0.935202 0.054000 0.024816
0 0.335000 0.935202 0.046000 0.030331
0 0.584000 0.934743 0.040000 0.027574
0 0.320000 0.969210 0.044000 0.026654
