0 0.221000 0.093927 0.018000 0.015537
0 0.222000 0.113701 0.020000 0.015537
0 0.766000 0.223164 0.020000 0.016949
0 0.605000 0.242232 0.018000 0.015537
0 0.524000 0.259887 0.020000 0.016949
0 0.262000 0.279661 0.020000 0.016949
0 0.444000 0.298023 0.020000 0.016949
0 0.646000 0.296610 0.020000 0.019774
0 0.161000 0.390537 0.022000 0.018362
0 0.676000 0.463277 0.020000 0.016949
0 0.636000 0.483051 0.020000 0.019774
0 0.324000 0.500706 0.020000 0.015537
0 0.262000 0.519774 0.020000 0.014124
0 0.342000 0.537429 0.020000 0.018362
0 0.676000 0.557203 0.020000 0.021186
0 0.242000 0.612288 0.020000 0.015537
0 0.666000 0.629944 0.020000 0.016949
0 0.585000 0.648305 0.018000 0.016949
0 0.484000 0.704096 0.020000 0.018362
0 0.756000 0.741525 0.020000 0.019774
0 0.615000 0.759887 0.018000 0.019774
0 0.555000 0.796610 0.018000 0.019774
0 0.403000 0.851695 0.018000 0.016949
0 0.201000 0.870056 0.018000 0.016949
0 0.614000 0.889124 0.020000 0.018362
0 0.716000 0.889124 0.020000 0.021186
0 0.554000 0.574859 0.020000 0.016949
