0 0.477000 0.073446 0.038000 0.036723
0 0.601000 0.278955 0.022000 0.018362
0 0.671000 0.279661 0.022000 0.022599
0 0.382000 0.307203 0.020000 0.018362
0 0.219000 0.442797 0.022000 0.024011
0 0.573000 0.442797 0.026000 0.024011
0 0.343000 0.470339 0.022000 0.025424
0 0.201000 0.497175 0.026000 0.025424
0 0.594000 0.525424 0.024000 0.022599
0 0.202000 0.552260 0.028000 0.019774
0 0.343000 0.579802 0.022000 0.024011
0 0.624000 0.689972 0.024000 0.021186
0 0.366000 0.743644 0.024000 0.021186
0 0.884000 0.743644 0.024000 0.021186
0 0.178000 0.769774 0.024000 0.019774
0 0.265000 0.800141 0.026000 0.024011
0 0.225000 0.853107 0.026000 0.022599
0 0.154000 0.880650 0.020000 0.024011
0 0.689000 0.633475 0.022000 0.018362
