0 0.025000 0.031646 0.038000 0.041139
0 0.222000 0.106804 0.040000 0.036392
0 0.421000 0.108386 0.038000 0.036392
0 0.619000 0.108386 0.038000 0.042722
0 0.224000 0.155063 0.040000 0.037975
0 0.421000 0.156646 0.038000 0.037975
0 0.263000 0.251582 0.038000 0.031646
0 0.381000 0.425633 0.038000 0.031646
0 0.223000 0.693829 0.038000 0.033228
0 0.816000 0.695411 0.040000 0.036392
0 0.382000 0.744462 0.040000 0.036392
0 0.854000 0.840981 0.040000 0.039557
0 0.065000 0.887658 0.038000 0.041139
0 0.342000 0.888449 0.040000 0.033228
0 0.539000 0.888449 0.038000 0.036392
0 0.737000 0.888449 0.038000 0.033228
0 0.259000 0.935918 0.038000 0.036392
