0 0.345000 0.125000 0.038000 0.029661
0 0.325000 0.435028 0.014000 0.014124
0 0.491000 0.435028 0.014000 0.014124
0 0.764000 0.435734 0.016000 0.012712
0 0.280000 0.415254 0.016000 0.014124
0 0.506000 0.478814 0.016000 0.014124
0 0.672000 0.478107 0.012000 0.015537
0 0.808000 0.478107 0.016000 0.012712
0 0.411000 0.643362 0.018000 0.018362
0 0.370000 0.204802 0.016000 0.011299
0 0.552000 0.260593 0.016000 0.012712
0 0.224000 0.297316 0.016000 0.012712
0 0.360000 0.298023 0.016000 0.011299
0 0.640000 0.298023 0.016000 0.014124
0 0.408000 0.456215 0.016000 0.014124
0 0.711000 0.456215 0.014000 0.014124
0 0.324000 0.479520 0.016000 0.009887
