0 0.316284 0.147196 0.027140 0.023364
0 0.684760 0.246106 0.029228 0.024922
0 0.520877 0.369938 0.027140 0.023364
0 0.193111 0.416667 0.027140 0.023364
0 0.310021 0.461059 0.027140 0.024922
0 0.669102 0.550623 0.031315 0.023364
0 0.594990 0.595794 0.029228 0.023364
0 0.610647 0.640966 0.027140 0.026480
0 0.253653 0.640966 0.031315 0.023364
0 0.460334 0.686137 0.027140 0.023364
0 0.551148 0.730530 0.025052 0.024922
0 0.820459 0.686137 0.025052 0.023364
0 0.191023 0.819315 0.027140 0.028037
0 0.701461 0.820093 0.025052 0.023364
