0 0.433031 0.097934 0.024169 0.026353
0 0.300604 0.167379 0.021148 0.027066
0 0.602719 0.165242 0.021148 0.021368
0 0.429507 0.228276 0.021148 0.024929
0 0.754280 0.230057 0.022155 0.021368
0 0.591641 0.262108 0.021148 0.021368
0 0.532226 0.327279 0.023162 0.023504
0 0.787513 0.324786 0.020141 0.019943
0 0.683787 0.392806 0.020141 0.019231
0 0.394260 0.553063 0.021148 0.024929
0 0.556395 0.552707 0.023162 0.025641
0 0.244209 0.682692 0.023162 0.023504
0 0.369587 0.747863 0.022155 0.024217
0 0.579053 0.745014 0.022155 0.019943
0 0.159617 0.844373 0.027190 0.022080
0 0.279456 0.845085 0.027190 0.026353
