0 0.096000 0.021497 0.020000 0.020701
0 0.175000 0.101115 0.018000 0.017516
0 0.299000 0.102707 0.018000 0.017516
0 0.355000 0.101911 0.018000 0.015924
0 0.627000 0.049363 0.018000 0.015924
0 0.081000 0.124204 0.018000 0.015924
0 0.171000 0.487261 0.018000 0.015924
0 0.674000 0.468153 0.020000 0.019108
0 0.099000 0.698248 0.018000 0.017516
0 0.837000 0.683121 0.014000 0.012739
0 0.608000 0.754777 0.020000 0.015924
0 0.820000 0.755573 0.016000 0.017516
0 0.839000 0.754777 0.018000 0.015924
0 0.251000 0.855892 0.018000 0.014331
0 0.357000 0.878981 0.018000 0.015924
0 0.395000 0.878981 0.018000 0.015924
0 0.515000 0.972930 0.018000 0.015924
0 0.269000 0.056529 0.018000 0.014331
