0 0.528000 0.103253 0.024000 0.019802
0 0.360000 0.149929 0.016000 0.016973
0 0.664000 0.149222 0.020000 0.015559
0 0.566000 0.205799 0.016000 0.015559
0 0.233000 0.240453 0.018000 0.016973
0 0.409000 0.242574 0.018000 0.015559
0 0.249000 0.260255 0.018000 0.016973
0 0.495000 0.241867 0.018000 0.016973
0 0.581000 0.241867 0.018000 0.016973
0 0.701000 0.241867 0.018000 0.016973
0 0.327000 0.316124 0.018000 0.015559
0 0.562000 0.315417 0.016000 0.016973
0 0.363000 0.353607 0.018000 0.014144
0 0.317000 0.427864 0.018000 0.015559
0 0.496000 0.427864 0.020000 0.015559
0 0.725000 0.427864 0.018000 0.015559
0 0.230000 0.445545 0.016000 0.016973
0 0.513000 0.446252 0.018000 0.015559
0 0.319000 0.501414 0.018000 0.012730
0 0.361000 0.556577 0.018000 0.015559
0 0.694000 0.556577 0.016000 0.015559
0 0.320000 0.631542 0.016000 0.015559
0 0.467000 0.631542 0.018000 0.015559
0 0.557000 0.631542 0.018000 0.012730
0 0.656000 0.630835 0.016000 0.016973
0 0.281000 0.649929 0.018000 0.015559
0 0.369000 0.649929 0.018000 0.015559
0 0.468000 0.649929 0.016000 0.015559
0 0.363000 0.704385 0.018000 0.014144
0 0.405000 0.742574 0.018000 0.016973
0 0.557000 0.741867 0.018000 0.015559
0 0.312000 0.760255 0.016000 0.015559
0 0.281000 0.797737 0.018000 0.014144
0 0.335000 0.799151 0.018000 0.016973
0 0.541000 0.797737 0.018000 0.014144
0 0.712000 0.798444 0.016000 0.015559
0 0.177000 0.816832 0.018000 0.015559
0 0.327000 0.853607 0.018000 0.015559
0 0.575000 0.854314 0.018000 0.016973
0 0.607000 0.185997 0.018000 0.015559
0 0.614000 0.316124 0.016000 0.015559
0 0.697000 0.371994 0.018000 0.014144
0 0.160000 0.390382 0.020000 0.016973
0 0.263000 0.519802 0.018000 0.012730
0 0.316000 0.520509 0.020000 0.014144
0 0.227000 0.594767 0.018000 0.015559
0 0.535000 0.556577 0.018000 0.015559
0 0.769000 0.371287 0.018000 0.015559
0 0.159000 0.205799 0.018000 0.021216
