0 0.369000 0.100282 0.038000 0.025424
0 0.218000 0.305085 0.024000 0.016949
0 0.703000 0.305791 0.026000 0.021186
0 0.619000 0.341102 0.026000 0.021186
0 0.273000 0.378531 0.022000 0.019774
0 0.378000 0.490113 0.024000 0.019774
0 0.460000 0.526836 0.024000 0.016949
0 0.244000 0.600989 0.020000 0.018362
0 0.485000 0.600282 0.022000 0.019774
0 0.701000 0.600989 0.022000 0.021186
0 0.406000 0.675847 0.024000 0.018362
0 0.595000 0.676554 0.022000 0.019774
0 0.299000 0.711864 0.022000 0.019774
0 0.487000 0.711864 0.022000 0.016949
0 0.541000 0.787429 0.026000 0.021186
0 0.298000 0.824153 0.024000 0.021186
0 0.646000 0.823446 0.024000 0.019774
0 0.298000 0.860169 0.024000 0.019774
0 0.567000 0.861582 0.022000 0.019774
0 0.701000 0.859463 0.026000 0.018362
0 0.515000 0.899011 0.026000 0.021186
0 0.648000 0.896893 0.020000 0.019774
