0 0.488066 0.058920 0.032922 0.036007
0 0.625514 0.056874 0.032922 0.040098
0 0.280658 0.056874 0.031276 0.043372
0 0.246914 0.235679 0.032922 0.039280
0 0.419342 0.233224 0.032099 0.034370
0 0.453498 0.233633 0.032922 0.035188
0 0.134979 0.276187 0.032922 0.036825
0 0.272840 0.274959 0.032099 0.032733
0 0.495473 0.274141 0.034568 0.034370
0 0.134979 0.315057 0.031276 0.034370
0 0.375309 0.313011 0.032922 0.036825
0 0.565021 0.313421 0.033745 0.037643
0 0.350617 0.491408 0.032922 0.038462
0 0.521399 0.493044 0.032099 0.041735
0 0.658025 0.493044 0.035391 0.033552
0 0.284774 0.674304 0.032922 0.036007
0 0.560082 0.678396 0.033745 0.037643
0 0.251029 0.719313 0.032922 0.037643
0 0.524280 0.719722 0.034568 0.035188
0 0.249383 0.759820 0.034568 0.035188
0 0.558848 0.757774 0.032922 0.036007
0 0.456379 0.799918 0.033745 0.038462
0 0.490535 0.839198 0.031276 0.035188
0 0.523868 0.842062 0.032099 0.040917
0 0.044856 0.880115 0.033745 0.036825
0 0.078189 0.880524 0.032922 0.037643
0 0.216461 0.882160 0.032922 0.034370
0 0.422634 0.882570 0.032099 0.036825
0 0.628395 0.882570 0.033745 0.035188
0 0.079012 0.920622 0.032922 0.034370
0 0.321399 0.922668 0.030453 0.033552
0 0.662140 0.922668 0.035391 0.035188
