0 0.417000 0.120763 0.030000 0.029661
0 0.340000 0.283898 0.024000 0.022599
0 0.403000 0.432203 0.026000 0.022599
0 0.768000 0.431497 0.024000 0.024011
0 0.316000 0.470339 0.024000 0.022599
0 0.264000 0.505650 0.024000 0.019774
0 0.213000 0.542373 0.026000 0.019774
0 0.390000 0.543785 0.024000 0.022599
0 0.162000 0.580508 0.028000 0.022599
0 0.340000 0.579802 0.028000 0.021186
0 0.517000 0.580508 0.026000 0.019774
0 0.743000 0.580508 0.026000 0.022599
0 0.768000 0.802966 0.024000 0.021186
0 0.818000 0.839689 0.024000 0.021186
0 0.416000 0.877119 0.024000 0.022599
