0 0.485000 0.087571 0.026000 0.028249
0 0.201000 0.244350 0.014000 0.014124
0 0.303000 0.243644 0.014000 0.012712
0 0.685000 0.245763 0.014000 0.016949
0 0.246000 0.300141 0.016000 0.012712
0 0.289000 0.379944 0.014000 0.016949
0 0.361000 0.461158 0.014000 0.015537
0 0.180000 0.480226 0.016000 0.014124
0 0.237000 0.552966 0.014000 0.012712
0 0.354000 0.572740 0.016000 0.015537
0 0.356000 0.598870 0.016000 0.014124
0 0.532000 0.599576 0.016000 0.012712
0 0.751000 0.599576 0.014000 0.015537
0 0.334000 0.617938 0.016000 0.012712
0 0.267000 0.635593 0.014000 0.014124
0 0.545000 0.637006 0.014000 0.014124
0 0.333000 0.655367 0.014000 0.014124
0 0.172000 0.673729 0.016000 0.014124
0 0.222000 0.692797 0.016000 0.015537
0 0.142000 0.711158 0.016000 0.012712
0 0.304000 0.711158 0.016000 0.012712
0 0.348000 0.730226 0.016000 0.014124
0 0.613000 0.783898 0.014000 0.016949
0 0.377000 0.711158 0.014000 0.012712
