0 0.270000 0.157001 0.020000 0.025460
0 0.250000 0.238331 0.020000 0.024045
0 0.392000 0.237624 0.024000 0.022631
0 0.532000 0.265912 0.020000 0.019802
0 0.252000 0.321782 0.020000 0.021216
0 0.645000 0.323197 0.022000 0.018388
0 0.211000 0.403112 0.022000 0.019802
0 0.725000 0.432815 0.022000 0.022631
0 0.373000 0.489392 0.022000 0.025460
0 0.493000 0.487977 0.022000 0.028289
0 0.595000 0.487977 0.022000 0.028289
0 0.530000 0.543140 0.020000 0.022631
0 0.817000 0.543140 0.022000 0.022631
0 0.432000 0.572136 0.020000 0.021216
0 0.674000 0.570721 0.020000 0.024045
0 0.604000 0.628006 0.020000 0.022631
0 0.492000 0.655587 0.020000 0.021216
0 0.817000 0.657709 0.022000 0.022631
0 0.159000 0.711457 0.022000 0.022631
0 0.231000 0.765205 0.022000 0.022631
0 0.200000 0.795615 0.020000 0.024045
