0 0.500000 0.104682 0.037500 0.036219
0 0.422500 0.189046 0.027500 0.042403
0 0.545000 0.261926 0.030000 0.032686
0 0.210625 0.299912 0.028750 0.034452
0 0.483125 0.300353 0.033750 0.028269
0 0.425000 0.338781 0.032500 0.029152
0 0.695625 0.337456 0.028750 0.028269
0 0.543750 0.374117 0.032500 0.027385
0 0.468125 0.412102 0.028750 0.027385
0 0.605000 0.449647 0.027500 0.026502
0 0.515000 0.485866 0.032500 0.028269
0 0.573750 0.557862 0.027500 0.025618
0 0.545000 0.598057 0.027500 0.026502
0 0.543750 0.634717 0.027500 0.025618
0 0.573750 0.856007 0.027500 0.033569
