0 0.576000 0.098870 0.028000 0.028249
0 0.408000 0.245056 0.024000 0.018362
0 0.208000 0.276130 0.024000 0.018362
0 0.267000 0.385593 0.022000 0.019774
0 0.879000 0.412429 0.022000 0.019774
0 0.220000 0.469633 0.024000 0.018362
0 0.702000 0.526836 0.024000 0.019774
0 0.561000 0.590395 0.022000 0.019774
0 0.797000 0.590395 0.022000 0.019774
0 0.727000 0.673729 0.022000 0.019774
0 0.573000 0.701271 0.022000 0.021186
0 0.396000 0.731638 0.024000 0.019774
0 0.608000 0.732345 0.024000 0.021186
0 0.892000 0.765537 0.024000 0.019774
0 0.738000 0.789548 0.024000 0.019774
0 0.679000 0.847458 0.022000 0.019774
0 0.784000 0.872881 0.024000 0.019774
