0 0.261000 0.208333 0.018000 0.018362
0 0.297000 0.209746 0.018000 0.018362
0 0.394000 0.209040 0.020000 0.022599
0 0.441000 0.208333 0.018000 0.018362
0 0.487000 0.208333 0.018000 0.018362
0 0.575000 0.209746 0.018000 0.018362
0 0.297000 0.263418 0.018000 0.018362
0 0.438000 0.262006 0.020000 0.018362
0 0.561000 0.262712 0.018000 0.016949
0 0.837000 0.262712 0.022000 0.019774
0 0.466000 0.300847 0.020000 0.019774
0 0.519000 0.299435 0.018000 0.019774
0 0.261000 0.353814 0.018000 0.015537
0 0.226000 0.408192 0.016000 0.014124
0 0.314000 0.407486 0.020000 0.018362
0 0.509000 0.406780 0.018000 0.016949
0 0.579000 0.497175 0.022000 0.019774
0 0.195000 0.536017 0.018000 0.026836
0 0.315000 0.588983 0.018000 0.014124
0 0.455000 0.589689 0.018000 0.015537
0 0.761000 0.589689 0.018000 0.018362
0 0.503000 0.680085 0.018000 0.018362
0 0.808000 0.680085 0.016000 0.018362
0 0.278000 0.771186 0.020000 0.022599
0 0.531000 0.771186 0.018000 0.016949
0 0.669000 0.825565 0.018000 0.018362
0 0.418000 0.861582 0.020000 0.019774
