0 0.826000 0.146404 0.016000 0.015411
0 0.795000 0.166096 0.018000 0.017123
0 0.566000 0.165240 0.016000 0.015411
0 0.218000 0.166952 0.016000 0.015411
0 0.282000 0.186644 0.016000 0.017123
0 0.293000 0.207192 0.018000 0.017123
0 0.246000 0.353596 0.020000 0.018836
0 0.555000 0.289384 0.014000 0.017123
0 0.865000 0.288527 0.018000 0.018836
0 0.554000 0.396404 0.016000 0.015411
0 0.929000 0.416096 0.018000 0.013699
0 0.937000 0.438356 0.018000 0.017123
0 0.812000 0.458904 0.016000 0.017123
0 0.830000 0.480308 0.016000 0.015411
0 0.670000 0.501712 0.016000 0.017123
0 0.740000 0.523116 0.016000 0.015411
0 0.704000 0.587329 0.016000 0.017123
0 0.799000 0.630993 0.018000 0.018836
0 0.554000 0.672945 0.016000 0.017123
0 0.670000 0.672089 0.016000 0.015411
0 0.938000 0.695205 0.020000 0.017123
0 0.704000 0.714041 0.016000 0.017123
0 0.881000 0.821918 0.014000 0.017123
0 0.771000 0.864726 0.018000 0.017123
0 0.672000 0.907534 0.016000 0.017123
0 0.799000 0.929795 0.018000 0.017123
0 0.439000 0.353596 0.018000 0.015411
0 0.317000 0.396404 0.018000 0.018836
0 0.126000 0.439212 0.016000 0.018836
0 0.076000 0.459760 0.016000 0.015411
0 0.059000 0.501712 0.018000 0.017123
0 0.296000 0.502568 0.016000 0.018836
0 0.059000 0.522260 0.018000 0.017123
0 0.295000 0.554795 0.018000 0.017123
0 0.282000 0.801370 0.016000 0.013699
0 0.156000 0.843322 0.016000 0.015411
