0 0.613000 0.098164 0.030000 0.024011
0 0.516000 0.126412 0.024000 0.018362
0 0.752000 0.125000 0.024000 0.018362
0 0.350000 0.151836 0.024000 0.018362
0 0.586000 0.151836 0.024000 0.018362
0 0.703000 0.177260 0.022000 0.015537
0 0.492000 0.204096 0.024000 0.018362
0 0.752000 0.204096 0.024000 0.018362
0 0.422000 0.230226 0.024000 0.019774
0 0.234000 0.308616 0.024000 0.018362
0 0.516000 0.335452 0.024000 0.018362
0 0.587000 0.387712 0.022000 0.018362
0 0.397000 0.413842 0.022000 0.019774
0 0.680000 0.413842 0.024000 0.016949
0 0.186000 0.437853 0.024000 0.019774
0 0.292000 0.492232 0.024000 0.018362
0 0.586000 0.516243 0.020000 0.018362
0 0.351000 0.543785 0.026000 0.016949
0 0.256000 0.569915 0.024000 0.018362
0 0.774000 0.596045 0.024000 0.019774
0 0.328000 0.621469 0.024000 0.019774
0 0.516000 0.621469 0.024000 0.019774
0 0.751000 0.622175 0.026000 0.018362
0 0.375000 0.648305 0.026000 0.019774
0 0.351000 0.726695 0.022000 0.018362
0 0.162000 0.751412 0.028000 0.019774
0 0.234000 0.803672 0.024000 0.019774
0 0.280000 0.831215 0.024000 0.018362
