0 0.482000 0.104520 0.028000 0.028249
0 0.374000 0.173023 0.016000 0.015537
0 0.417000 0.377825 0.018000 0.018362
0 0.513000 0.475282 0.018000 0.015537
0 0.212000 0.497175 0.020000 0.014124
0 0.336000 0.497175 0.020000 0.016949
0 0.408000 0.498588 0.020000 0.016949
0 0.707000 0.520480 0.018000 0.018362
0 0.302000 0.617938 0.020000 0.015537
0 0.651000 0.639831 0.018000 0.016949
0 0.371000 0.661017 0.018000 0.016949
0 0.600000 0.661017 0.016000 0.014124
0 0.335000 0.682910 0.018000 0.015537
0 0.388000 0.682203 0.016000 0.014124
0 0.264000 0.702684 0.016000 0.015537
0 0.317000 0.701977 0.018000 0.016949
0 0.295000 0.777542 0.018000 0.015537
0 0.257000 0.800141 0.018000 0.015537
0 0.178000 0.843220 0.020000 0.016949
0 0.265000 0.843220 0.018000 0.016949
0 0.529000 0.843220 0.018000 0.016949
0 0.600000 0.842514 0.016000 0.015537
0 0.559000 0.865819 0.018000 0.016949
0 0.753000 0.906780 0.018000 0.016949
0 0.416000 0.906780 0.020000 0.016949
