0 0.343000 0.094633 0.018000 0.014124
0 0.564000 0.093927 0.016000 0.015537
0 0.725000 0.094633 0.018000 0.016949
0 0.201000 0.112288 0.018000 0.015537
0 0.523000 0.112288 0.018000 0.015537
0 0.343000 0.187853 0.018000 0.014124
0 0.523000 0.205508 0.018000 0.015537
0 0.302000 0.223870 0.020000 0.015537
0 0.746000 0.224576 0.020000 0.014124
0 0.443000 0.261299 0.018000 0.016949
0 0.525000 0.280367 0.018000 0.015537
0 0.302000 0.298729 0.020000 0.015537
0 0.665000 0.298729 0.018000 0.015537
0 0.221000 0.317090 0.018000 0.015537
0 0.423000 0.389831 0.018000 0.016949
0 0.231000 0.427260 0.018000 0.015537
