0 0.630000 0.103107 0.036000 0.036723
0 0.299000 0.298023 0.026000 0.028249
0 0.623000 0.300141 0.030000 0.024011
0 0.810000 0.336158 0.028000 0.028249
0 0.650000 0.466808 0.028000 0.026836
0 0.164000 0.498588 0.032000 0.028249
0 0.300000 0.499294 0.024000 0.024011
0 0.541000 0.499294 0.030000 0.024011
0 0.380000 0.564266 0.024000 0.029661
0 0.755000 0.628531 0.026000 0.031073
0 0.433000 0.663136 0.026000 0.026836
0 0.354000 0.699153 0.024000 0.028249
0 0.380000 0.731638 0.024000 0.025424
0 0.648000 0.732345 0.028000 0.026836
0 0.406000 0.796610 0.028000 0.022599
0 0.568000 0.863701 0.028000 0.024011
0 0.432000 0.896893 0.028000 0.028249
