0 0.212000 0.095339 0.016000 0.018362
0 0.318000 0.117232 0.016000 0.016949
0 0.425000 0.138418 0.018000 0.019774
0 0.283000 0.158898 0.018000 0.015537
0 0.265000 0.180791 0.018000 0.019774
0 0.213000 0.201977 0.018000 0.019774
0 0.407000 0.202684 0.018000 0.018362
0 0.557000 0.266949 0.018000 0.019774
0 0.627000 0.372175 0.018000 0.015537
0 0.645000 0.414548 0.018000 0.018362
0 0.292000 0.456921 0.016000 0.018362
0 0.663000 0.456921 0.018000 0.018362
0 0.803000 0.457627 0.018000 0.019774
0 0.654000 0.521893 0.016000 0.018362
0 0.583000 0.541667 0.018000 0.018362
0 0.636000 0.542373 0.016000 0.016949
0 0.283000 0.584746 0.018000 0.016949
0 0.689000 0.606638 0.018000 0.018362
0 0.265000 0.627825 0.018000 0.018362
0 0.447000 0.649718 0.018000 0.016949
0 0.513000 0.692797 0.018000 0.018362
0 0.230000 0.712571 0.020000 0.015537
0 0.406000 0.713277 0.020000 0.016949
0 0.265000 0.735169 0.018000 0.018362
0 0.424000 0.756356 0.020000 0.018362
0 0.275000 0.798023 0.018000 0.016949
0 0.398000 0.797316 0.020000 0.018362
0 0.371000 0.818503 0.018000 0.018362
0 0.583000 0.819915 0.018000 0.018362
0 0.742000 0.819915 0.016000 0.018362
0 0.460000 0.841102 0.020000 0.018362
0 0.335000 0.860876 0.018000 0.015537
0 0.459000 0.862288 0.018000 0.018362
0 0.529000 0.905367 0.018000 0.016949
0 0.795000 0.905367 0.018000 0.022599
0 0.265000 0.883475 0.018000 0.015537
0 0.345000 0.372881 0.018000 0.014124
0 0.335000 0.096751 0.018000 0.018362
