0 0.443125 0.103799 0.038750 0.029152
0 0.272500 0.154152 0.025000 0.023852
0 0.440000 0.189929 0.025000 0.021201
0 0.681250 0.189929 0.025000 0.022968
0 0.648125 0.227473 0.023750 0.022085
0 0.782500 0.227032 0.025000 0.019435
0 0.406250 0.264134 0.025000 0.021201
0 0.755000 0.264134 0.025000 0.019435
0 0.648125 0.300353 0.023750 0.021201
0 0.190625 0.338339 0.026250 0.021201
0 0.378750 0.338781 0.025000 0.022085
0 0.163750 0.373675 0.027500 0.022968
0 0.728750 0.412544 0.025000 0.021201
0 0.647500 0.448322 0.025000 0.020318
0 0.540000 0.523852 0.025000 0.019435
0 0.406250 0.560512 0.025000 0.020318
0 0.245000 0.597615 0.025000 0.022085
0 0.648125 0.634276 0.023750 0.021201
0 0.459375 0.745141 0.026250 0.020318
0 0.352500 0.820230 0.025000 0.020318
0 0.593750 0.819346 0.025000 0.020318
0 0.432500 0.856449 0.025000 0.022085
0 0.755625 0.856449 0.028750 0.022085
0 0.486875 0.893993 0.026250 0.021201
0 0.621250 0.894435 0.025000 0.023852
