0 0.513000 0.173023 0.026000 0.032486
0 0.681000 0.250000 0.018000 0.016949
0 0.442000 0.274718 0.020000 0.015537
0 0.300000 0.300141 0.020000 0.018362
0 0.203000 0.326271 0.018000 0.019774
0 0.531000 0.350989 0.018000 0.018362
0 0.813000 0.409605 0.018000 0.019774
0 0.584000 0.526836 0.020000 0.016949
0 0.549000 0.560028 0.018000 0.018362
0 0.195000 0.586158 0.018000 0.019774
0 0.222000 0.610876 0.020000 0.018362
0 0.300000 0.636299 0.020000 0.018362
0 0.583000 0.661723 0.018000 0.018362
0 0.477000 0.688559 0.018000 0.015537
0 0.812000 0.715395 0.016000 0.015537
0 0.407000 0.764831 0.022000 0.018362
0 0.248000 0.790960 0.016000 0.016949
0 0.743000 0.873588 0.018000 0.018362
0 0.371000 0.349576 0.018000 0.015537
