0 0.403000 0.098870 0.022000 0.019774
0 0.221000 0.168079 0.018000 0.016949
0 0.504000 0.169492 0.020000 0.014124
0 0.585000 0.167373 0.018000 0.015537
0 0.210000 0.187853 0.020000 0.016949
0 0.506000 0.189266 0.020000 0.014124
0 0.456000 0.206921 0.020000 0.015537
0 0.342000 0.226695 0.020000 0.015537
0 0.686000 0.227401 0.020000 0.016949
0 0.366000 0.247175 0.020000 0.016949
0 0.240000 0.331921 0.020000 0.014124
0 0.537000 0.389124 0.022000 0.015537
0 0.658000 0.389831 0.020000 0.016949
0 0.222000 0.408898 0.020000 0.012712
0 0.283000 0.428672 0.022000 0.015537
0 0.402000 0.427966 0.020000 0.016949
0 0.239000 0.514831 0.018000 0.015537
0 0.343000 0.533898 0.022000 0.016949
0 0.718000 0.533898 0.020000 0.014124
0 0.470000 0.552966 0.020000 0.012712
0 0.744000 0.553672 0.020000 0.014124
0 0.372000 0.571328 0.020000 0.015537
0 0.436000 0.590395 0.020000 0.014124
0 0.650000 0.590395 0.020000 0.014124
0 0.828000 0.591102 0.024000 0.015537
0 0.436000 0.610169 0.020000 0.014124
0 0.517000 0.610169 0.018000 0.014124
0 0.613000 0.610876 0.022000 0.012712
0 0.705000 0.610169 0.022000 0.016949
0 0.457000 0.629944 0.022000 0.014124
0 0.793000 0.629944 0.022000 0.014124
0 0.355000 0.649011 0.018000 0.015537
0 0.571000 0.649011 0.018000 0.015537
0 0.746000 0.648305 0.020000 0.014124
0 0.234000 0.668079 0.020000 0.016949
0 0.409000 0.668079 0.018000 0.014124
0 0.266000 0.735876 0.020000 0.016949
0 0.321000 0.825565 0.018000 0.015537
0 0.536000 0.845339 0.020000 0.015537
0 0.773000 0.845339 0.018000 0.015537
0 0.240000 0.100989 0.024000 0.018362
