0 0.500000 0.104520 0.024000 0.019774
0 0.392000 0.177966 0.024000 0.019774
0 0.393000 0.252119 0.026000 0.021186
0 0.514000 0.325565 0.024000 0.021186
0 0.407000 0.362994 0.022000 0.019774
0 0.446000 0.437853 0.024000 0.022599
0 0.716000 0.437853 0.024000 0.019774
0 0.192000 0.511299 0.024000 0.019774
0 0.394000 0.585452 0.024000 0.021186
0 0.742000 0.584746 0.024000 0.019774
0 0.406000 0.622175 0.024000 0.018362
0 0.165000 0.659605 0.026000 0.022599
0 0.582000 0.697740 0.024000 0.022599
0 0.595000 0.733051 0.026000 0.019774
0 0.218000 0.807910 0.024000 0.019774
