0 0.727000 0.141243 0.022000 0.019774
0 0.373000 0.252119 0.022000 0.018362
0 0.280000 0.363701 0.024000 0.018362
0 0.680000 0.363701 0.024000 0.021186
0 0.257000 0.473870 0.022000 0.015537
0 0.727000 0.584746 0.022000 0.016949
0 0.374000 0.622175 0.024000 0.015537
0 0.516000 0.622881 0.024000 0.016949
0 0.679000 0.623588 0.022000 0.018362
0 0.374000 0.696328 0.024000 0.016949
0 0.374000 0.770480 0.024000 0.015537
0 0.679000 0.770480 0.022000 0.018362
0 0.327000 0.807910 0.022000 0.016949
0 0.515000 0.807910 0.022000 0.016949
0 0.632000 0.807910 0.024000 0.019774
0 0.491000 0.845339 0.022000 0.018362
0 0.421000 0.621469 0.022000 0.016949
