0 0.520000 0.103107 0.040000 0.036723
0 0.453000 0.189266 0.030000 0.022599
0 0.392000 0.410311 0.028000 0.029661
0 0.241000 0.449153 0.030000 0.025424
0 0.514000 0.523305 0.028000 0.026836
0 0.482000 0.560734 0.028000 0.022599
0 0.242000 0.596045 0.032000 0.025424
0 0.513000 0.598164 0.030000 0.024011
0 0.634000 0.597458 0.032000 0.025424
0 0.755000 0.634181 0.030000 0.025424
0 0.756000 0.671610 0.028000 0.026836
0 0.575000 0.708333 0.030000 0.026836
0 0.725000 0.708333 0.030000 0.024011
0 0.272000 0.745763 0.032000 0.028249
0 0.605000 0.746469 0.030000 0.026836
0 0.514000 0.782486 0.032000 0.025424
0 0.695000 0.819915 0.030000 0.024011
0 0.454000 0.856638 0.028000 0.026836
0 0.755000 0.856638 0.030000 0.026836
0 0.393000 0.893362 0.030000 0.026836
