0 0.764000 0.139518 0.036000 0.032578
0 0.184000 0.415014 0.020000 0.014164
0 0.352000 0.466714 0.020000 0.015581
0 0.454000 0.550992 0.020000 0.014164
0 0.183000 0.569405 0.018000 0.014164
0 0.329000 0.569405 0.018000 0.014164
0 0.278000 0.601983 0.020000 0.014164
0 0.186000 0.636686 0.020000 0.012748
0 0.588000 0.769830 0.020000 0.015581
0 0.927000 0.736544 0.022000 0.016997
0 0.639000 0.770538 0.018000 0.014164
0 0.689000 0.822238 0.018000 0.015581
0 0.601000 0.839235 0.018000 0.012748
0 0.397000 0.298867 0.014000 0.011331
0 0.465000 0.619688 0.018000 0.015581
0 0.645000 0.650850 0.018000 0.015581
