0 0.569000 0.103107 0.026000 0.025424
0 0.317000 0.149718 0.022000 0.016949
0 0.583000 0.148305 0.018000 0.016949
0 0.794000 0.149011 0.020000 0.015537
0 0.221000 0.204096 0.018000 0.021186
0 0.474000 0.204096 0.016000 0.021186
0 0.220000 0.223164 0.016000 0.016949
0 0.474000 0.225989 0.020000 0.016949
0 0.318000 0.280367 0.020000 0.018362
0 0.301000 0.410311 0.018000 0.021186
0 0.458000 0.408192 0.020000 0.016949
0 0.205000 0.429379 0.018000 0.014124
0 0.483000 0.427260 0.018000 0.015537
0 0.202000 0.446328 0.020000 0.016949
0 0.353000 0.501412 0.018000 0.016949
0 0.513000 0.502119 0.018000 0.018362
0 0.600000 0.502119 0.016000 0.018362
0 0.157000 0.519774 0.022000 0.019774
0 0.184000 0.537429 0.020000 0.018362
0 0.202000 0.556497 0.020000 0.016949
0 0.317000 0.611582 0.018000 0.022599
0 0.494000 0.612994 0.020000 0.016949
0 0.247000 0.629944 0.018000 0.019774
0 0.203000 0.649718 0.018000 0.014124
0 0.299000 0.720339 0.018000 0.028249
0 0.460000 0.723164 0.020000 0.019774
0 0.204000 0.740819 0.020000 0.021186
0 0.202000 0.779661 0.020000 0.016949
0 0.203000 0.797316 0.018000 0.018362
0 0.424000 0.853107 0.020000 0.019774
0 0.219000 0.889831 0.018000 0.019774
