0 0.638000 0.101695 0.016000 0.016949
0 0.154000 0.128531 0.016000 0.016949
0 0.383000 0.295904 0.014000 0.015537
0 0.515000 0.294492 0.014000 0.018362
0 0.243000 0.322034 0.018000 0.014124
0 0.521000 0.406780 0.014000 0.016949
0 0.579000 0.406780 0.014000 0.016949
0 0.455000 0.432203 0.014000 0.019774
0 0.455000 0.461158 0.018000 0.018362
0 0.184000 0.516243 0.016000 0.018362
0 0.302000 0.600282 0.016000 0.016949
0 0.551000 0.626412 0.018000 0.015537
0 0.712000 0.683616 0.016000 0.016949
0 0.638000 0.737288 0.016000 0.016949
0 0.580000 0.848870 0.016000 0.016949
0 0.170000 0.906780 0.016000 0.019774
0 0.477000 0.212571 0.014000 0.012712
0 0.360000 0.544492 0.016000 0.009887
