0 0.649000 0.101695 0.030000 0.025424
0 0.764000 0.139831 0.020000 0.019774
0 0.645000 0.230226 0.026000 0.025424
0 0.160000 0.269068 0.028000 0.024011
0 0.550000 0.269068 0.024000 0.021186
0 0.328000 0.414548 0.024000 0.024011
0 0.781000 0.452684 0.026000 0.021186
0 0.515000 0.490113 0.026000 0.019774
0 0.280000 0.529661 0.028000 0.019774
0 0.633000 0.565678 0.026000 0.021186
0 0.232000 0.603107 0.024000 0.022599
0 0.782000 0.603107 0.028000 0.022599
0 0.468000 0.677966 0.024000 0.019774
0 0.409000 0.714689 0.022000 0.022599
0 0.492000 0.751412 0.024000 0.022599
0 0.484000 0.786017 0.024000 0.021186
0 0.564000 0.824153 0.024000 0.024011
0 0.751000 0.824153 0.026000 0.024011
0 0.372000 0.860876 0.024000 0.026836
0 0.328000 0.899718 0.024000 0.028249
