0 0.213000 0.096751 0.018000 0.015537
0 0.389000 0.095339 0.018000 0.015537
0 0.635000 0.096045 0.018000 0.014124
0 0.795000 0.096045 0.018000 0.014124
0 0.425000 0.116525 0.018000 0.015537
0 0.795000 0.117232 0.018000 0.014124
0 0.213000 0.137712 0.018000 0.015537
0 0.742000 0.138418 0.020000 0.014124
0 0.231000 0.160311 0.018000 0.015537
0 0.442000 0.159605 0.020000 0.016949
0 0.336000 0.223164 0.016000 0.016949
0 0.513000 0.222458 0.018000 0.015537
0 0.283000 0.372881 0.018000 0.016949
0 0.407000 0.373588 0.018000 0.018362
0 0.213000 0.436441 0.018000 0.014124
0 0.442000 0.436441 0.020000 0.014124
0 0.407000 0.457627 0.018000 0.014124
0 0.601000 0.456921 0.018000 0.015537
0 0.230000 0.479520 0.020000 0.015537
0 0.425000 0.480226 0.018000 0.016949
0 0.619000 0.479520 0.018000 0.015537
0 0.158000 0.500000 0.020000 0.016949
0 0.513000 0.500706 0.018000 0.015537
0 0.672000 0.500000 0.020000 0.014124
0 0.178000 0.520480 0.016000 0.015537
0 0.301000 0.521186 0.018000 0.014124
0 0.336000 0.520480 0.016000 0.015537
0 0.655000 0.521893 0.018000 0.015537
0 0.267000 0.542373 0.018000 0.014124
0 0.283000 0.608051 0.018000 0.015537
0 0.513000 0.608051 0.018000 0.018362
0 0.813000 0.735876 0.018000 0.019774
0 0.689000 0.756356 0.018000 0.015537
0 0.671000 0.670198 0.018000 0.015537
