0 0.285000 0.112666 0.050000 0.036819
0 0.432000 0.408689 0.016000 0.013255
0 0.270000 0.425626 0.016000 0.017673
0 0.352000 0.443299 0.016000 0.014728
0 0.546000 0.441826 0.016000 0.014728
0 0.449000 0.494109 0.018000 0.016200
0 0.449000 0.544919 0.018000 0.014728
0 0.221000 0.561119 0.018000 0.014728
0 0.433000 0.579529 0.018000 0.016200
0 0.465000 0.664948 0.018000 0.019146
0 0.271000 0.750368 0.018000 0.016200
0 0.302000 0.819588 0.016000 0.016200
0 0.820000 0.391016 0.020000 0.019146
0 0.906000 0.475700 0.016000 0.014728
0 0.731000 0.528719 0.018000 0.017673
0 0.701000 0.546392 0.018000 0.014728
0 0.650000 0.630339 0.016000 0.014728
0 0.871000 0.630339 0.018000 0.014728
0 0.713000 0.646539 0.018000 0.017673
0 0.889000 0.733432 0.018000 0.017673
0 0.773000 0.750368 0.018000 0.016200
0 0.325000 0.164212 0.014000 0.013255
0 0.393000 0.181149 0.014000 0.011782
0 0.345000 0.198822 0.014000 0.011782
0 0.585000 0.250368 0.014000 0.011782
0 0.329000 0.284978 0.014000 0.013255
0 0.813000 0.181149 0.014000 0.011782
0 0.756000 0.614138 0.016000 0.014728
0 0.368000 0.426362 0.016000 0.013255
0 0.693000 0.232695 0.014000 0.014728
