0 0.555000 0.103107 0.034000 0.025424
0 0.343000 0.141243 0.022000 0.019774
0 0.610000 0.178672 0.024000 0.018362
0 0.351000 0.251412 0.022000 0.019774
0 0.586000 0.251412 0.024000 0.016949
0 0.304000 0.288842 0.024000 0.021186
0 0.585000 0.288136 0.022000 0.019774
0 0.719000 0.326271 0.022000 0.016949
0 0.296000 0.399718 0.024000 0.019774
0 0.492000 0.435734 0.024000 0.021186
0 0.257000 0.474576 0.022000 0.019774
0 0.680000 0.473870 0.024000 0.018362
0 0.272000 0.509887 0.024000 0.019774
0 0.461000 0.511299 0.022000 0.019774
0 0.555000 0.584746 0.022000 0.019774
0 0.515000 0.622175 0.022000 0.021186
0 0.162000 0.658898 0.024000 0.018362
0 0.515000 0.658898 0.022000 0.018362
0 0.351000 0.695621 0.022000 0.018362
0 0.837000 0.696328 0.022000 0.019774
0 0.821000 0.732345 0.022000 0.021186
0 0.727000 0.769068 0.022000 0.018362
0 0.704000 0.807910 0.024000 0.016949
0 0.233000 0.843927 0.022000 0.021186
0 0.508000 0.844633 0.024000 0.016949
0 0.766000 0.843927 0.024000 0.018362
0 0.492000 0.882062 0.024000 0.018362
