0 0.674000 0.155367 0.024000 0.016949
0 0.245000 0.201271 0.026000 0.018362
0 0.621000 0.245763 0.022000 0.019774
0 0.663000 0.294492 0.026000 0.021186
0 0.243000 0.338983 0.022000 0.019774
0 0.405000 0.341808 0.026000 0.019774
0 0.682000 0.432910 0.024000 0.024011
0 0.406000 0.478814 0.024000 0.022599
0 0.375000 0.525424 0.022000 0.019774
0 0.444000 0.570621 0.024000 0.022599
0 0.403000 0.617938 0.026000 0.024011
0 0.567000 0.708333 0.022000 0.021186
0 0.807000 0.711864 0.026000 0.022599
0 0.351000 0.756356 0.026000 0.021186
0 0.701000 0.755650 0.022000 0.019774
0 0.244000 0.804379 0.024000 0.021186
0 0.513000 0.850282 0.026000 0.019774
0 0.619000 0.850282 0.026000 0.019774
0 0.353000 0.896893 0.026000 0.019774
