0 0.657000 0.096715 0.018000 0.021898
0 0.204000 0.128650 0.016000 0.020073
0 0.368000 0.130474 0.016000 0.020073
0 0.566000 0.127737 0.016000 0.018248
0 0.603000 0.161496 0.018000 0.020073
0 0.403000 0.192518 0.018000 0.020073
0 0.567000 0.225365 0.018000 0.020073
0 0.783000 0.256387 0.018000 0.020073
0 0.584000 0.290146 0.016000 0.021898
0 0.187000 0.385036 0.018000 0.018248
0 0.584000 0.385949 0.016000 0.020073
0 0.313000 0.482664 0.014000 0.020073
0 0.223000 0.515511 0.018000 0.020073
0 0.349000 0.547445 0.018000 0.018248
0 0.440000 0.580292 0.016000 0.021898
0 0.512000 0.578467 0.016000 0.018248
0 0.747000 0.676095 0.018000 0.020073
0 0.187000 0.064781 0.018000 0.016423
0 0.530000 0.097628 0.016000 0.023723
0 0.475000 0.259124 0.018000 0.021898
0 0.712000 0.548358 0.016000 0.020073
