0 0.572000 0.219388 0.052000 0.045190
0 0.593000 0.269679 0.054000 0.040816
0 0.289000 0.470845 0.018000 0.014577
0 0.292000 0.493440 0.016000 0.016035
0 0.188000 0.538630 0.016000 0.016035
0 0.253000 0.606414 0.018000 0.014577
0 0.255000 0.651603 0.018000 0.014577
0 0.289000 0.696793 0.018000 0.017493
0 0.274000 0.763848 0.016000 0.014577
0 0.336000 0.809038 0.016000 0.014577
0 0.308000 0.877551 0.016000 0.014577
0 0.586000 0.447522 0.016000 0.014577
0 0.508000 0.561224 0.016000 0.014577
0 0.487000 0.583090 0.018000 0.014577
0 0.489000 0.606414 0.018000 0.014577
0 0.504000 0.718659 0.016000 0.014577
0 0.640000 0.809038 0.020000 0.014577
0 0.485000 0.831633 0.018000 0.016035
0 0.417000 0.877551 0.018000 0.014577
0 0.713000 0.470845 0.018000 0.014577
0 0.843000 0.516035 0.018000 0.014577
0 0.929000 0.719388 0.018000 0.016035
0 0.815000 0.809767 0.018000 0.016035
0 0.807000 0.831633 0.018000 0.013120
0 0.898000 0.831633 0.020000 0.016035
