0 0.291000 0.097458 0.018000 0.016949
0 0.392000 0.096751 0.020000 0.018362
0 0.674000 0.096045 0.020000 0.019774
0 0.292000 0.129237 0.020000 0.018362
0 0.432000 0.129944 0.020000 0.025424
0 0.675000 0.131356 0.022000 0.022599
0 0.292000 0.162429 0.020000 0.022599
0 0.412000 0.163842 0.020000 0.019774
0 0.674000 0.162429 0.020000 0.019774
0 0.322000 0.197034 0.020000 0.021186
0 0.362000 0.196328 0.020000 0.019774
0 0.230000 0.228107 0.020000 0.021186
0 0.293000 0.228814 0.022000 0.019774
0 0.353000 0.230226 0.022000 0.022599
0 0.473000 0.230226 0.022000 0.022599
0 0.532000 0.230226 0.020000 0.022599
0 0.655000 0.227401 0.022000 0.022599
0 0.715000 0.229520 0.022000 0.021186
0 0.412000 0.262006 0.020000 0.021186
0 0.261000 0.284605 0.022000 0.021186
0 0.503000 0.317090 0.022000 0.018362
0 0.543000 0.339689 0.022000 0.018362
0 0.231000 0.370763 0.022000 0.021186
0 0.281000 0.404661 0.022000 0.018362
0 0.342000 0.405367 0.020000 0.019774
0 0.463000 0.470339 0.022000 0.019774
0 0.584000 0.470339 0.020000 0.019774
0 0.806000 0.469633 0.020000 0.026836
0 0.473000 0.492232 0.022000 0.018362
0 0.281000 0.557910 0.022000 0.022599
0 0.382000 0.557203 0.020000 0.021186
0 0.270000 0.591808 0.020000 0.022599
0 0.352000 0.591102 0.020000 0.021186
0 0.270000 0.625706 0.020000 0.019774
0 0.352000 0.625706 0.020000 0.025424
0 0.271000 0.658192 0.022000 0.022599
0 0.351000 0.658192 0.022000 0.022599
0 0.322000 0.691384 0.020000 0.021186
0 0.362000 0.692797 0.020000 0.021186
0 0.584000 0.693503 0.020000 0.022599
0 0.765000 0.691384 0.022000 0.018362
0 0.322000 0.713277 0.020000 0.016949
0 0.453000 0.713983 0.022000 0.018362
0 0.795000 0.712571 0.022000 0.021186
0 0.260000 0.768362 0.020000 0.019774
0 0.382000 0.767655 0.020000 0.021186
0 0.270000 0.820621 0.020000 0.022599
0 0.270000 0.855226 0.020000 0.021186
0 0.614000 0.855226 0.020000 0.021186
0 0.270000 0.887712 0.020000 0.024011
