0 0.538000 0.113701 0.036000 0.026836
0 0.329000 0.205508 0.026000 0.021186
0 0.355000 0.252119 0.026000 0.024011
0 0.213000 0.289548 0.026000 0.019774
0 0.705000 0.288842 0.026000 0.024011
0 0.185000 0.325565 0.026000 0.024011
0 0.377000 0.326977 0.026000 0.024011
0 0.759000 0.325565 0.026000 0.024011
0 0.603000 0.362288 0.026000 0.024011
0 0.789000 0.362288 0.026000 0.021186
0 0.347000 0.399718 0.026000 0.019774
0 0.508000 0.436441 0.024000 0.019774
0 0.105000 0.475282 0.026000 0.021186
0 0.450000 0.475282 0.028000 0.021186
0 0.843000 0.605226 0.026000 0.021186
0 0.321000 0.641243 0.026000 0.019774
0 0.514000 0.641949 0.028000 0.021186
0 0.869000 0.641949 0.026000 0.021186
0 0.158000 0.845339 0.028000 0.021186
0 0.872000 0.846751 0.028000 0.024011
0 0.349000 0.883475 0.026000 0.021186
