0 0.512000 0.104520 0.024000 0.019774
0 0.529000 0.185734 0.018000 0.012712
0 0.608000 0.204096 0.016000 0.012712
0 0.317000 0.223164 0.018000 0.014124
0 0.582000 0.222458 0.016000 0.012712
0 0.387000 0.241525 0.018000 0.014124
0 0.493000 0.259887 0.018000 0.014124
0 0.441000 0.278249 0.018000 0.014124
0 0.811000 0.277542 0.018000 0.015537
0 0.528000 0.331921 0.016000 0.014124
0 0.353000 0.350282 0.018000 0.014124
0 0.829000 0.350282 0.018000 0.014124
0 0.564000 0.387712 0.016000 0.012712
0 0.723000 0.422316 0.018000 0.014124
0 0.264000 0.459040 0.016000 0.014124
0 0.789000 0.459040 0.018000 0.014124
0 0.370000 0.478107 0.016000 0.015537
0 0.405000 0.496469 0.018000 0.015537
0 0.723000 0.496469 0.018000 0.015537
0 0.211000 0.514831 0.018000 0.012712
0 0.458000 0.514831 0.020000 0.015537
0 0.670000 0.515537 0.016000 0.014124
0 0.405000 0.624294 0.018000 0.014124
0 0.493000 0.625000 0.018000 0.015537
0 0.423000 0.642655 0.018000 0.014124
0 0.387000 0.661723 0.018000 0.012712
0 0.617000 0.733757 0.018000 0.015537
0 0.193000 0.752119 0.018000 0.015537
0 0.793000 0.752825 0.018000 0.014124
0 0.281000 0.770480 0.018000 0.015537
0 0.423000 0.769774 0.018000 0.014124
0 0.669000 0.770480 0.018000 0.015537
0 0.193000 0.788842 0.018000 0.015537
0 0.652000 0.807910 0.016000 0.014124
0 0.670000 0.843220 0.020000 0.016949
0 0.838000 0.861582 0.020000 0.016949
0 0.388000 0.879944 0.016000 0.014124
0 0.264000 0.899011 0.016000 0.015537
0 0.388000 0.898305 0.016000 0.014124
0 0.247000 0.841808 0.018000 0.014124
0 0.743000 0.439972 0.018000 0.012712
