0 0.422000 0.140537 0.020000 0.018362
0 0.209000 0.179379 0.022000 0.019774
0 0.391000 0.215395 0.022000 0.018362
0 0.604000 0.252825 0.020000 0.016949
0 0.768000 0.251412 0.024000 0.016949
0 0.351000 0.326271 0.022000 0.016949
0 0.774000 0.362994 0.024000 0.016949
0 0.399000 0.399011 0.022000 0.018362
0 0.516000 0.437147 0.024000 0.015537
0 0.634000 0.437147 0.020000 0.018362
0 0.398000 0.474576 0.020000 0.019774
0 0.775000 0.473164 0.022000 0.019774
0 0.257000 0.510593 0.022000 0.018362
0 0.680000 0.512006 0.024000 0.018362
0 0.704000 0.622175 0.024000 0.018362
0 0.446000 0.660311 0.024000 0.018362
0 0.161000 0.695621 0.026000 0.018362
0 0.822000 0.733757 0.024000 0.021186
0 0.234000 0.845339 0.020000 0.018362
