0 0.180000 0.122175 0.020000 0.018362
0 0.597000 0.121469 0.022000 0.019774
0 0.285000 0.144774 0.022000 0.018362
0 0.180000 0.215395 0.024000 0.018362
0 0.332000 0.214689 0.020000 0.019774
0 0.488000 0.216102 0.020000 0.019774
0 0.685000 0.217514 0.022000 0.019774
0 0.355000 0.288136 0.022000 0.022599
0 0.641000 0.288136 0.022000 0.016949
0 0.599000 0.311441 0.022000 0.015537
0 0.752000 0.312853 0.020000 0.021186
0 0.268000 0.334746 0.024000 0.019774
0 0.686000 0.335452 0.020000 0.021186
0 0.555000 0.383475 0.022000 0.018362
0 0.709000 0.381356 0.022000 0.022599
0 0.223000 0.406073 0.022000 0.021186
0 0.577000 0.408192 0.022000 0.019774
0 0.180000 0.430791 0.024000 0.019774
0 0.223000 0.479520 0.022000 0.018362
0 0.378000 0.478107 0.020000 0.018362
0 0.383000 0.526836 0.022000 0.019774
0 0.669000 0.526130 0.022000 0.018362
0 0.246000 0.550141 0.020000 0.018362
0 0.333000 0.550141 0.022000 0.018362
0 0.291000 0.598870 0.022000 0.019774
0 0.268000 0.790960 0.020000 0.019774
