0 0.447000 0.049884 0.022000 0.030162
0 0.441000 0.096288 0.022000 0.025522
0 0.473000 0.215777 0.022000 0.027842
0 0.494000 0.215777 0.020000 0.023202
0 0.787000 0.216937 0.022000 0.030162
0 0.342000 0.359629 0.020000 0.027842
0 0.808000 0.674014 0.024000 0.034803
0 0.074000 0.711137 0.020000 0.034803
0 0.095000 0.709977 0.022000 0.027842
0 0.410000 0.807425 0.020000 0.027842
0 0.063000 0.925754 0.022000 0.032483
0 0.445000 0.910673 0.022000 0.030162
0 0.426000 0.940835 0.024000 0.034803
0 0.601000 0.885151 0.022000 0.030162
0 0.874000 0.870070 0.024000 0.037123
