0 0.438000 0.095339 0.016000 0.015537
0 0.707000 0.277542 0.018000 0.015537
0 0.601000 0.298729 0.014000 0.012712
0 0.812000 0.319915 0.016000 0.012712
0 0.671000 0.426554 0.018000 0.014124
0 0.442000 0.469633 0.016000 0.015537
0 0.478000 0.490819 0.016000 0.012712
0 0.230000 0.512006 0.016000 0.015537
0 0.724000 0.511299 0.016000 0.014124
0 0.283000 0.554379 0.018000 0.012712
0 0.230000 0.725282 0.016000 0.015537
0 0.406000 0.746469 0.016000 0.015537
0 0.601000 0.745763 0.018000 0.014124
0 0.460000 0.767655 0.016000 0.012712
0 0.584000 0.810734 0.016000 0.014124
0 0.716000 0.619350 0.016000 0.015537
