0 0.516250 0.098940 0.025000 0.019435
0 0.363125 0.168286 0.021250 0.015018
0 0.200625 0.187279 0.021250 0.015901
0 0.381875 0.187721 0.018750 0.015018
0 0.618125 0.188163 0.021250 0.015901
0 0.833750 0.188604 0.022500 0.016784
0 0.362500 0.240283 0.020000 0.015901
0 0.261875 0.293286 0.021250 0.015901
0 0.275000 0.312279 0.022500 0.016784
0 0.516875 0.331272 0.021250 0.015901
0 0.711875 0.331714 0.018750 0.015018
0 0.160000 0.351590 0.025000 0.015901
0 0.416250 0.351148 0.020000 0.015018
0 0.718750 0.351590 0.020000 0.014134
0 0.786250 0.370141 0.020000 0.015901
0 0.375000 0.409011 0.020000 0.019435
0 0.221250 0.460247 0.020000 0.015901
0 0.664375 0.461131 0.021250 0.015901
0 0.611250 0.480565 0.020000 0.017668
0 0.408750 0.500442 0.020000 0.018551
0 0.621875 0.517668 0.021250 0.015901
0 0.643750 0.537986 0.020000 0.015901
0 0.701875 0.615283 0.018750 0.015018
0 0.335000 0.635601 0.020000 0.016784
0 0.201875 0.655035 0.021250 0.016784
0 0.768125 0.655035 0.021250 0.016784
0 0.321250 0.707155 0.020000 0.015018
0 0.261875 0.758834 0.021250 0.017668
0 0.711250 0.758834 0.020000 0.015901
0 0.516250 0.797261 0.020000 0.016784
0 0.578125 0.797703 0.018750 0.015901
0 0.610625 0.816254 0.021250 0.014134
0 0.611250 0.836131 0.020000 0.016784
0 0.745625 0.836572 0.021250 0.015901
0 0.689375 0.855565 0.021250 0.016784
0 0.302500 0.875000 0.020000 0.016784
0 0.503750 0.873675 0.020000 0.014134
0 0.583125 0.875000 0.021250 0.016784
0 0.798750 0.874558 0.020000 0.015901
0 0.295000 0.894876 0.022500 0.015901
