0 0.102000 0.013158 0.020000 0.017544
0 0.102000 0.037281 0.020000 0.016082
0 0.102000 0.062865 0.020000 0.020468
0 0.101000 0.086988 0.022000 0.016082
0 0.102000 0.112573 0.020000 0.017544
0 0.102000 0.139620 0.020000 0.019006
0 0.102000 0.163743 0.020000 0.017544
0 0.102000 0.188596 0.020000 0.020468
0 0.101000 0.212719 0.022000 0.016082
0 0.102000 0.238304 0.020000 0.017544
0 0.102000 0.264620 0.020000 0.017544
0 0.102000 0.288743 0.020000 0.019006
0 0.102000 0.315058 0.020000 0.019006
0 0.258000 0.339181 0.020000 0.017544
0 0.179000 0.383041 0.022000 0.017544
0 0.316000 0.384503 0.020000 0.017544
0 0.041000 0.164474 0.022000 0.019006
0 0.179000 0.404971 0.022000 0.017544
0 0.297000 0.405702 0.022000 0.016082
0 0.101000 0.472953 0.022000 0.019006
0 0.198000 0.497076 0.020000 0.017544
0 0.258000 0.495614 0.020000 0.017544
0 0.101000 0.518275 0.022000 0.016082
0 0.218000 0.518275 0.020000 0.016082
0 0.102000 0.543129 0.020000 0.016082
0 0.375000 0.543860 0.018000 0.017544
0 0.336000 0.569444 0.020000 0.016082
0 0.197000 0.591374 0.018000 0.016082
0 0.141000 0.612573 0.022000 0.017544
0 0.161000 0.633772 0.022000 0.019006
0 0.453000 0.634503 0.022000 0.017544
0 0.102000 0.658626 0.020000 0.019006
0 0.101000 0.682749 0.022000 0.020468
0 0.375000 0.683480 0.022000 0.019006
0 0.102000 0.708333 0.020000 0.016082
0 0.200000 0.733918 0.020000 0.017544
0 0.415000 0.315789 0.022000 0.017544
