0 0.118125 0.057420 0.016250 0.012367
0 0.470000 0.098498 0.030000 0.025618
0 0.306875 0.198763 0.016250 0.014134
0 0.487500 0.199647 0.017500 0.015901
0 0.124375 0.237633 0.016250 0.014134
0 0.266250 0.237633 0.015000 0.014134
0 0.669375 0.237191 0.018750 0.015018
0 0.568125 0.349823 0.016250 0.014134
0 0.671250 0.350707 0.020000 0.015901
0 0.750625 0.350265 0.018750 0.015018
0 0.629375 0.407244 0.018750 0.015901
0 0.508125 0.539311 0.016250 0.015018
0 0.820625 0.577297 0.018750 0.015018
0 0.699375 0.614841 0.018750 0.014134
0 0.407500 0.746908 0.017500 0.016784
0 0.437500 0.784894 0.015000 0.015018
0 0.860625 0.784452 0.018750 0.015901
0 0.870625 0.822880 0.018750 0.016784
0 0.105000 0.878534 0.017500 0.015018
