0 0.387000 0.101695 0.018000 0.022599
0 0.509000 0.163136 0.022000 0.021186
0 0.730000 0.162429 0.020000 0.019774
0 0.426000 0.192797 0.020000 0.018362
0 0.286000 0.221045 0.020000 0.021186
0 0.246000 0.283192 0.020000 0.021186
0 0.447000 0.312147 0.022000 0.019774
0 0.143000 0.370763 0.026000 0.021186
0 0.387000 0.372175 0.022000 0.024011
0 0.689000 0.372175 0.022000 0.021186
0 0.376000 0.430791 0.020000 0.019774
0 0.740000 0.432203 0.020000 0.019774
0 0.820000 0.432203 0.020000 0.022599
0 0.144000 0.550141 0.024000 0.021186
0 0.286000 0.549435 0.020000 0.019774
0 0.376000 0.786723 0.020000 0.019774
0 0.365000 0.845339 0.022000 0.024011
