0 0.353000 0.141949 0.026000 0.026836
0 0.622000 0.179379 0.028000 0.031073
0 0.459000 0.214689 0.026000 0.025424
0 0.353000 0.251412 0.026000 0.028249
0 0.541000 0.363701 0.026000 0.024011
0 0.728000 0.363701 0.024000 0.024011
0 0.352000 0.399718 0.028000 0.022599
0 0.271000 0.546610 0.026000 0.025424
0 0.513000 0.583333 0.026000 0.028249
0 0.326000 0.584040 0.028000 0.026836
0 0.297000 0.621469 0.026000 0.025424
0 0.353000 0.658898 0.026000 0.024011
0 0.514000 0.694209 0.028000 0.026836
0 0.352000 0.733757 0.024000 0.021186
0 0.541000 0.730932 0.026000 0.032486
0 0.299000 0.769774 0.026000 0.022599
0 0.755000 0.844633 0.030000 0.022599
0 0.271000 0.879944 0.026000 0.022599
0 0.700000 0.882768 0.024000 0.028249
