0 0.469000 0.100000 0.022000 0.019178
0 0.492000 0.128082 0.024000 0.017808
0 0.249000 0.182877 0.022000 0.026027
0 0.291000 0.208219 0.022000 0.024658
0 0.608000 0.210274 0.020000 0.020548
0 0.138000 0.236301 0.024000 0.020548
0 0.799000 0.266438 0.022000 0.020548
0 0.823000 0.293836 0.022000 0.023288
0 0.359000 0.404110 0.022000 0.021918
0 0.668000 0.483562 0.024000 0.021918
0 0.867000 0.513014 0.022000 0.020548
0 0.623000 0.538356 0.022000 0.021918
0 0.580000 0.593836 0.020000 0.023288
0 0.467000 0.623288 0.022000 0.021918
0 0.801000 0.623973 0.022000 0.026027
0 0.536000 0.733562 0.020000 0.020548
0 0.339000 0.846575 0.026000 0.021918
