0 0.706000 0.111954 0.028000 0.030361
0 0.453000 0.146110 0.026000 0.030361
0 0.425000 0.176471 0.030000 0.030361
0 0.623000 0.173624 0.026000 0.024668
0 0.607000 0.208729 0.026000 0.030361
0 0.749000 0.205882 0.026000 0.028463
0 0.777000 0.206831 0.026000 0.030361
0 0.849000 0.309298 0.030000 0.034156
0 0.510000 0.342505 0.028000 0.032258
0 0.680000 0.340607 0.028000 0.028463
0 0.538000 0.373814 0.028000 0.026565
0 0.607000 0.438330 0.026000 0.030361
0 0.720000 0.438330 0.028000 0.026565
0 0.749000 0.439279 0.030000 0.028463
0 0.860000 0.438330 0.028000 0.030361
0 0.665000 0.469639 0.026000 0.032258
0 0.438000 0.501898 0.028000 0.032258
0 0.748000 0.501898 0.028000 0.032258
0 0.523000 0.619545 0.026000 0.032258
0 0.835000 0.623340 0.030000 0.028463
0 0.551000 0.687856 0.026000 0.032258
0 0.862000 0.687856 0.028000 0.028463
0 0.367000 0.721063 0.034000 0.030361
0 0.706000 0.721063 0.028000 0.034156
0 0.719000 0.801708 0.030000 0.032258
0 0.466000 0.834915 0.028000 0.026565
0 0.495000 0.833966 0.030000 0.032258
0 0.580000 0.833966 0.032000 0.024668
0 0.635000 0.836812 0.030000 0.030361
