0 0.407000 0.528955 0.022000 0.021186
0 0.515000 0.528249 0.022000 0.019774
0 0.164000 0.639831 0.024000 0.019774
0 0.245000 0.639124 0.026000 0.021186
0 0.238000 0.676554 0.024000 0.019774
0 0.345000 0.676554 0.026000 0.019774
0 0.468000 0.675847 0.024000 0.021186
0 0.547000 0.677260 0.026000 0.021186
0 0.628000 0.677260 0.028000 0.021186
0 0.244000 0.713277 0.028000 0.019774
0 0.568000 0.713983 0.024000 0.018362
0 0.648000 0.750706 0.028000 0.021186
0 0.272000 0.788136 0.024000 0.019774
0 0.351000 0.824153 0.026000 0.021186
0 0.674000 0.824153 0.024000 0.021186
