0 0.635000 0.060734 0.030000 0.025424
0 0.796000 0.187147 0.020000 0.018362
0 0.373000 0.375000 0.018000 0.015537
0 0.191000 0.396893 0.022000 0.016949
0 0.365000 0.397599 0.018000 0.015537
0 0.299000 0.417373 0.018000 0.018362
0 0.763000 0.416667 0.018000 0.016949
0 0.363000 0.438559 0.018000 0.015537
0 0.402000 0.459040 0.020000 0.014124
0 0.625000 0.456921 0.018000 0.018362
0 0.757000 0.458333 0.018000 0.018362
0 0.852000 0.456921 0.020000 0.018362
0 0.558000 0.478107 0.020000 0.015537
0 0.191000 0.563559 0.022000 0.016949
0 0.560000 0.563559 0.020000 0.019774
0 0.617000 0.562853 0.018000 0.015537
0 0.417000 0.583333 0.018000 0.016949
0 0.209000 0.667373 0.022000 0.018362
0 0.391000 0.708333 0.018000 0.015537
0 0.248000 0.730226 0.020000 0.016949
0 0.487000 0.168079 0.018000 0.016949
0 0.264000 0.293785 0.020000 0.014124
