0 0.526000 0.093927 0.028000 0.026836
0 0.566000 0.138418 0.028000 0.022599
0 0.433000 0.197740 0.030000 0.025424
0 0.647000 0.301554 0.026000 0.024011
0 0.643000 0.437853 0.026000 0.025424
0 0.509000 0.438559 0.030000 0.021186
0 0.533000 0.461864 0.026000 0.022599
0 0.503000 0.574153 0.030000 0.024011
0 0.395000 0.619350 0.030000 0.024011
0 0.397000 0.665254 0.030000 0.022599
0 0.514000 0.707627 0.028000 0.025424
0 0.405000 0.728107 0.026000 0.024011
0 0.449000 0.772599 0.030000 0.025424
0 0.718000 0.772599 0.028000 0.025424
0 0.190000 0.817090 0.028000 0.024011
