0 0.474000 0.105100 0.024000 0.024730
0 0.436000 0.142195 0.024000 0.021638
0 0.413000 0.176971 0.022000 0.023184
0 0.573000 0.176198 0.022000 0.021638
0 0.524000 0.210974 0.020000 0.020093
0 0.391000 0.244204 0.022000 0.018547
0 0.493000 0.520866 0.022000 0.021638
0 0.367000 0.588872 0.022000 0.021638
0 0.769000 0.622875 0.022000 0.021638
0 0.493000 0.657651 0.022000 0.023184
0 0.379000 0.692427 0.022000 0.021638
0 0.653000 0.726430 0.022000 0.018547
0 0.539000 0.759660 0.022000 0.020093
0 0.319000 0.795209 0.022000 0.020093
0 0.776000 0.795209 0.020000 0.020093
