0 0.180000 0.129944 0.020000 0.022599
0 0.534000 0.195621 0.020000 0.021186
0 0.534000 0.262006 0.020000 0.021186
0 0.271000 0.348164 0.022000 0.024011
0 0.674000 0.350282 0.020000 0.019774
0 0.312000 0.403955 0.020000 0.022599
0 0.534000 0.402542 0.024000 0.025424
0 0.817000 0.404661 0.022000 0.018362
0 0.655000 0.458333 0.022000 0.021186
0 0.273000 0.524718 0.022000 0.021186
0 0.271000 0.632768 0.022000 0.022599
0 0.332000 0.632768 0.020000 0.022599
0 0.574000 0.633475 0.020000 0.021186
0 0.675000 0.710452 0.022000 0.022599
0 0.474000 0.742938 0.020000 0.025424
0 0.514000 0.775424 0.020000 0.019774
0 0.735000 0.776836 0.022000 0.019774
0 0.513000 0.851695 0.022000 0.022599
0 0.816000 0.853107 0.020000 0.028249
