0 0.533000 0.034073 0.030000 0.033281
0 0.050000 0.125198 0.028000 0.025357
0 0.343000 0.099049 0.026000 0.030111
0 0.725000 0.099049 0.026000 0.030111
0 0.592000 0.283677 0.028000 0.025357
0 0.355000 0.366878 0.026000 0.030111
0 0.766000 0.395404 0.028000 0.026941
0 0.269000 0.473851 0.026000 0.028526
0 0.561000 0.473851 0.026000 0.025357
0 0.883000 0.473059 0.026000 0.023772
0 0.413000 0.568146 0.026000 0.026941
0 0.354000 0.646593 0.028000 0.028526
0 0.532000 0.646593 0.028000 0.028526
0 0.329000 0.758320 0.026000 0.026941
0 0.771000 0.944532 0.026000 0.025357
