0 0.127000 0.224036 0.042000 0.032641
0 0.501000 0.225519 0.042000 0.032641
0 0.145000 0.505193 0.018000 0.016320
0 0.271000 0.527448 0.014000 0.013353
0 0.223000 0.609050 0.018000 0.013353
0 0.113000 0.669881 0.018000 0.019288
0 0.257000 0.773739 0.018000 0.013353
0 0.192000 0.835312 0.016000 0.011869
0 0.128000 0.855341 0.016000 0.013353
0 0.500000 0.505193 0.016000 0.013353
0 0.547000 0.567507 0.014000 0.016320
0 0.515000 0.609792 0.014000 0.014837
0 0.388000 0.649852 0.016000 0.014837
0 0.531000 0.669881 0.014000 0.013353
0 0.612000 0.670623 0.020000 0.014837
0 0.388000 0.794510 0.016000 0.013353
0 0.774000 0.546736 0.016000 0.016320
0 0.727000 0.567507 0.014000 0.016320
0 0.678000 0.630564 0.016000 0.014837
0 0.678000 0.712908 0.016000 0.016320
0 0.791000 0.691395 0.018000 0.017804
0 0.484000 0.836053 0.016000 0.013353
0 0.562000 0.897626 0.016000 0.014837
0 0.678000 0.774481 0.016000 0.017804
0 0.114000 0.333086 0.020000 0.019288
0 0.338000 0.378338 0.016000 0.014837
0 0.509000 0.378338 0.018000 0.017804
0 0.289000 0.505193 0.014000 0.013353
0 0.244000 0.546736 0.016000 0.016320
0 0.320000 0.587537 0.016000 0.011869
0 0.515000 0.526706 0.018000 0.014837
0 0.532000 0.546736 0.016000 0.013353
0 0.500000 0.586795 0.016000 0.013353
0 0.547000 0.628338 0.014000 0.016320
0 0.468000 0.629080 0.016000 0.014837
0 0.468000 0.710682 0.016000 0.014837
0 0.726000 0.504451 0.016000 0.011869
0 0.848000 0.588279 0.016000 0.016320
0 0.870000 0.628338 0.016000 0.013353
0 0.404000 0.772255 0.016000 0.013353
0 0.162000 0.876113 0.016000 0.013353
