0 0.421000 0.117608 0.018000 0.017083
0 0.371000 0.237845 0.022000 0.015769
0 0.460000 0.339028 0.024000 0.015769
0 0.475000 0.467806 0.022000 0.015769
0 0.162000 0.527595 0.020000 0.014455
0 0.690000 0.541393 0.020000 0.015769
0 0.183000 0.766754 0.018000 0.014455
0 0.655000 0.637319 0.018000 0.015769
0 0.633000 0.652431 0.022000 0.014455
0 0.586000 0.666886 0.020000 0.014455
0 0.872000 0.639290 0.020000 0.017083
0 0.379000 0.783837 0.022000 0.014455
0 0.669000 0.738502 0.022000 0.015769
0 0.691000 0.766097 0.026000 0.015769
0 0.602000 0.809461 0.024000 0.018397
0 0.440000 0.954665 0.020000 0.014455
