0 0.684000 0.127825 0.020000 0.018362
0 0.713000 0.355226 0.018000 0.018362
0 0.261000 0.494350 0.022000 0.019774
0 0.252000 0.522599 0.020000 0.016949
0 0.253000 0.550141 0.022000 0.018362
0 0.213000 0.579802 0.018000 0.018362
0 0.363000 0.577684 0.018000 0.019774
0 0.609000 0.608757 0.018000 0.016949
0 0.251000 0.636299 0.018000 0.018362
0 0.383000 0.636299 0.018000 0.018362
0 0.382000 0.664548 0.020000 0.018362
0 0.270000 0.748588 0.020000 0.019774
0 0.194000 0.775424 0.020000 0.016949
0 0.459000 0.775424 0.018000 0.019774
0 0.156000 0.802260 0.020000 0.022599
0 0.326000 0.801554 0.020000 0.021186
0 0.628000 0.831215 0.020000 0.021186
0 0.308000 0.884887 0.020000 0.021186
0 0.780000 0.886299 0.020000 0.021186
0 0.628000 0.915254 0.020000 0.019774
0 0.770000 0.914548 0.020000 0.021186
0 0.496000 0.913136 0.020000 0.015537
0 0.231000 0.466808 0.018000 0.015537
