0 0.480479 0.147373 0.039043 0.031167
0 0.268262 0.207480 0.025189 0.021371
0 0.268892 0.280944 0.023929 0.020481
0 0.708438 0.354853 0.026448 0.020481
0 0.561713 0.428317 0.027708 0.021371
0 0.428212 0.501336 0.025189 0.021371
0 0.455290 0.577471 0.023929 0.024043
0 0.665617 0.613980 0.026448 0.020481
0 0.402393 0.652716 0.023929 0.021371
0 0.401763 0.688335 0.025189 0.021371
0 0.242443 0.724844 0.023929 0.023152
0 0.744962 0.725735 0.023929 0.024933
0 0.243073 0.761799 0.025189 0.020481
0 0.605793 0.800534 0.025189 0.021371
0 0.739924 0.800089 0.026448 0.022262
0 0.800378 0.837934 0.028967 0.024933
