0 0.077000 0.150621 0.034000 0.065217
0 0.377000 0.223602 0.034000 0.062112
0 0.415000 0.222050 0.034000 0.059006
0 0.753000 0.223602 0.034000 0.062112
0 0.791000 0.223602 0.034000 0.062112
0 0.753000 0.295031 0.034000 0.055901
0 0.227000 0.369565 0.034000 0.062112
0 0.078000 0.673913 0.036000 0.055901
0 0.678000 0.672360 0.036000 0.052795
0 0.227000 0.737578 0.034000 0.059006
0 0.603000 0.739130 0.034000 0.062112
0 0.115000 0.810559 0.034000 0.062112
0 0.152000 0.807453 0.036000 0.055901
0 0.602000 0.809006 0.036000 0.059006
0 0.641000 0.809006 0.034000 0.059006
0 0.077000 0.877329 0.034000 0.059006
0 0.453000 0.878882 0.034000 0.062112
