0 0.545000 0.104816 0.030000 0.025496
0 0.328000 0.157224 0.024000 0.019830
0 0.494000 0.156516 0.024000 0.021246
0 0.836000 0.155807 0.024000 0.019830
0 0.348000 0.192635 0.024000 0.016997
0 0.557000 0.193343 0.022000 0.018414
0 0.765000 0.192635 0.022000 0.019830
0 0.319000 0.267705 0.022000 0.019830
0 0.671000 0.266997 0.022000 0.018414
0 0.301000 0.415722 0.022000 0.018414
0 0.371000 0.453258 0.022000 0.016997
0 0.277000 0.490085 0.022000 0.019830
0 0.788000 0.526912 0.024000 0.019830
0 0.463000 0.564448 0.022000 0.018414
0 0.162000 0.638102 0.024000 0.018414
0 0.443000 0.638102 0.022000 0.018414
0 0.413000 0.676346 0.022000 0.018414
0 0.595000 0.676346 0.022000 0.018414
0 0.689000 0.676346 0.022000 0.018414
0 0.799000 0.675637 0.022000 0.016997
0 0.185000 0.713173 0.022000 0.018414
0 0.577000 0.713173 0.022000 0.018414
0 0.420000 0.824363 0.024000 0.019830
0 0.538000 0.824363 0.024000 0.016997
0 0.765000 0.898725 0.022000 0.018414
