0 0.270000 0.154880 0.020000 0.024045
0 0.249000 0.237624 0.022000 0.022631
0 0.391000 0.237624 0.022000 0.028289
0 0.482000 0.265912 0.024000 0.022631
0 0.252000 0.322489 0.024000 0.022631
0 0.627000 0.322489 0.022000 0.022631
0 0.211000 0.403819 0.026000 0.026874
0 0.704000 0.431400 0.020000 0.022631
0 0.373000 0.487977 0.022000 0.019802
0 0.493000 0.489392 0.022000 0.022631
0 0.592000 0.487270 0.024000 0.021216
0 0.528000 0.542433 0.020000 0.021216
0 0.816000 0.543847 0.024000 0.024045
0 0.431000 0.572136 0.022000 0.018388
0 0.674000 0.572136 0.024000 0.024045
0 0.603000 0.627298 0.022000 0.021216
0 0.472000 0.657001 0.020000 0.021216
0 0.797000 0.656294 0.022000 0.022631
0 0.838000 0.683876 0.024000 0.021216
0 0.230000 0.765205 0.024000 0.022631
0 0.180000 0.793494 0.020000 0.022631
