0 0.429000 0.095339 0.018000 0.024011
0 0.487000 0.170904 0.018000 0.016949
0 0.840000 0.170904 0.020000 0.019774
0 0.477000 0.192797 0.018000 0.015537
0 0.283000 0.213983 0.018000 0.018362
0 0.742000 0.213983 0.020000 0.015537
0 0.548000 0.235169 0.020000 0.018362
0 0.247000 0.257768 0.018000 0.018362
0 0.443000 0.258475 0.018000 0.019774
0 0.301000 0.280367 0.018000 0.018362
0 0.320000 0.300847 0.020000 0.016949
0 0.389000 0.363701 0.018000 0.018362
0 0.777000 0.385593 0.018000 0.019774
0 0.814000 0.406780 0.020000 0.019774
0 0.177000 0.448446 0.018000 0.018362
0 0.283000 0.490113 0.018000 0.019774
0 0.425000 0.576977 0.018000 0.021186
0 0.283000 0.619350 0.018000 0.021186
0 0.477000 0.661723 0.018000 0.018362
0 0.795000 0.660311 0.018000 0.018362
0 0.213000 0.704802 0.018000 0.019774
0 0.283000 0.768362 0.018000 0.022599
0 0.513000 0.768362 0.018000 0.019774
0 0.354000 0.812147 0.020000 0.016949
0 0.565000 0.832627 0.018000 0.018362
0 0.291000 0.851695 0.018000 0.019774
0 0.459000 0.896186 0.018000 0.018362
