0 0.359000 0.099010 0.022000 0.019802
0 0.197000 0.397454 0.018000 0.014144
0 0.205000 0.409477 0.018000 0.012730
0 0.370000 0.436351 0.016000 0.012730
0 0.097000 0.475955 0.022000 0.012730
0 0.264000 0.489392 0.016000 0.014144
0 0.370000 0.488685 0.016000 0.012730
0 0.460000 0.487977 0.016000 0.014144
0 0.174000 0.501414 0.016000 0.012730
0 0.436000 0.502122 0.016000 0.014144
0 0.173000 0.513437 0.018000 0.016973
0 0.444000 0.514144 0.016000 0.012730
0 0.197000 0.671146 0.018000 0.015559
0 0.205000 0.684583 0.018000 0.016973
0 0.174000 0.698020 0.016000 0.012730
0 0.220000 0.698020 0.016000 0.012730
0 0.416000 0.698020 0.016000 0.012730
0 0.174000 0.723479 0.016000 0.015559
0 0.174000 0.737624 0.016000 0.012730
0 0.355000 0.750354 0.014000 0.012730
0 0.324000 0.763791 0.016000 0.014144
0 0.415000 0.763083 0.018000 0.015559
0 0.248000 0.776521 0.016000 0.011315
0 0.205000 0.828147 0.018000 0.012730
0 0.174000 0.841584 0.016000 0.011315
0 0.204000 0.854314 0.016000 0.014144
0 0.280000 0.855021 0.016000 0.012730
0 0.376000 0.867044 0.016000 0.014144
0 0.188000 0.881188 0.016000 0.014144
0 0.099000 0.894625 0.018000 0.015559
0 0.144000 0.895332 0.016000 0.016973
0 0.294000 0.895332 0.016000 0.014144
0 0.414000 0.894625 0.016000 0.018388
0 0.710000 0.265912 0.016000 0.014144
0 0.556000 0.279349 0.016000 0.012730
0 0.676000 0.292786 0.016000 0.014144
0 0.753000 0.292786 0.018000 0.014144
0 0.570000 0.318246 0.016000 0.014144
0 0.828000 0.318246 0.016000 0.014144
0 0.760000 0.358557 0.020000 0.012730
0 0.678000 0.370580 0.016000 0.014144
0 0.784000 0.371287 0.016000 0.012730
0 0.556000 0.437058 0.016000 0.014144
0 0.888000 0.436351 0.016000 0.012730
0 0.632000 0.475955 0.016000 0.012730
0 0.737000 0.475955 0.014000 0.012730
0 0.601000 0.488685 0.014000 0.012730
0 0.736000 0.514851 0.016000 0.014144
0 0.556000 0.528289 0.020000 0.012730
0 0.631000 0.540311 0.014000 0.011315
0 0.812000 0.541018 0.016000 0.015559
0 0.738000 0.566478 0.016000 0.015559
0 0.811000 0.605375 0.014000 0.011315
0 0.571000 0.658416 0.014000 0.012730
0 0.797000 0.658416 0.014000 0.015559
0 0.647000 0.672560 0.014000 0.012730
0 0.722000 0.710750 0.020000 0.012730
0 0.706000 0.789958 0.016000 0.012730
0 0.858000 0.802687 0.016000 0.012730
0 0.204000 0.227016 0.016000 0.012730
0 0.902000 0.201556 0.016000 0.012730
0 0.437000 0.357850 0.014000 0.014144
0 0.706000 0.463225 0.016000 0.012730
0 0.636000 0.868458 0.016000 0.011315
0 0.651000 0.842291 0.014000 0.012730
