0 0.181000 0.086583 0.038000 0.032761
0 0.595000 0.085803 0.034000 0.034321
0 0.243000 0.686427 0.018000 0.012480
0 0.679000 0.524961 0.018000 0.010920
0 0.242000 0.258190 0.016000 0.014041
0 0.197000 0.275351 0.018000 0.014041
0 0.369000 0.223089 0.018000 0.015601
0 0.706000 0.220749 0.016000 0.014041
0 0.207000 0.151326 0.018000 0.015601
0 0.388000 0.149766 0.020000 0.015601
0 0.108000 0.168487 0.020000 0.015601
0 0.144000 0.186427 0.020000 0.014041
0 0.225000 0.204368 0.018000 0.012480
0 0.072000 0.294072 0.020000 0.014041
0 0.126000 0.329173 0.020000 0.015601
0 0.118000 0.347894 0.020000 0.015601
0 0.108000 0.382995 0.020000 0.014041
0 0.267000 0.382995 0.018000 0.014041
0 0.355000 0.382995 0.018000 0.014041
0 0.299000 0.490640 0.018000 0.014041
0 0.472000 0.489860 0.020000 0.015601
0 0.209000 0.525741 0.018000 0.015601
0 0.253000 0.578783 0.018000 0.015601
0 0.145000 0.634165 0.018000 0.014041
0 0.453000 0.632605 0.018000 0.014041
0 0.172000 0.651326 0.016000 0.014041
0 0.127000 0.668487 0.018000 0.014041
0 0.172000 0.668487 0.016000 0.014041
0 0.226000 0.669267 0.020000 0.015601
0 0.343000 0.668487 0.018000 0.014041
0 0.072000 0.722309 0.020000 0.015601
0 0.281000 0.722309 0.018000 0.015601
0 0.072000 0.739470 0.020000 0.015601
0 0.136000 0.758970 0.016000 0.014041
0 0.437000 0.758190 0.018000 0.015601
0 0.171000 0.776131 0.018000 0.014041
0 0.455000 0.776131 0.018000 0.014041
0 0.227000 0.794072 0.018000 0.015601
0 0.473000 0.793292 0.018000 0.014041
0 0.237000 0.812012 0.018000 0.014041
0 0.231000 0.829173 0.018000 0.014041
0 0.165000 0.847894 0.018000 0.014041
0 0.155000 0.865055 0.018000 0.014041
0 0.418000 0.865055 0.020000 0.014041
0 0.100000 0.882995 0.020000 0.015601
0 0.200000 0.901716 0.020000 0.015601
0 0.173000 0.918877 0.018000 0.015601
0 0.182000 0.937598 0.020000 0.015601
0 0.390000 0.937598 0.020000 0.015601
0 0.273000 0.953978 0.018000 0.014041
0 0.542000 0.149766 0.016000 0.015601
0 0.715000 0.166927 0.018000 0.015601
0 0.907000 0.165367 0.022000 0.015601
0 0.751000 0.184087 0.018000 0.015601
0 0.889000 0.184867 0.018000 0.014041
0 0.525000 0.221529 0.018000 0.015601
0 0.707000 0.238690 0.018000 0.015601
0 0.834000 0.238690 0.020000 0.015601
0 0.710000 0.256630 0.016000 0.014041
0 0.561000 0.274571 0.018000 0.015601
0 0.823000 0.292512 0.018000 0.014041
0 0.770000 0.309672 0.020000 0.017161
0 0.908000 0.309672 0.020000 0.017161
0 0.825000 0.381435 0.018000 0.014041
0 0.643000 0.418097 0.018000 0.015601
0 0.625000 0.436037 0.018000 0.014041
0 0.707000 0.471919 0.018000 0.014041
0 0.699000 0.560842 0.018000 0.014041
0 0.581000 0.578783 0.018000 0.015601
0 0.853000 0.578783 0.018000 0.015601
0 0.626000 0.596724 0.020000 0.014041
0 0.853000 0.596724 0.018000 0.017161
0 0.853000 0.614665 0.018000 0.015601
0 0.653000 0.632605 0.018000 0.014041
0 0.872000 0.632605 0.020000 0.017161
0 0.772000 0.650546 0.020000 0.015601
0 0.616000 0.668487 0.020000 0.014041
0 0.715000 0.685647 0.018000 0.014041
0 0.804000 0.686427 0.020000 0.015601
0 0.908000 0.704368 0.020000 0.017161
0 0.525000 0.703588 0.018000 0.015601
0 0.807000 0.738690 0.018000 0.014041
0 0.671000 0.758190 0.018000 0.015601
0 0.817000 0.758190 0.018000 0.015601
0 0.817000 0.775351 0.018000 0.015601
0 0.685000 0.794072 0.018000 0.015601
0 0.703000 0.829173 0.018000 0.014041
0 0.561000 0.847114 0.018000 0.015601
0 0.837000 0.847114 0.018000 0.015601
0 0.527000 0.918097 0.018000 0.017161
0 0.238000 0.222309 0.020000 0.014041
0 0.299000 0.542902 0.018000 0.015601
0 0.389000 0.614665 0.022000 0.015601
