0 0.385000 0.096045 0.018000 0.016949
0 0.463000 0.171610 0.018000 0.015537
0 0.195000 0.191384 0.018000 0.018362
0 0.566000 0.193503 0.020000 0.016949
0 0.248000 0.216808 0.020000 0.015537
0 0.725000 0.214689 0.018000 0.014124
0 0.460000 0.235876 0.016000 0.014124
0 0.582000 0.236582 0.020000 0.015537
0 0.653000 0.235876 0.018000 0.016949
0 0.176000 0.256356 0.020000 0.015537
0 0.229000 0.254944 0.018000 0.018362
0 0.304000 0.257062 0.020000 0.016949
0 0.416000 0.256356 0.020000 0.015537
0 0.470000 0.257768 0.020000 0.015537
0 0.564000 0.257768 0.016000 0.015537
0 0.745000 0.257768 0.018000 0.015537
0 0.798000 0.256356 0.016000 0.018362
0 0.600000 0.278249 0.016000 0.016949
0 0.779000 0.278955 0.018000 0.018362
0 0.834000 0.280367 0.020000 0.018362
0 0.514000 0.300141 0.020000 0.015537
0 0.159000 0.319915 0.018000 0.018362
0 0.160000 0.361582 0.020000 0.016949
0 0.370000 0.362288 0.020000 0.018362
0 0.315000 0.384887 0.018000 0.018362
0 0.625000 0.384181 0.018000 0.016949
0 0.715000 0.384887 0.018000 0.015537
0 0.819000 0.384181 0.018000 0.016949
0 0.247000 0.426554 0.018000 0.016949
0 0.301000 0.425847 0.018000 0.015537
0 0.617000 0.427966 0.018000 0.016949
0 0.808000 0.426554 0.016000 0.016949
0 0.279000 0.448446 0.018000 0.015537
0 0.403000 0.447740 0.018000 0.016949
0 0.473000 0.449153 0.018000 0.014124
0 0.787000 0.448446 0.018000 0.015537
0 0.176000 0.470339 0.020000 0.016949
0 0.562000 0.469633 0.020000 0.015537
0 0.229000 0.490819 0.018000 0.015537
0 0.317000 0.491525 0.018000 0.016949
0 0.442000 0.491525 0.020000 0.014124
0 0.582000 0.490113 0.016000 0.014124
0 0.283000 0.512712 0.018000 0.016949
0 0.301000 0.512006 0.018000 0.015537
0 0.389000 0.512712 0.018000 0.016949
0 0.583000 0.513418 0.018000 0.018362
0 0.777000 0.512712 0.018000 0.016949
0 0.177000 0.534605 0.018000 0.015537
0 0.555000 0.533192 0.018000 0.021186
0 0.662000 0.535311 0.020000 0.019774
0 0.157000 0.555791 0.022000 0.018362
0 0.333000 0.577684 0.018000 0.016949
0 0.283000 0.598164 0.018000 0.018362
0 0.671000 0.598164 0.018000 0.015537
0 0.265000 0.641243 0.018000 0.016949
0 0.583000 0.661017 0.022000 0.016949
0 0.813000 0.661017 0.018000 0.014124
0 0.821000 0.683616 0.018000 0.016949
0 0.422000 0.704096 0.020000 0.015537
0 0.477000 0.703390 0.018000 0.016949
0 0.694000 0.724576 0.020000 0.016949
0 0.837000 0.725282 0.018000 0.018362
0 0.399000 0.747175 0.018000 0.016949
0 0.283000 0.767655 0.018000 0.015537
0 0.195000 0.809322 0.018000 0.016949
0 0.158000 0.831215 0.024000 0.018362
0 0.547000 0.831921 0.018000 0.014124
0 0.653000 0.875000 0.018000 0.015537
0 0.672000 0.873588 0.020000 0.015537
