0 0.257000 0.103107 0.026000 0.022599
0 0.563000 0.104520 0.026000 0.019774
0 0.397000 0.141243 0.022000 0.022599
0 0.397000 0.215395 0.022000 0.021186
0 0.727000 0.215395 0.022000 0.021186
0 0.444000 0.326271 0.024000 0.022599
0 0.809000 0.400424 0.022000 0.021186
0 0.304000 0.437853 0.024000 0.022599
0 0.468000 0.511299 0.024000 0.022599
0 0.704000 0.511299 0.024000 0.025424
0 0.327000 0.622175 0.022000 0.021186
0 0.586000 0.622175 0.024000 0.018362
0 0.350000 0.659605 0.024000 0.019774
0 0.704000 0.658898 0.024000 0.021186
0 0.160000 0.697034 0.028000 0.021186
0 0.515000 0.733051 0.026000 0.022599
0 0.326000 0.771186 0.024000 0.019774
0 0.634000 0.770480 0.024000 0.021186
