0 0.137000 0.238474 0.026000 0.022258
0 0.139000 0.367250 0.026000 0.022258
0 0.104000 0.559618 0.032000 0.025437
0 0.742000 0.109698 0.024000 0.025437
0 0.782000 0.238474 0.028000 0.025437
0 0.787000 0.497615 0.026000 0.025437
0 0.744000 0.557234 0.028000 0.030207
0 0.792000 0.648649 0.032000 0.025437
0 0.180000 0.757552 0.028000 0.023847
0 0.138000 0.889507 0.028000 0.023847
0 0.484000 0.782989 0.032000 0.027027
0 0.735000 0.761526 0.026000 0.028617
0 0.734000 0.903021 0.028000 0.025437
0 0.719000 0.964229 0.030000 0.023847
