0 0.456000 0.100424 0.028000 0.022631
0 0.479000 0.184583 0.022000 0.018388
0 0.149000 0.216407 0.022000 0.016973
0 0.291000 0.217115 0.022000 0.018388
0 0.620000 0.217115 0.024000 0.018388
0 0.125000 0.248939 0.022000 0.019802
0 0.478000 0.248939 0.024000 0.019802
0 0.338000 0.295615 0.020000 0.019802
0 0.173000 0.342291 0.022000 0.019802
0 0.667000 0.341584 0.022000 0.018388
0 0.715000 0.405941 0.022000 0.019802
0 0.149000 0.438472 0.022000 0.019802
0 0.244000 0.485856 0.024000 0.018388
0 0.362000 0.485856 0.024000 0.018388
0 0.620000 0.485149 0.024000 0.016973
0 0.267000 0.517680 0.022000 0.016973
0 0.337000 0.517680 0.022000 0.016973
0 0.621000 0.517680 0.022000 0.016973
0 0.880000 0.518388 0.024000 0.018388
0 0.268000 0.550919 0.024000 0.018388
0 0.267000 0.596181 0.022000 0.021216
0 0.432000 0.597595 0.024000 0.018388
0 0.243000 0.644272 0.022000 0.018388
0 0.574000 0.643564 0.024000 0.016973
0 0.644000 0.722772 0.024000 0.016973
0 0.243000 0.754597 0.022000 0.018388
0 0.691000 0.754597 0.022000 0.018388
0 0.808000 0.754597 0.024000 0.018388
0 0.761000 0.787129 0.022000 0.021216
0 0.691000 0.818953 0.022000 0.019802
0 0.196000 0.851485 0.024000 0.019802
