0 0.308000 0.118272 0.020000 0.015581
0 0.119000 0.137394 0.018000 0.016997
0 0.439000 0.156516 0.018000 0.015581
0 0.101000 0.214589 0.018000 0.015581
0 0.207000 0.215297 0.018000 0.016997
0 0.574000 0.754958 0.016000 0.014164
0 0.627000 0.755666 0.018000 0.015581
0 0.862000 0.796034 0.016000 0.016997
0 0.810000 0.796034 0.016000 0.014164
0 0.586000 0.813031 0.016000 0.016997
0 0.694000 0.815156 0.020000 0.015581
0 0.818000 0.816572 0.016000 0.015581
0 0.649000 0.834986 0.018000 0.015581
0 0.860000 0.835694 0.016000 0.016997
0 0.760000 0.853399 0.016000 0.018414
0 0.746000 0.893059 0.016000 0.015581
0 0.859000 0.892351 0.018000 0.016997
0 0.522000 0.932011 0.024000 0.019830
0 0.778000 0.934136 0.020000 0.018414
0 0.861000 0.934844 0.018000 0.019830
0 0.341000 0.290368 0.014000 0.011331
0 0.342000 0.357649 0.016000 0.009915
