0 0.610000 0.094059 0.024000 0.021216
0 0.857000 0.128006 0.026000 0.024045
0 0.715000 0.207214 0.022000 0.029703
0 0.408000 0.284300 0.024000 0.022631
0 0.385000 0.317539 0.026000 0.024045
0 0.738000 0.317539 0.024000 0.026874
0 0.526000 0.349364 0.024000 0.025460
0 0.172000 0.379774 0.024000 0.026874
0 0.673000 0.381895 0.022000 0.028289
0 0.314000 0.456153 0.024000 0.032532
0 0.433000 0.460396 0.026000 0.026874
0 0.314000 0.492928 0.024000 0.024045
0 0.290000 0.538190 0.024000 0.024045
0 0.455000 0.537482 0.022000 0.025460
0 0.196000 0.603253 0.024000 0.024045
0 0.432000 0.603960 0.024000 0.025460
0 0.575000 0.636492 0.026000 0.025460
0 0.546000 0.682461 0.024000 0.026874
0 0.805000 0.681754 0.026000 0.025460
0 0.150000 0.716407 0.024000 0.024045
0 0.808000 0.748232 0.024000 0.022631
0 0.385000 0.780764 0.026000 0.025460
0 0.290000 0.826025 0.024000 0.022631
0 0.173000 0.858557 0.026000 0.025460
0 0.739000 0.858557 0.026000 0.028289
