0 0.326000 0.139831 0.028000 0.022599
0 0.594000 0.141243 0.028000 0.022599
0 0.810000 0.213983 0.028000 0.024011
0 0.407000 0.288136 0.026000 0.022599
0 0.569000 0.288136 0.030000 0.022599
0 0.675000 0.325565 0.026000 0.024011
0 0.245000 0.362288 0.026000 0.024011
0 0.689000 0.363701 0.026000 0.024011
0 0.245000 0.398305 0.026000 0.022599
0 0.515000 0.400424 0.030000 0.021186
0 0.354000 0.473870 0.028000 0.018362
0 0.379000 0.548729 0.030000 0.021186
0 0.595000 0.584040 0.026000 0.024011
0 0.326000 0.620763 0.028000 0.021186
0 0.407000 0.695621 0.026000 0.021186
0 0.406000 0.769774 0.028000 0.022599
0 0.245000 0.807203 0.030000 0.024011
0 0.648000 0.808616 0.028000 0.024011
0 0.810000 0.807910 0.028000 0.019774
0 0.634000 0.880650 0.028000 0.021186
