0 0.671000 0.117284 0.042000 0.040123
0 0.283000 0.181327 0.018000 0.020062
0 0.660000 0.202932 0.020000 0.016975
0 0.354000 0.223765 0.020000 0.021605
0 0.641000 0.222994 0.018000 0.020062
0 0.803000 0.221451 0.018000 0.023148
0 0.497000 0.243056 0.018000 0.020062
0 0.732000 0.243056 0.020000 0.020062
0 0.155000 0.264660 0.022000 0.020062
0 0.462000 0.264660 0.020000 0.016975
0 0.786000 0.264660 0.020000 0.020062
0 0.444000 0.286265 0.020000 0.020062
0 0.731000 0.286265 0.018000 0.020062
0 0.371000 0.327160 0.018000 0.018519
0 0.642000 0.389660 0.020000 0.016975
0 0.696000 0.429784 0.020000 0.020062
0 0.551000 0.450617 0.018000 0.021605
0 0.299000 0.470679 0.018000 0.018519
0 0.237000 0.492284 0.018000 0.018519
0 0.560000 0.512346 0.020000 0.018519
0 0.533000 0.533951 0.018000 0.018519
0 0.353000 0.553241 0.018000 0.023148
0 0.516000 0.555556 0.020000 0.015432
0 0.173000 0.574846 0.018000 0.020062
0 0.479000 0.594907 0.018000 0.020062
0 0.154000 0.677469 0.020000 0.018519
0 0.317000 0.699846 0.018000 0.020062
0 0.426000 0.699846 0.020000 0.016975
0 0.713000 0.782407 0.018000 0.018519
0 0.641000 0.824074 0.018000 0.018519
0 0.263000 0.864969 0.018000 0.023148
0 0.345000 0.884259 0.018000 0.021605
