0 0.569000 0.103814 0.022000 0.021186
0 0.777000 0.170904 0.018000 0.019774
0 0.354000 0.207627 0.020000 0.016949
0 0.586000 0.244350 0.020000 0.019774
0 0.586000 0.263418 0.020000 0.018362
0 0.486000 0.281780 0.020000 0.018362
0 0.284000 0.262712 0.020000 0.016949
0 0.395000 0.411017 0.018000 0.016949
0 0.475000 0.430085 0.018000 0.015537
0 0.415000 0.448446 0.018000 0.015537
0 0.375000 0.503531 0.018000 0.015537
0 0.314000 0.522599 0.020000 0.016949
0 0.518000 0.540254 0.020000 0.018362
0 0.405000 0.577684 0.018000 0.016949
0 0.374000 0.615113 0.016000 0.015537
0 0.378000 0.596045 0.020000 0.016949
0 0.499000 0.485876 0.018000 0.014124
