0 0.467000 0.102401 0.022000 0.018362
0 0.538000 0.139124 0.024000 0.018362
0 0.161000 0.177260 0.026000 0.018362
0 0.224000 0.176554 0.024000 0.016949
0 0.377000 0.177260 0.022000 0.018362
0 0.533000 0.176554 0.022000 0.016949
0 0.609000 0.213277 0.022000 0.019774
0 0.444000 0.287429 0.024000 0.018362
0 0.444000 0.324859 0.024000 0.019774
0 0.546000 0.435734 0.024000 0.021186
0 0.534000 0.472458 0.024000 0.018362
0 0.734000 0.472458 0.024000 0.018362
0 0.796000 0.473164 0.024000 0.022599
0 0.160000 0.512006 0.028000 0.021186
0 0.444000 0.547316 0.024000 0.018362
0 0.279000 0.547316 0.022000 0.018362
0 0.339000 0.657486 0.022000 0.018362
0 0.172000 0.659605 0.024000 0.019774
0 0.279000 0.694209 0.022000 0.018362
0 0.420000 0.694915 0.024000 0.019774
0 0.483000 0.694209 0.022000 0.018362
0 0.700000 0.731638 0.024000 0.019774
