0 0.229000 0.040311 0.038000 0.032532
0 0.226000 0.188826 0.020000 0.018388
0 0.399000 0.189533 0.022000 0.019802
0 0.569000 0.187412 0.018000 0.021216
0 0.740000 0.188826 0.020000 0.021216
0 0.910000 0.190240 0.020000 0.018388
0 0.228000 0.320368 0.020000 0.021216
0 0.132000 0.243989 0.020000 0.018388
0 0.399000 0.323197 0.018000 0.018388
0 0.509000 0.249646 0.106000 0.103253
0 0.741000 0.338755 0.022000 0.015559
0 0.856000 0.322489 0.016000 0.016973
0 0.839000 0.340877 0.018000 0.022631
0 0.692000 0.364922 0.020000 0.016973
0 0.364000 0.473126 0.016000 0.015559
0 0.903000 0.594767 0.018000 0.018388
0 0.638000 0.636492 0.024000 0.019802
0 0.787000 0.736917 0.022000 0.016973
0 0.252000 0.756719 0.020000 0.016973
0 0.679000 0.754597 0.022000 0.015559
0 0.230000 0.798444 0.020000 0.015559
0 0.681000 0.796322 0.022000 0.022631
0 0.837000 0.798444 0.022000 0.018388
0 0.790000 0.776521 0.020000 0.019802
0 0.903000 0.776521 0.026000 0.016973
0 0.500000 0.776521 0.024000 0.016973
0 0.251000 0.775106 0.018000 0.014144
0 0.344000 0.778642 0.024000 0.018388
0 0.273000 0.816832 0.022000 0.018388
0 0.520000 0.816124 0.020000 0.016973
0 0.253000 0.837341 0.022000 0.016973
0 0.475000 0.835926 0.022000 0.016973
0 0.904000 0.838755 0.020000 0.022631
0 0.643000 0.877652 0.022000 0.021216
0 0.111000 0.929279 0.030000 0.031117
0 0.410000 0.929986 0.024000 0.024045
0 0.691000 0.929279 0.022000 0.022631
0 0.801000 0.926450 0.026000 0.028289
0 0.788000 0.974540 0.032000 0.031117
0 0.161000 0.119519 0.014000 0.015559
0 0.798000 0.125884 0.024000 0.022631
0 0.845000 0.222065 0.022000 0.014144
0 0.812000 0.104668 0.024000 0.022631
