0 0.618000 0.042433 0.036000 0.028289
0 0.581000 0.227723 0.034000 0.025460
0 0.502000 0.369873 0.016000 0.012730
0 0.614000 0.369165 0.016000 0.014144
0 0.262000 0.472419 0.016000 0.014144
0 0.374000 0.472419 0.016000 0.014144
0 0.728000 0.490806 0.016000 0.014144
0 0.294000 0.508487 0.016000 0.012730
0 0.566000 0.564356 0.016000 0.014144
0 0.678000 0.564356 0.016000 0.014144
0 0.454000 0.667610 0.016000 0.014144
0 0.566000 0.666902 0.016000 0.015559
0 0.278000 0.845827 0.016000 0.014144
0 0.582000 0.845120 0.016000 0.012730
