0 0.445283 0.046547 0.067925 0.075075
0 0.226415 0.139640 0.037736 0.033033
0 0.418868 0.139640 0.037736 0.033033
0 0.645283 0.139640 0.037736 0.033033
0 0.800000 0.141141 0.037736 0.030030
0 0.762264 0.178679 0.037736 0.033033
0 0.086792 0.213213 0.037736 0.030030
0 0.456604 0.249249 0.037736 0.030030
0 0.915094 0.286787 0.041509 0.033033
0 0.264151 0.394895 0.037736 0.033033
0 0.913208 0.393393 0.037736 0.036036
0 0.084906 0.469970 0.033962 0.033033
0 0.341509 0.504505 0.033962 0.036036
0 0.198113 0.542042 0.033962 0.033033
0 0.607547 0.578078 0.037736 0.033033
0 0.084906 0.615616 0.041509 0.036036
0 0.339623 0.651652 0.037736 0.030030
0 0.273585 0.689189 0.033962 0.033033
0 0.458491 0.689189 0.033962 0.033033
0 0.454717 0.761261 0.033962 0.033033
0 0.086792 0.797297 0.037736 0.033033
0 0.645283 0.761261 0.037736 0.033033
0 0.532075 0.872372 0.037736 0.033033
0 0.196226 0.869369 0.037736 0.033033
0 0.341509 0.908408 0.041509 0.027027
0 0.156604 0.944444 0.033962 0.033033
0 0.454717 0.944444 0.033962 0.033033
