0 0.089000 0.048507 0.022000 0.037313
0 0.323000 0.049751 0.018000 0.034826
0 0.080000 0.085821 0.020000 0.037313
0 0.333000 0.083333 0.018000 0.037313
0 0.110000 0.315920 0.020000 0.039801
0 0.128000 0.533582 0.020000 0.032338
0 0.070000 0.860697 0.020000 0.034826
0 0.420000 0.861940 0.020000 0.032338
0 0.148000 0.900498 0.020000 0.034826
0 0.167000 0.898010 0.018000 0.034826
0 0.342000 0.899254 0.016000 0.032338
0 0.360000 0.898010 0.020000 0.034826
0 0.421000 0.900498 0.022000 0.034826
0 0.831000 0.050995 0.018000 0.037313
0 0.655000 0.317164 0.018000 0.037313
0 0.851000 0.315920 0.022000 0.034826
0 0.909000 0.536070 0.018000 0.032338
0 0.754000 0.572139 0.020000 0.034826
0 0.735000 0.609453 0.022000 0.034826
