0 0.485000 0.101695 0.030000 0.022599
0 0.256000 0.305085 0.020000 0.016949
0 0.430000 0.305085 0.020000 0.016949
0 0.251000 0.329096 0.022000 0.016949
0 0.344000 0.329096 0.020000 0.016949
0 0.485000 0.329802 0.022000 0.018362
0 0.164000 0.400424 0.020000 0.015537
0 0.386000 0.400424 0.020000 0.015537
0 0.521000 0.400424 0.022000 0.015537
0 0.702000 0.400424 0.020000 0.015537
0 0.194000 0.425141 0.020000 0.016949
0 0.210000 0.448446 0.020000 0.018362
0 0.265000 0.471751 0.022000 0.016949
0 0.456000 0.472458 0.020000 0.015537
0 0.746000 0.471751 0.020000 0.016949
0 0.440000 0.543079 0.020000 0.015537
0 0.876000 0.543079 0.020000 0.015537
0 0.426000 0.567090 0.020000 0.015537
0 0.721000 0.567090 0.022000 0.015537
0 0.225000 0.590395 0.022000 0.016949
0 0.520000 0.590395 0.020000 0.016949
0 0.245000 0.613701 0.022000 0.015537
0 0.330000 0.638418 0.020000 0.016949
0 0.214000 0.661723 0.020000 0.015537
