0 0.400000 0.045904 0.020000 0.018362
0 0.662000 0.045904 0.020000 0.018362
0 0.724000 0.065678 0.020000 0.021186
0 0.199000 0.083333 0.022000 0.019774
0 0.401000 0.083333 0.022000 0.019774
0 0.121000 0.100989 0.022000 0.021186
0 0.201000 0.103107 0.022000 0.016949
0 0.199000 0.120763 0.022000 0.018362
0 0.601000 0.121469 0.022000 0.022599
0 0.351000 0.138418 0.022000 0.019774
0 0.371000 0.250000 0.022000 0.019774
0 0.721000 0.269068 0.022000 0.021186
0 0.198000 0.286017 0.020000 0.018362
0 0.240000 0.286723 0.020000 0.019774
0 0.346000 0.285311 0.020000 0.019774
0 0.420000 0.286723 0.020000 0.019774
0 0.495000 0.286723 0.022000 0.019774
0 0.191000 0.305791 0.022000 0.018362
0 0.372000 0.305791 0.024000 0.018362
0 0.191000 0.324153 0.022000 0.018362
0 0.352000 0.323446 0.024000 0.019774
0 0.191000 0.342514 0.022000 0.018362
0 0.353000 0.344633 0.026000 0.019774
0 0.835000 0.379237 0.022000 0.018362
0 0.795000 0.398305 0.022000 0.019774
0 0.099000 0.434322 0.022000 0.024011
0 0.239000 0.451977 0.022000 0.019774
0 0.622000 0.453390 0.024000 0.016949
0 0.763000 0.454096 0.022000 0.018362
0 0.865000 0.454096 0.022000 0.024011
0 0.341000 0.471751 0.022000 0.019774
0 0.643000 0.472458 0.022000 0.018362
0 0.826000 0.471751 0.024000 0.022599
0 0.161000 0.490819 0.022000 0.018362
0 0.238000 0.508475 0.020000 0.016949
0 0.078000 0.547316 0.024000 0.018362
0 0.262000 0.546610 0.024000 0.016949
0 0.178000 0.564972 0.024000 0.016949
0 0.582000 0.564266 0.020000 0.018362
0 0.238000 0.639124 0.020000 0.018362
0 0.422000 0.657486 0.020000 0.018362
0 0.279000 0.692797 0.022000 0.018362
0 0.723000 0.694915 0.022000 0.016949
0 0.270000 0.713277 0.024000 0.016949
0 0.655000 0.731638 0.022000 0.016949
0 0.231000 0.749294 0.022000 0.018362
0 0.462000 0.786723 0.024000 0.019774
0 0.744000 0.786723 0.024000 0.019774
0 0.201000 0.805085 0.022000 0.019774
0 0.360000 0.824153 0.020000 0.018362
0 0.373000 0.879944 0.022000 0.019774
0 0.251000 0.898305 0.022000 0.016949
0 0.756000 0.898305 0.020000 0.019774
0 0.392000 0.915254 0.020000 0.016949
0 0.401000 0.934322 0.022000 0.018362
0 0.602000 0.934322 0.020000 0.018362
0 0.461000 0.676554 0.022000 0.016949
