0 0.593000 0.086158 0.038000 0.028249
0 0.303000 0.223870 0.022000 0.018362
0 0.475000 0.251412 0.018000 0.019774
0 0.788000 0.252825 0.020000 0.019774
0 0.234000 0.270480 0.020000 0.015537
0 0.302000 0.298729 0.020000 0.015537
0 0.424000 0.371469 0.020000 0.016949
0 0.565000 0.418079 0.018000 0.016949
0 0.706000 0.446328 0.020000 0.016949
0 0.303000 0.492938 0.018000 0.016949
0 0.696000 0.519774 0.020000 0.016949
0 0.867000 0.519774 0.018000 0.016949
0 0.333000 0.557910 0.018000 0.019774
0 0.328000 0.584746 0.020000 0.014124
0 0.424000 0.613701 0.020000 0.018362
0 0.606000 0.640537 0.020000 0.018362
0 0.373000 0.659605 0.018000 0.016949
0 0.626000 0.687147 0.020000 0.018362
0 0.787000 0.751412 0.018000 0.016949
0 0.327000 0.779661 0.018000 0.016949
0 0.546000 0.807203 0.020000 0.018362
0 0.698000 0.835452 0.020000 0.015537
0 0.274000 0.853814 0.020000 0.015537
0 0.718000 0.882062 0.020000 0.018362
0 0.314000 0.899718 0.020000 0.016949
0 0.536000 0.927966 0.020000 0.016949
0 0.484000 0.687853 0.020000 0.016949
