0 0.175000 0.165895 0.022000 0.020062
0 0.273000 0.224537 0.018000 0.020062
0 0.430000 0.314043 0.020000 0.020062
0 0.665000 0.313272 0.018000 0.018519
0 0.449000 0.432099 0.018000 0.021605
0 0.724000 0.432099 0.020000 0.018519
0 0.508000 0.520062 0.020000 0.018519
0 0.389000 0.548611 0.018000 0.020062
0 0.606000 0.550154 0.020000 0.020062
0 0.272000 0.608025 0.020000 0.018519
0 0.489000 0.609568 0.018000 0.021605
0 0.302000 0.638117 0.020000 0.020062
0 0.606000 0.668210 0.020000 0.021605
0 0.606000 0.697531 0.020000 0.018519
0 0.430000 0.727623 0.020000 0.023148
0 0.468000 0.875772 0.020000 0.026235
0 0.370000 0.137346 0.020000 0.018519
