0 0.552000 0.091102 0.016000 0.015537
0 0.275000 0.130650 0.018000 0.018362
0 0.374000 0.172316 0.016000 0.016949
0 0.681000 0.174435 0.018000 0.018362
0 0.186000 0.199153 0.016000 0.019774
0 0.571000 0.200565 0.022000 0.016949
0 0.249000 0.254944 0.014000 0.015537
0 0.353000 0.341102 0.014000 0.015537
0 0.154000 0.367232 0.020000 0.019774
0 0.326000 0.395480 0.016000 0.016949
0 0.728000 0.395480 0.016000 0.016949
0 0.202000 0.422316 0.016000 0.019774
0 0.516000 0.423023 0.016000 0.015537
0 0.598000 0.451271 0.016000 0.015537
0 0.406000 0.478107 0.016000 0.018362
0 0.555000 0.478814 0.018000 0.019774
0 0.328000 0.504237 0.016000 0.019774
0 0.274000 0.591808 0.016000 0.019774
0 0.620000 0.590395 0.016000 0.016949
0 0.468000 0.619350 0.016000 0.015537
0 0.791000 0.620763 0.018000 0.018362
0 0.391000 0.648305 0.018000 0.022599
0 0.446000 0.691384 0.016000 0.018362
0 0.391000 0.718927 0.018000 0.025424
0 0.389000 0.759181 0.018000 0.018362
0 0.152000 0.786017 0.020000 0.015537
0 0.233000 0.788136 0.018000 0.019774
0 0.470000 0.787429 0.016000 0.015537
0 0.579000 0.786017 0.018000 0.018362
0 0.727000 0.787429 0.022000 0.015537
0 0.777000 0.786017 0.018000 0.021186
0 0.345000 0.815678 0.018000 0.015537
0 0.578000 0.814972 0.016000 0.019774
