0 0.487000 0.104520 0.026000 0.019774
0 0.374000 0.252119 0.024000 0.021186
0 0.704000 0.252825 0.024000 0.019774
0 0.233000 0.289548 0.022000 0.019774
0 0.316000 0.400424 0.024000 0.021186
0 0.209000 0.437147 0.022000 0.018362
0 0.351000 0.437853 0.022000 0.022599
0 0.562000 0.437147 0.024000 0.021186
0 0.751000 0.437147 0.022000 0.018362
0 0.233000 0.475989 0.022000 0.022599
0 0.563000 0.474576 0.022000 0.022599
0 0.504000 0.401130 0.024000 0.022599
0 0.504000 0.584746 0.024000 0.019774
0 0.810000 0.586158 0.024000 0.019774
0 0.397000 0.660311 0.022000 0.018362
0 0.340000 0.770480 0.024000 0.018362
0 0.527000 0.770480 0.022000 0.018362
0 0.598000 0.770480 0.024000 0.021186
0 0.351000 0.807910 0.022000 0.019774
