0 0.162000 0.135593 0.024000 0.019774
0 0.259000 0.188559 0.026000 0.018362
0 0.312000 0.242232 0.024000 0.018362
0 0.271000 0.331921 0.022000 0.019774
0 0.310000 0.387712 0.024000 0.021186
0 0.501000 0.440678 0.022000 0.019774
0 0.312000 0.567090 0.020000 0.021186
0 0.271000 0.657486 0.026000 0.021186
0 0.311000 0.711158 0.022000 0.021186
0 0.244000 0.765537 0.024000 0.019774
0 0.245000 0.819209 0.022000 0.019774
0 0.326000 0.817797 0.024000 0.019774
0 0.783000 0.819209 0.026000 0.022599
0 0.810000 0.855226 0.020000 0.018362
