0 0.498000 0.104328 0.024000 0.023184
0 0.389000 0.142195 0.022000 0.018547
0 0.641000 0.142195 0.022000 0.021638
0 0.733000 0.176198 0.022000 0.018547
0 0.477000 0.210974 0.022000 0.020093
0 0.637000 0.211747 0.022000 0.021638
0 0.156000 0.244977 0.024000 0.020093
0 0.317000 0.245750 0.022000 0.021638
0 0.503000 0.280526 0.022000 0.020093
0 0.592000 0.313756 0.020000 0.018547
0 0.751000 0.314529 0.022000 0.020093
0 0.477000 0.348532 0.022000 0.020093
0 0.733000 0.418083 0.022000 0.020093
0 0.341000 0.452087 0.022000 0.020093
0 0.156000 0.486090 0.024000 0.020093
0 0.526000 0.520866 0.020000 0.021638
0 0.477000 0.555641 0.022000 0.020093
0 0.409000 0.623648 0.022000 0.020093
0 0.729000 0.657651 0.022000 0.020093
0 0.545000 0.865533 0.022000 0.021638
0 0.683000 0.864760 0.022000 0.023184
