0 0.209000 0.139831 0.022000 0.019774
0 0.350000 0.141243 0.024000 0.019774
0 0.491000 0.139831 0.026000 0.019774
0 0.585000 0.140537 0.022000 0.018362
0 0.751000 0.139831 0.026000 0.016949
0 0.221000 0.251412 0.022000 0.019774
0 0.362000 0.251412 0.024000 0.019774
0 0.785000 0.251412 0.022000 0.019774
0 0.315000 0.362288 0.022000 0.018362
0 0.503000 0.362288 0.022000 0.018362
0 0.220000 0.436441 0.024000 0.016949
0 0.527000 0.436441 0.022000 0.016949
0 0.185000 0.546610 0.022000 0.019774
0 0.279000 0.547316 0.022000 0.018362
0 0.573000 0.620763 0.022000 0.018362
0 0.256000 0.658192 0.024000 0.016949
0 0.585000 0.658898 0.022000 0.018362
0 0.256000 0.695621 0.024000 0.018362
0 0.539000 0.695621 0.022000 0.018362
0 0.656000 0.695621 0.024000 0.018362
0 0.774000 0.694915 0.024000 0.019774
0 0.267000 0.843220 0.022000 0.016949
0 0.408000 0.843927 0.020000 0.018362
0 0.161000 0.881356 0.026000 0.019774
0 0.374000 0.879944 0.024000 0.019774
0 0.610000 0.880650 0.024000 0.021186
