0 0.247000 0.099576 0.018000 0.018362
0 0.246000 0.185734 0.016000 0.018362
0 0.234000 0.226695 0.020000 0.021186
0 0.404000 0.306497 0.020000 0.019774
0 0.554000 0.305791 0.020000 0.024011
0 0.461000 0.406780 0.018000 0.019774
0 0.461000 0.533192 0.018000 0.029661
0 0.284000 0.596751 0.020000 0.021186
0 0.197000 0.682910 0.018000 0.018362
0 0.546000 0.760593 0.020000 0.024011
0 0.284000 0.802966 0.020000 0.021186
0 0.293000 0.840395 0.018000 0.019774
0 0.766000 0.842514 0.020000 0.024011
0 0.227000 0.904661 0.022000 0.026836
0 0.602000 0.344633 0.020000 0.014124
0 0.273000 0.432203 0.018000 0.016949
0 0.329000 0.534605 0.018000 0.015537
0 0.339000 0.762712 0.018000 0.014124
