0 0.404000 0.098540 0.020000 0.021898
0 0.276000 0.130474 0.016000 0.020073
0 0.440000 0.195255 0.016000 0.021898
0 0.259000 0.225365 0.018000 0.020073
0 0.312000 0.291971 0.016000 0.018248
0 0.512000 0.291058 0.016000 0.023723
0 0.619000 0.290146 0.018000 0.021898
0 0.387000 0.354927 0.018000 0.020073
0 0.637000 0.355839 0.018000 0.021898
0 0.312000 0.419708 0.016000 0.018248
0 0.783000 0.420620 0.018000 0.020073
0 0.349000 0.517336 0.018000 0.023723
0 0.765000 0.514599 0.018000 0.021898
0 0.240000 0.546533 0.016000 0.020073
0 0.584000 0.579380 0.016000 0.020073
0 0.530000 0.614051 0.016000 0.020073
0 0.330000 0.643248 0.016000 0.016423
0 0.313000 0.676095 0.018000 0.020073
0 0.747000 0.677007 0.018000 0.021898
0 0.312000 0.708029 0.016000 0.021898
0 0.475000 0.739964 0.018000 0.023723
0 0.692000 0.741788 0.016000 0.023723
0 0.803000 0.740876 0.022000 0.021898
0 0.422000 0.772810 0.020000 0.020073
0 0.494000 0.419708 0.016000 0.018248
