0 0.520000 0.137712 0.016000 0.015537
0 0.548000 0.243644 0.016000 0.015537
0 0.284000 0.266243 0.016000 0.012712
0 0.668000 0.286723 0.016000 0.014124
0 0.406000 0.308616 0.016000 0.015537
0 0.671000 0.415254 0.018000 0.014124
0 0.336000 0.435734 0.016000 0.015537
0 0.389000 0.457627 0.018000 0.014124
0 0.460000 0.478107 0.016000 0.015537
0 0.636000 0.480226 0.016000 0.016949
0 0.760000 0.500000 0.016000 0.014124
0 0.432000 0.712571 0.016000 0.015537
0 0.408000 0.754944 0.016000 0.012712
0 0.407000 0.776836 0.018000 0.014124
0 0.461000 0.798729 0.018000 0.015537
0 0.603000 0.819209 0.018000 0.014124
0 0.480000 0.863701 0.016000 0.015537
0 0.424000 0.095339 0.020000 0.015537
0 0.195000 0.138418 0.018000 0.014124
0 0.665000 0.159605 0.018000 0.014124
