0 0.603000 0.109463 0.026000 0.024011
0 0.294000 0.180085 0.024000 0.026836
0 0.341000 0.218927 0.026000 0.022599
0 0.301000 0.256356 0.022000 0.024011
0 0.495000 0.331921 0.026000 0.028249
0 0.296000 0.368644 0.024000 0.025424
0 0.366000 0.406073 0.024000 0.026836
0 0.776000 0.406780 0.024000 0.022599
0 0.400000 0.444915 0.024000 0.022599
0 0.398000 0.481638 0.024000 0.025424
0 0.640000 0.519774 0.024000 0.022599
0 0.640000 0.553672 0.024000 0.022599
0 0.327000 0.590395 0.026000 0.022599
0 0.690000 0.591102 0.032000 0.026836
0 0.471000 0.628531 0.026000 0.022599
0 0.774000 0.665960 0.028000 0.021186
0 0.230000 0.739407 0.028000 0.029661
0 0.182000 0.776130 0.024000 0.024011
0 0.294000 0.888418 0.024000 0.028249
