0 0.383000 0.079096 0.022000 0.028249
0 0.830000 0.076977 0.024000 0.029661
0 0.561000 0.101695 0.026000 0.019774
0 0.877000 0.124294 0.022000 0.022599
0 0.301000 0.146893 0.022000 0.019774
0 0.772000 0.168785 0.024000 0.021186
0 0.112000 0.215395 0.024000 0.021186
0 0.347000 0.372881 0.026000 0.022599
0 0.584000 0.372175 0.024000 0.021186
0 0.688000 0.418079 0.024000 0.025424
0 0.185000 0.441384 0.026000 0.021186
0 0.502000 0.463277 0.024000 0.025424
0 0.536000 0.508475 0.024000 0.025424
0 0.163000 0.636299 0.030000 0.026836
0 0.489000 0.665254 0.026000 0.025424
0 0.748000 0.665254 0.024000 0.022599
0 0.513000 0.689972 0.026000 0.018362
0 0.772000 0.689266 0.028000 0.019774
0 0.137000 0.731638 0.022000 0.019774
