0 0.387000 0.082667 0.054000 0.080000
0 0.499000 0.169333 0.054000 0.077333
0 0.449000 0.254667 0.038000 0.056000
0 0.644000 0.257333 0.036000 0.050667
0 0.838000 0.257333 0.036000 0.050667
0 0.427000 0.308000 0.038000 0.050667
0 0.782000 0.306667 0.036000 0.053333
0 0.316000 0.357333 0.036000 0.053333
0 0.671000 0.360000 0.038000 0.048000
0 0.310000 0.409333 0.036000 0.050667
0 0.294000 0.469333 0.036000 0.053333
0 0.605000 0.468000 0.038000 0.056000
0 0.310000 0.522667 0.036000 0.048000
0 0.583000 0.521333 0.034000 0.056000
0 0.156000 0.570667 0.036000 0.048000
0 0.721000 0.633333 0.034000 0.050667
0 0.544000 0.684000 0.036000 0.050667
0 0.294000 0.742667 0.036000 0.050667
0 0.683000 0.744000 0.038000 0.053333
0 0.311000 0.794667 0.034000 0.053333
0 0.544000 0.796000 0.036000 0.050667
0 0.856000 0.797333 0.036000 0.048000
0 0.350000 0.846667 0.036000 0.050667
