0 0.486000 0.155267 0.036000 0.025992
0 0.289000 0.303694 0.014000 0.010944
0 0.367000 0.304378 0.018000 0.015048
0 0.446000 0.274966 0.016000 0.013680
0 0.736000 0.274282 0.016000 0.012312
0 0.830000 0.273598 0.016000 0.016416
0 0.350000 0.289330 0.016000 0.015048
0 0.474000 0.290698 0.016000 0.012312
0 0.630000 0.290014 0.016000 0.013680
0 0.462000 0.394665 0.016000 0.015048
0 0.174000 0.437073 0.016000 0.012312
0 0.176000 0.452804 0.016000 0.013680
0 0.127000 0.480164 0.018000 0.013680
0 0.338000 0.480848 0.016000 0.012312
0 0.327000 0.509576 0.014000 0.012312
0 0.174000 0.536252 0.016000 0.013680
0 0.143000 0.550616 0.014000 0.015048
0 0.253000 0.580711 0.018000 0.012312
0 0.374000 0.580027 0.016000 0.010944
0 0.463000 0.580711 0.014000 0.012312
0 0.216000 0.595075 0.016000 0.010944
0 0.248000 0.593707 0.016000 0.013680
0 0.340000 0.594391 0.016000 0.012312
0 0.142000 0.607387 0.016000 0.010944
0 0.221000 0.651847 0.018000 0.012312
0 0.143000 0.666895 0.014000 0.015048
0 0.248000 0.666211 0.016000 0.013680
0 0.384000 0.666211 0.016000 0.013680
0 0.248000 0.680575 0.016000 0.012312
0 0.312000 0.679891 0.016000 0.010944
0 0.416000 0.680575 0.016000 0.015048
0 0.144000 0.695622 0.016000 0.012312
0 0.250000 0.695622 0.016000 0.012312
0 0.371000 0.694938 0.014000 0.013680
0 0.462000 0.694938 0.016000 0.013680
0 0.198000 0.709986 0.016000 0.013680
0 0.190000 0.725718 0.016000 0.015048
0 0.159000 0.738030 0.018000 0.012312
0 0.298000 0.737346 0.016000 0.013680
0 0.447000 0.736662 0.014000 0.015048
0 0.187000 0.753078 0.018000 0.012312
0 0.279000 0.753078 0.014000 0.012312
0 0.326000 0.753078 0.016000 0.012312
0 0.418000 0.753762 0.016000 0.013680
0 0.127000 0.768126 0.014000 0.012312
0 0.142000 0.767442 0.020000 0.013680
0 0.113000 0.781806 0.018000 0.015048
0 0.327000 0.781806 0.014000 0.012312
0 0.373000 0.782490 0.014000 0.013680
0 0.206000 0.796170 0.016000 0.016416
0 0.230000 0.809166 0.016000 0.012312
0 0.128000 0.823529 0.016000 0.013680
0 0.186000 0.839945 0.016000 0.013680
0 0.430000 0.839945 0.016000 0.013680
0 0.127000 0.853625 0.014000 0.013680
0 0.478000 0.867305 0.016000 0.013680
0 0.677000 0.365937 0.014000 0.012312
0 0.631000 0.379617 0.014000 0.009576
0 0.836000 0.380985 0.016000 0.012312
0 0.609000 0.408345 0.018000 0.012312
0 0.791000 0.408345 0.018000 0.012312
0 0.623000 0.423393 0.018000 0.012312
0 0.605000 0.437756 0.018000 0.013680
0 0.838000 0.437756 0.016000 0.013680
0 0.639000 0.451436 0.018000 0.013680
0 0.685000 0.465800 0.018000 0.015048
0 0.822000 0.480164 0.016000 0.013680
0 0.881000 0.495212 0.018000 0.013680
0 0.652000 0.523256 0.016000 0.015048
0 0.624000 0.536936 0.016000 0.015048
0 0.640000 0.551984 0.016000 0.015048
0 0.608000 0.565663 0.016000 0.015048
0 0.748000 0.565663 0.016000 0.015048
0 0.546000 0.580711 0.016000 0.015048
0 0.808000 0.580027 0.020000 0.013680
0 0.897000 0.580027 0.018000 0.013680
0 0.547000 0.593707 0.018000 0.013680
0 0.684000 0.595075 0.016000 0.016416
0 0.729000 0.594391 0.014000 0.015048
0 0.870000 0.594391 0.016000 0.012312
0 0.529000 0.609439 0.018000 0.015048
0 0.547000 0.608755 0.014000 0.016416
0 0.622000 0.608755 0.016000 0.010944
0 0.881000 0.608755 0.014000 0.013680
0 0.897000 0.607387 0.018000 0.016416
0 0.554000 0.623803 0.016000 0.013680
0 0.569000 0.623803 0.018000 0.013680
0 0.664000 0.622435 0.016000 0.010944
0 0.545000 0.638167 0.018000 0.012312
0 0.562000 0.637483 0.016000 0.013680
0 0.686000 0.638167 0.016000 0.015048
0 0.702000 0.638851 0.016000 0.013680
0 0.857000 0.638167 0.014000 0.015048
0 0.608000 0.665527 0.016000 0.012312
0 0.837000 0.666211 0.014000 0.013680
0 0.748000 0.680575 0.016000 0.015048
0 0.826000 0.680575 0.016000 0.012312
0 0.881000 0.679891 0.018000 0.013680
0 0.889000 0.695622 0.018000 0.015048
0 0.595000 0.707934 0.018000 0.015048
0 0.728000 0.722982 0.016000 0.015048
0 0.774000 0.723666 0.020000 0.013680
0 0.882000 0.736662 0.016000 0.015048
0 0.665000 0.752394 0.018000 0.013680
0 0.804000 0.753762 0.016000 0.013680
0 0.865000 0.752394 0.018000 0.013680
0 0.601000 0.780438 0.018000 0.012312
0 0.756000 0.781806 0.016000 0.015048
0 0.577000 0.795486 0.018000 0.012312
0 0.604000 0.809850 0.016000 0.013680
0 0.701000 0.823529 0.018000 0.016416
0 0.680000 0.509576 0.016000 0.012312
0 0.898000 0.510260 0.016000 0.010944
0 0.913000 0.767442 0.018000 0.010944
0 0.278000 0.567031 0.016000 0.015048
