0 0.280561 0.061404 0.024048 0.040936
0 0.293587 0.137427 0.026052 0.046784
0 0.295591 0.181287 0.026052 0.040936
0 0.293587 0.222222 0.026052 0.040936
0 0.180361 0.441520 0.028056 0.046784
0 0.445892 0.589181 0.026052 0.049708
0 0.489980 0.589181 0.030060 0.049708
0 0.480962 0.032164 0.028056 0.058480
0 0.577154 0.232456 0.028056 0.049708
0 0.621242 0.233918 0.028056 0.040936
0 0.733467 0.352339 0.028056 0.055556
0 0.777555 0.350877 0.028056 0.046784
0 0.717435 0.475146 0.032064 0.055556
0 0.762525 0.480994 0.030060 0.055556
