0 0.525000 0.095339 0.022000 0.015537
0 0.242000 0.116525 0.020000 0.018362
0 0.464000 0.116525 0.020000 0.015537
0 0.342000 0.158898 0.020000 0.018362
0 0.584000 0.245056 0.020000 0.015537
0 0.382000 0.266243 0.020000 0.015537
0 0.383000 0.308616 0.022000 0.015537
0 0.666000 0.331215 0.020000 0.015537
0 0.262000 0.522599 0.020000 0.016949
0 0.383000 0.544492 0.022000 0.015537
0 0.706000 0.565678 0.020000 0.015537
0 0.584000 0.587571 0.020000 0.016949
0 0.766000 0.630650 0.020000 0.015537
0 0.686000 0.715395 0.020000 0.015537
0 0.665000 0.757768 0.022000 0.015537
0 0.428000 0.832627 0.028000 0.021186
0 0.484000 0.864407 0.020000 0.016949
