0 0.616000 0.036729 0.124000 0.021874
0 0.568000 0.149853 0.036000 0.007835
0 0.404000 0.238328 0.036000 0.006530
0 0.436000 0.337088 0.036000 0.008162
0 0.345000 0.395038 0.038000 0.007835
0 0.825000 0.395690 0.046000 0.007835
0 0.461000 0.472249 0.038000 0.006856
0 0.271000 0.482370 0.042000 0.007509
0 0.346000 0.502449 0.036000 0.006530
0 0.398000 0.602514 0.036000 0.006856
0 0.400000 0.611982 0.036000 0.006856
0 0.398000 0.622103 0.040000 0.006203
0 0.515000 0.632387 0.038000 0.007183
0 0.695000 0.710088 0.038000 0.007835
0 0.735000 0.730330 0.038000 0.007183
0 0.593000 0.768691 0.034000 0.006856
0 0.663000 0.837904 0.038000 0.006856
0 0.547000 0.847862 0.038000 0.007183
0 0.392000 0.857819 0.040000 0.006856
0 0.742000 0.857982 0.040000 0.007183
0 0.586000 0.867940 0.036000 0.008162
0 0.743000 0.941071 0.038000 0.006856
0 0.472000 0.951192 0.036000 0.006856
