0 0.421000 0.103107 0.022000 0.016949
0 0.397000 0.436441 0.022000 0.019774
0 0.421000 0.475282 0.022000 0.021186
0 0.186000 0.511299 0.024000 0.019774
0 0.304000 0.511299 0.024000 0.016949
0 0.821000 0.509887 0.022000 0.019774
0 0.256000 0.547316 0.020000 0.018362
0 0.373000 0.548023 0.022000 0.016949
0 0.350000 0.584040 0.024000 0.018362
0 0.562000 0.584746 0.020000 0.016949
0 0.797000 0.584040 0.022000 0.018362
0 0.328000 0.620763 0.024000 0.018362
0 0.446000 0.622175 0.024000 0.018362
0 0.373000 0.659605 0.022000 0.019774
0 0.398000 0.696328 0.020000 0.016949
0 0.586000 0.733757 0.020000 0.018362
0 0.491000 0.844633 0.022000 0.016949
0 0.210000 0.881356 0.024000 0.019774
0 0.656000 0.881356 0.020000 0.019774
0 0.585000 0.512006 0.022000 0.018362
