0 0.453000 0.046178 0.082000 0.073248
0 0.100000 0.183917 0.044000 0.039809
0 0.935000 0.175159 0.018000 0.015924
0 0.124000 0.230096 0.020000 0.017516
0 0.289000 0.230096 0.022000 0.017516
0 0.351000 0.248408 0.022000 0.015924
0 0.062000 0.266720 0.020000 0.017516
0 0.578000 0.283439 0.020000 0.015924
0 0.207000 0.319268 0.022000 0.017516
0 0.598000 0.318471 0.020000 0.019108
0 0.474000 0.336783 0.020000 0.017516
0 0.660000 0.355096 0.020000 0.015924
0 0.165000 0.390127 0.022000 0.015924
0 0.206000 0.408439 0.020000 0.017516
0 0.310000 0.408439 0.020000 0.017516
0 0.310000 0.426752 0.020000 0.015924
0 0.392000 0.425955 0.020000 0.017516
0 0.640000 0.444268 0.020000 0.022293
0 0.166000 0.480096 0.020000 0.017516
0 0.228000 0.480096 0.020000 0.017516
0 0.516000 0.478503 0.020000 0.017516
0 0.413000 0.496815 0.022000 0.019108
0 0.682000 0.515127 0.020000 0.017516
0 0.494000 0.533439 0.020000 0.019108
0 0.433000 0.550955 0.018000 0.019108
0 0.103000 0.569268 0.022000 0.017516
0 0.434000 0.585987 0.020000 0.019108
0 0.124000 0.604299 0.020000 0.017516
0 0.226000 0.721338 0.052000 0.047771
0 0.284000 0.789809 0.052000 0.047771
0 0.936000 0.775478 0.040000 0.031847
0 0.937000 0.920382 0.042000 0.028662
0 0.760000 0.721338 0.020000 0.019108
0 0.475000 0.774682 0.022000 0.017516
0 0.719000 0.792994 0.018000 0.019108
0 0.600000 0.811306 0.020000 0.017516
0 0.760000 0.828025 0.020000 0.019108
0 0.657000 0.863057 0.022000 0.019108
0 0.558000 0.899682 0.020000 0.015924
0 0.636000 0.916401 0.020000 0.017516
0 0.620000 0.935510 0.020000 0.017516
