0 0.281000 0.093352 0.018000 0.019802
0 0.335000 0.094059 0.018000 0.018388
0 0.236000 0.131542 0.020000 0.016973
0 0.328000 0.148515 0.020000 0.019802
0 0.487000 0.149222 0.018000 0.024045
0 0.539000 0.149929 0.018000 0.022631
0 0.264000 0.168317 0.020000 0.016973
0 0.317000 0.186704 0.018000 0.022631
0 0.491000 0.186704 0.018000 0.019802
0 0.369000 0.241160 0.018000 0.024045
0 0.301000 0.259547 0.018000 0.018388
0 0.226000 0.279349 0.016000 0.018388
0 0.297000 0.280057 0.018000 0.016973
0 0.368000 0.280057 0.016000 0.019802
0 0.371000 0.316124 0.018000 0.021216
0 0.747000 0.315417 0.018000 0.019802
0 0.231000 0.333805 0.018000 0.019802
0 0.283000 0.333805 0.018000 0.016973
0 0.495000 0.335926 0.018000 0.018388
0 0.253000 0.353607 0.018000 0.019802
0 0.372000 0.410184 0.020000 0.019802
0 0.515000 0.408769 0.018000 0.016973
0 0.551000 0.408769 0.018000 0.016973
0 0.621000 0.410891 0.018000 0.018388
0 0.293000 0.446959 0.018000 0.016973
0 0.328000 0.446252 0.016000 0.012730
0 0.395000 0.447666 0.018000 0.018388
0 0.645000 0.446959 0.018000 0.019802
0 0.293000 0.482320 0.018000 0.019802
0 0.328000 0.483027 0.016000 0.018388
0 0.399000 0.482320 0.018000 0.016973
0 0.249000 0.538190 0.018000 0.018388
0 0.670000 0.540311 0.020000 0.019802
0 0.227000 0.556577 0.018000 0.018388
0 0.225000 0.574965 0.018000 0.021216
0 0.227000 0.594059 0.018000 0.016973
0 0.227000 0.613154 0.018000 0.021216
0 0.327000 0.632249 0.018000 0.019802
0 0.298000 0.649929 0.020000 0.018388
0 0.298000 0.667610 0.020000 0.019802
0 0.263000 0.686704 0.018000 0.018388
0 0.263000 0.705799 0.018000 0.022631
0 0.367000 0.741160 0.018000 0.019802
0 0.729000 0.763083 0.018000 0.018388
0 0.561000 0.779349 0.018000 0.019802
0 0.473000 0.799151 0.018000 0.016973
0 0.284000 0.818953 0.020000 0.016973
0 0.569000 0.817539 0.018000 0.019802
0 0.523000 0.854314 0.018000 0.016973
0 0.271000 0.871287 0.018000 0.016973
0 0.308000 0.891796 0.020000 0.018388
0 0.395000 0.892504 0.018000 0.019802
0 0.789000 0.891089 0.018000 0.022631
