0 0.238000 0.236052 0.020000 0.017167
0 0.520000 0.276824 0.020000 0.018598
0 0.396000 0.354793 0.020000 0.017167
0 0.384000 0.390558 0.020000 0.017167
0 0.445000 0.390558 0.022000 0.017167
0 0.438000 0.430615 0.020000 0.017167
0 0.252000 0.510730 0.020000 0.017167
0 0.404000 0.681688 0.020000 0.015737
0 0.580000 0.681688 0.020000 0.015737
0 0.486000 0.701001 0.020000 0.017167
0 0.363000 0.776824 0.022000 0.017167
0 0.600000 0.835479 0.020000 0.017167
0 0.610000 0.854793 0.020000 0.015737
0 0.384000 0.874106 0.020000 0.017167
0 0.622000 0.874106 0.020000 0.017167
0 0.684000 0.873391 0.020000 0.015737
