0 0.555000 0.103774 0.036667 0.028302
0 0.598333 0.214623 0.023333 0.018868
0 0.233333 0.251179 0.026667 0.021226
0 0.398333 0.251179 0.023333 0.021226
0 0.350000 0.140330 0.026667 0.021226
0 0.318333 0.287736 0.023333 0.023585
0 0.460000 0.287736 0.026667 0.023585
0 0.161667 0.324292 0.023333 0.021226
0 0.303333 0.325472 0.026667 0.018868
0 0.506667 0.324292 0.026667 0.021226
0 0.695000 0.325472 0.023333 0.018868
0 0.485000 0.362028 0.023333 0.021226
0 0.718333 0.436321 0.023333 0.018868
0 0.461667 0.474057 0.023333 0.018868
0 0.390000 0.509434 0.020000 0.018868
0 0.295000 0.621462 0.023333 0.021226
0 0.341667 0.659198 0.023333 0.021226
0 0.248333 0.695755 0.023333 0.018868
0 0.773333 0.733491 0.026667 0.018868
0 0.451667 0.770047 0.023333 0.021226
0 0.231667 0.843160 0.023333 0.021226
0 0.436667 0.844340 0.020000 0.018868
0 0.163333 0.362028 0.026667 0.021226
