0 0.337000 0.095339 0.018000 0.015537
0 0.425000 0.096751 0.018000 0.015537
0 0.372000 0.341808 0.016000 0.014124
0 0.195000 0.426554 0.018000 0.014124
0 0.266000 0.512712 0.016000 0.016949
0 0.759000 0.598164 0.018000 0.015537
0 0.159000 0.618644 0.018000 0.016949
0 0.177000 0.639831 0.018000 0.014124
0 0.265000 0.640537 0.018000 0.015537
0 0.283000 0.682203 0.018000 0.014124
0 0.326000 0.703390 0.016000 0.016949
0 0.794000 0.724576 0.016000 0.014124
0 0.213000 0.747175 0.018000 0.014124
0 0.554000 0.747175 0.016000 0.014124
0 0.337000 0.810028 0.018000 0.015537
0 0.283000 0.832627 0.018000 0.015537
0 0.783000 0.831921 0.018000 0.016949
0 0.742000 0.874294 0.020000 0.014124
0 0.813000 0.874294 0.018000 0.014124
0 0.212000 0.896186 0.016000 0.012712
0 0.492000 0.896186 0.016000 0.018362
0 0.685000 0.895480 0.018000 0.014124
