0 0.377000 0.141008 0.018000 0.014986
0 0.657000 0.087193 0.018000 0.013624
0 0.592000 0.139646 0.016000 0.012262
0 0.575000 0.192779 0.014000 0.014986
0 0.803000 0.192779 0.018000 0.014986
0 0.740000 0.157357 0.016000 0.014986
0 0.631000 0.323569 0.014000 0.012262
0 0.600000 0.433924 0.016000 0.012262
0 0.897000 0.444142 0.014000 0.010899
0 0.278000 0.614441 0.016000 0.013624
0 0.242000 0.719346 0.016000 0.013624
0 0.388000 0.718665 0.016000 0.012262
0 0.806000 0.463896 0.016000 0.012262
0 0.592000 0.482289 0.016000 0.013624
0 0.740000 0.482970 0.016000 0.014986
0 0.900000 0.675068 0.016000 0.012262
0 0.148000 0.790191 0.020000 0.016349
0 0.822000 0.694142 0.016000 0.012262
0 0.809000 0.712534 0.018000 0.013624
0 0.096000 0.913488 0.016000 0.012262
0 0.145000 0.932561 0.018000 0.012262
0 0.875000 0.852180 0.018000 0.012262
0 0.722000 0.869210 0.016000 0.016349
0 0.596000 0.888283 0.020000 0.016349
0 0.613000 0.907357 0.018000 0.013624
0 0.577000 0.308583 0.014000 0.012262
0 0.226000 0.826975 0.016000 0.013624
0 0.080000 0.897820 0.016000 0.010899
0 0.780000 0.925749 0.016000 0.012262
