0 0.536000 0.187853 0.016000 0.014124
0 0.563000 0.298729 0.018000 0.012712
0 0.301000 0.475989 0.022000 0.019774
0 0.232000 0.502825 0.020000 0.019774
0 0.704000 0.502119 0.020000 0.018362
0 0.349000 0.581215 0.022000 0.018362
0 0.438000 0.608757 0.024000 0.019774
0 0.562000 0.634181 0.020000 0.016949
0 0.186000 0.660311 0.024000 0.018362
0 0.373000 0.712571 0.022000 0.018362
0 0.562000 0.711864 0.020000 0.016949
0 0.234000 0.737994 0.024000 0.018362
0 0.257000 0.764831 0.026000 0.021186
0 0.350000 0.790254 0.024000 0.018362
0 0.680000 0.790960 0.020000 0.019774
0 0.437000 0.815678 0.022000 0.021186
0 0.647000 0.814972 0.022000 0.019774
0 0.396000 0.843220 0.024000 0.016949
0 0.515000 0.843220 0.022000 0.019774
