0 0.443000 0.132768 0.018000 0.016949
0 0.318000 0.170198 0.016000 0.015537
0 0.319000 0.265537 0.018000 0.016949
0 0.409000 0.264831 0.018000 0.015537
0 0.554000 0.265537 0.016000 0.016949
0 0.335000 0.341102 0.018000 0.015537
0 0.569000 0.341102 0.018000 0.015537
0 0.785000 0.341102 0.018000 0.015537
0 0.677000 0.398305 0.018000 0.014124
0 0.227000 0.435734 0.018000 0.015537
0 0.479000 0.435028 0.018000 0.014124
0 0.525000 0.454802 0.018000 0.014124
0 0.691000 0.492232 0.018000 0.015537
0 0.246000 0.512006 0.016000 0.015537
0 0.353000 0.512006 0.018000 0.015537
0 0.641000 0.512006 0.018000 0.015537
0 0.191000 0.530367 0.018000 0.015537
0 0.399000 0.568503 0.018000 0.015537
0 0.353000 0.607345 0.018000 0.016949
0 0.659000 0.606638 0.018000 0.015537
0 0.156000 0.682203 0.020000 0.014124
0 0.299000 0.701271 0.018000 0.015537
0 0.749000 0.701271 0.018000 0.018362
0 0.669000 0.759887 0.018000 0.016949
0 0.641000 0.776130 0.018000 0.015537
0 0.354000 0.796610 0.016000 0.014124
0 0.443000 0.493644 0.018000 0.015537
0 0.834000 0.493644 0.020000 0.015537
