0 0.383000 0.106638 0.026000 0.021186
0 0.164000 0.141949 0.028000 0.024011
0 0.764000 0.141243 0.024000 0.022599
0 0.191000 0.176554 0.026000 0.022599
0 0.383000 0.249294 0.026000 0.021186
0 0.652000 0.249294 0.028000 0.024011
0 0.352000 0.283898 0.028000 0.022599
0 0.509000 0.319209 0.026000 0.022599
0 0.693000 0.356638 0.026000 0.024011
0 0.451000 0.391243 0.026000 0.019774
0 0.509000 0.427260 0.026000 0.021186
0 0.238000 0.462571 0.028000 0.018362
0 0.602000 0.462571 0.028000 0.024011
0 0.433000 0.497881 0.026000 0.021186
0 0.563000 0.533898 0.026000 0.022599
0 0.370000 0.569915 0.028000 0.021186
0 0.504000 0.569209 0.024000 0.022599
0 0.737000 0.569915 0.026000 0.024011
0 0.191000 0.641949 0.026000 0.021186
0 0.525000 0.639831 0.026000 0.019774
0 0.653000 0.675141 0.026000 0.025424
0 0.556000 0.711864 0.028000 0.019774
0 0.782000 0.711864 0.028000 0.019774
0 0.563000 0.783898 0.026000 0.022599
