0 0.702 0.693777 0.024 0.0212164
0 0.151 0.693777 0.026 0.0212164
0 0.22 0.787129 0.024 0.0212164
0 0.457 0.755304 0.022 0.019802
0 0.549 0.84512 0.026 0.0212164
0 0.293 0.577793 0.026 0.0212164
0 0.596 0.731259 0.024 0.019802
0 0.219 0.731259 0.022 0.019802
0 0.738 0.635785 0.024 0.0212164
0 0.392 0.693777 0.024 0.0212164
0 0.55 0.755304 0.024 0.019802
0 0.318 0.844413 0.024 0.019802
0 0.32 0.693777 0.024 0.0212164
0 0.248 0.693777 0.024 0.0212164
0 0.81 0.635785 0.024 0.0212164
0 0.39 0.577793 0.024 0.0212164
0 0.689 0.731259 0.022 0.019802
0 0.314 0.786421 0.024 0.019802
