0 0.356000 0.102401 0.028000 0.032486
0 0.292000 0.159605 0.020000 0.025424
0 0.288000 0.202684 0.020000 0.021186
0 0.400000 0.204096 0.020000 0.024011
0 0.584000 0.206921 0.020000 0.018362
0 0.307000 0.290960 0.018000 0.019774
0 0.455000 0.293079 0.018000 0.021186
0 0.216000 0.335452 0.020000 0.029661
0 0.604000 0.338983 0.020000 0.031073
0 0.733000 0.334746 0.018000 0.025424
0 0.307000 0.380650 0.018000 0.021186
0 0.363000 0.379237 0.018000 0.021186
0 0.196000 0.423023 0.016000 0.018362
0 0.289000 0.468927 0.018000 0.019774
0 0.751000 0.510593 0.018000 0.018362
0 0.715000 0.555085 0.018000 0.022599
0 0.491000 0.642655 0.018000 0.019774
0 0.344000 0.685028 0.020000 0.022599
0 0.215000 0.815678 0.018000 0.021186
0 0.492000 0.816384 0.020000 0.022599
