0 0.748000 0.129710 0.036000 0.033333
0 0.347000 0.602174 0.018000 0.013043
0 0.141000 0.636232 0.018000 0.014493
0 0.267000 0.636232 0.018000 0.014493
0 0.282000 0.692754 0.020000 0.017391
0 0.720000 0.723188 0.016000 0.017391
0 0.862000 0.790580 0.016000 0.013043
0 0.362000 0.670290 0.016000 0.013043
0 0.376000 0.200725 0.012000 0.010145
0 0.431000 0.250725 0.014000 0.014493
0 0.507000 0.217391 0.014000 0.011594
0 0.227000 0.233333 0.014000 0.011594
0 0.282000 0.234058 0.016000 0.010145
0 0.915000 0.200725 0.014000 0.013043
0 0.676000 0.217391 0.012000 0.014493
