0 0.544000 0.149600 0.052000 0.049600
0 0.683000 0.299200 0.018000 0.022400
0 0.307000 0.337600 0.018000 0.022400
0 0.344000 0.336000 0.020000 0.019200
0 0.278000 0.356000 0.020000 0.017600
0 0.352000 0.372800 0.020000 0.019200
0 0.353000 0.411200 0.018000 0.019200
0 0.352000 0.446400 0.020000 0.022400
0 0.352000 0.467200 0.020000 0.019200
0 0.279000 0.521600 0.018000 0.022400
0 0.622000 0.539200 0.020000 0.022400
0 0.549000 0.596000 0.018000 0.020800
0 0.567000 0.615200 0.018000 0.020800
0 0.621000 0.725600 0.018000 0.020800
0 0.325000 0.781600 0.018000 0.020800
0 0.460000 0.854400 0.020000 0.019200
0 0.709000 0.854400 0.018000 0.025600
0 0.406000 0.875200 0.020000 0.022400
0 0.584000 0.876000 0.016000 0.020800
