0 0.213098 0.059612 0.047817 0.026802
0 0.168399 0.128004 0.029106 0.015712
0 0.168399 0.177911 0.029106 0.013863
0 0.692308 0.202865 0.029106 0.013863
0 0.437630 0.227357 0.027027 0.014787
0 0.316008 0.253697 0.029106 0.015712
0 0.461538 0.252311 0.029106 0.014787
0 0.744283 0.253697 0.029106 0.015712
0 0.883576 0.253697 0.029106 0.013863
0 0.664241 0.277726 0.027027 0.013863
0 0.801455 0.277726 0.027027 0.015712
0 0.311850 0.327634 0.029106 0.015712
0 0.587318 0.327634 0.027027 0.013863
0 0.491684 0.378004 0.027027 0.014787
0 0.532225 0.452865 0.024948 0.012939
0 0.303534 0.477819 0.029106 0.014787
0 0.147609 0.537893 0.045738 0.024030
0 0.501040 0.538355 0.041580 0.024954
0 0.622661 0.601664 0.027027 0.014787
0 0.795218 0.601664 0.027027 0.014787
0 0.570686 0.628928 0.027027 0.015712
0 0.712058 0.628928 0.027027 0.013863
0 0.826403 0.655730 0.027027 0.015712
0 0.768191 0.682532 0.027027 0.013863
0 0.854470 0.709797 0.029106 0.014787
0 0.883576 0.737061 0.029106 0.013863
0 0.418919 0.707486 0.027027 0.015712
0 0.201663 0.734288 0.024948 0.015712
0 0.326403 0.746303 0.024948 0.015712
0 0.825364 0.791590 0.029106 0.013863
0 0.171518 0.818854 0.027027 0.014787
0 0.307692 0.818854 0.029106 0.012939
0 0.855509 0.819316 0.027027 0.013863
0 0.471933 0.847043 0.029106 0.017560
