0 0.388398 0.094029 0.020177 0.018717
0 0.570618 0.094474 0.021438 0.019608
0 0.382724 0.133244 0.018916 0.018717
0 0.160782 0.160873 0.021438 0.020499
0 0.361917 0.160873 0.020177 0.018717
0 0.766078 0.188503 0.018916 0.016934
0 0.280580 0.256684 0.021438 0.019608
0 0.723834 0.256239 0.020177 0.016934
0 0.221942 0.379679 0.020177 0.019608
0 0.301387 0.418895 0.020177 0.017825
0 0.201135 0.446524 0.021438 0.016043
0 0.774905 0.485294 0.021438 0.018717
0 0.322194 0.568627 0.021438 0.016043
0 0.585120 0.568627 0.020177 0.017825
0 0.342371 0.596702 0.021438 0.016934
0 0.180958 0.663993 0.021438 0.019608
0 0.159521 0.690285 0.021438 0.016934
0 0.262295 0.691622 0.020177 0.016043
0 0.361917 0.759358 0.020177 0.017825
0 0.755359 0.798128 0.020177 0.016934
0 0.321564 0.826203 0.020177 0.016043
0 0.503153 0.825758 0.020177 0.018717
0 0.725725 0.826203 0.021438 0.017825
