0 0.732000 0.129815 0.040000 0.031384
0 0.167000 0.260342 0.014000 0.015692
0 0.541000 0.259629 0.018000 0.014265
0 0.716000 0.260342 0.016000 0.015692
0 0.181000 0.281027 0.018000 0.014265
0 0.115000 0.619116 0.018000 0.014265
0 0.196000 0.619116 0.020000 0.014265
0 0.243000 0.659772 0.018000 0.015692
0 0.437000 0.659772 0.018000 0.015692
0 0.279000 0.699001 0.018000 0.014265
0 0.169000 0.718973 0.018000 0.017118
0 0.150000 0.739658 0.020000 0.015692
0 0.276000 0.738944 0.020000 0.017118
0 0.187000 0.859486 0.018000 0.015692
0 0.260000 0.858773 0.020000 0.017118
0 0.263000 0.879458 0.018000 0.015692
0 0.677000 0.783880 0.026000 0.021398
0 0.721000 0.640514 0.018000 0.017118
0 0.874000 0.640514 0.016000 0.014265
0 0.549000 0.659772 0.018000 0.015692
0 0.668000 0.660485 0.020000 0.014265
0 0.585000 0.699715 0.018000 0.018545
0 0.703000 0.701141 0.018000 0.018545
0 0.738000 0.700428 0.016000 0.014265
0 0.688000 0.720399 0.016000 0.014265
0 0.953000 0.740371 0.018000 0.017118
0 0.567000 0.541369 0.018000 0.015692
0 0.876000 0.540656 0.020000 0.017118
0 0.783000 0.561341 0.018000 0.015692
0 0.760000 0.601284 0.016000 0.015692
0 0.436000 0.239658 0.016000 0.014265
0 0.134000 0.880171 0.020000 0.014265
