0 0.399000 0.104520 0.022000 0.019774
0 0.610000 0.103814 0.024000 0.018362
0 0.774000 0.103814 0.024000 0.018362
0 0.210000 0.252825 0.024000 0.022599
0 0.304000 0.326271 0.024000 0.016949
0 0.234000 0.437147 0.024000 0.018362
0 0.398000 0.511299 0.024000 0.019774
0 0.234000 0.548023 0.024000 0.019774
0 0.399000 0.585452 0.022000 0.018362
0 0.775000 0.586158 0.022000 0.019774
0 0.304000 0.623588 0.024000 0.018362
0 0.293000 0.697740 0.022000 0.019774
0 0.515000 0.771186 0.022000 0.019774
0 0.422000 0.807910 0.024000 0.016949
