0 0.492000 0.103814 0.024000 0.018362
0 0.187000 0.141243 0.022000 0.016949
0 0.657000 0.177966 0.022000 0.019774
0 0.328000 0.252119 0.024000 0.018362
0 0.680000 0.251412 0.024000 0.016949
0 0.539000 0.326271 0.022000 0.019774
0 0.186000 0.363701 0.024000 0.021186
0 0.257000 0.362994 0.022000 0.016949
0 0.751000 0.362994 0.022000 0.016949
0 0.633000 0.400424 0.022000 0.021186
0 0.233000 0.437853 0.022000 0.019774
0 0.398000 0.511299 0.024000 0.016949
0 0.633000 0.511299 0.022000 0.019774
0 0.210000 0.622881 0.024000 0.019774
0 0.469000 0.621469 0.022000 0.016949
0 0.492000 0.660311 0.024000 0.018362
0 0.751000 0.659605 0.022000 0.016949
0 0.467000 0.694915 0.022000 0.019774
0 0.374000 0.807203 0.020000 0.018362
