0 0.602000 0.103814 0.032000 0.026836
0 0.512000 0.177260 0.024000 0.021186
0 0.486000 0.215395 0.024000 0.021186
0 0.810000 0.216102 0.024000 0.022599
0 0.432000 0.288136 0.024000 0.019774
0 0.675000 0.437147 0.026000 0.021186
0 0.488000 0.473164 0.028000 0.022599
0 0.324000 0.511299 0.024000 0.019774
0 0.595000 0.508475 0.026000 0.019774
0 0.541000 0.548729 0.026000 0.021186
0 0.728000 0.547316 0.024000 0.021186
0 0.352000 0.658192 0.028000 0.022599
0 0.566000 0.659605 0.024000 0.022599
0 0.245000 0.697034 0.026000 0.021186
0 0.297000 0.732345 0.022000 0.024011
0 0.541000 0.731638 0.026000 0.025424
0 0.675000 0.734463 0.026000 0.022599
0 0.621000 0.771186 0.030000 0.025424
0 0.378000 0.806497 0.024000 0.025424
