0 0.397000 0.104520 0.022000 0.022599
0 0.799000 0.103814 0.022000 0.021186
0 0.233000 0.215395 0.022000 0.018362
0 0.515000 0.252119 0.022000 0.018362
0 0.705000 0.215395 0.022000 0.018362
0 0.633000 0.437147 0.022000 0.018362
0 0.821000 0.437147 0.022000 0.018362
0 0.233000 0.548023 0.022000 0.016949
0 0.397000 0.585452 0.022000 0.021186
0 0.822000 0.586158 0.024000 0.019774
0 0.305000 0.622175 0.022000 0.018362
0 0.281000 0.697034 0.022000 0.018362
0 0.446000 0.733757 0.024000 0.018362
0 0.657000 0.733757 0.022000 0.018362
0 0.280000 0.771186 0.024000 0.019774
0 0.187000 0.807203 0.022000 0.018362
0 0.551000 0.807910 0.022000 0.019774
0 0.209000 0.846045 0.022000 0.019774
