0 0.372000 0.060000 0.052000 0.034667
0 0.369000 0.104000 0.050000 0.033778
0 0.226000 0.246667 0.036000 0.022222
0 0.741000 0.246222 0.038000 0.021333
0 0.836000 0.297333 0.032000 0.018667
0 0.263000 0.436889 0.038000 0.024000
0 0.339000 0.458222 0.038000 0.016889
0 0.573000 0.487111 0.038000 0.021333
0 0.429000 0.508000 0.038000 0.020444
0 0.587000 0.546222 0.038000 0.018667
0 0.540000 0.564889 0.036000 0.018667
0 0.338000 0.668444 0.036000 0.023111
0 0.705000 0.669333 0.038000 0.019556
0 0.345000 0.717778 0.038000 0.020444
0 0.839000 0.716889 0.046000 0.024000
0 0.480000 0.737333 0.036000 0.018667
0 0.658000 0.756444 0.036000 0.017778
0 0.165000 0.796000 0.046000 0.016889
0 0.835000 0.795556 0.038000 0.016000
0 0.374000 0.832889 0.036000 0.021333
0 0.615000 0.871111 0.038000 0.017778
