0 0.585000 0.066944 0.042000 0.024931
0 0.198000 0.135734 0.056000 0.033241
0 0.664000 0.316251 0.040000 0.023084
0 0.830000 0.345799 0.040000 0.021237
0 0.747000 0.406741 0.038000 0.024931
0 0.432000 0.435826 0.040000 0.025854
0 0.583000 0.468606 0.042000 0.023084
0 0.185000 0.530009 0.042000 0.025854
0 0.786000 0.560480 0.040000 0.025854
0 0.870000 0.591874 0.040000 0.024007
0 0.271000 0.680055 0.042000 0.026777
0 0.224000 0.705910 0.040000 0.023084
0 0.335000 0.736380 0.038000 0.024931
0 0.582000 0.735919 0.036000 0.022161
0 0.873000 0.795476 0.042000 0.024931
0 0.450000 0.881348 0.044000 0.023084
0 0.743000 0.880425 0.042000 0.023084
0 0.514000 0.911357 0.040000 0.020314
0 0.616000 0.939058 0.040000 0.016620
