0 0.305000 0.103814 0.022000 0.018362
0 0.444000 0.101695 0.020000 0.016949
0 0.350000 0.139831 0.020000 0.019774
0 0.680000 0.140537 0.020000 0.021186
0 0.349000 0.250000 0.022000 0.016949
0 0.375000 0.288136 0.022000 0.016949
0 0.422000 0.325565 0.024000 0.018362
0 0.257000 0.435734 0.022000 0.021186
0 0.186000 0.472458 0.024000 0.018362
0 0.515000 0.473164 0.022000 0.019774
0 0.257000 0.547316 0.022000 0.018362
0 0.467000 0.546610 0.022000 0.019774
0 0.726000 0.548023 0.020000 0.019774
0 0.375000 0.584746 0.026000 0.016949
0 0.492000 0.584040 0.024000 0.018362
0 0.304000 0.620763 0.020000 0.018362
0 0.352000 0.694209 0.024000 0.018362
0 0.187000 0.770480 0.026000 0.021186
0 0.375000 0.806497 0.022000 0.019774
0 0.375000 0.844633 0.022000 0.019774
