0 0.489000 0.097595 0.022000 0.019802
0 0.606000 0.098303 0.024000 0.018388
0 0.446000 0.312588 0.016000 0.014144
0 0.129000 0.326733 0.014000 0.014144
0 0.399000 0.325318 0.014000 0.014144
0 0.189000 0.350778 0.014000 0.011315
0 0.188000 0.599717 0.016000 0.011315
0 0.197000 0.754597 0.018000 0.015559
0 0.204000 0.778642 0.016000 0.012730
0 0.174000 0.792079 0.016000 0.011315
0 0.400000 0.791372 0.016000 0.015559
0 0.172000 0.805516 0.016000 0.012730
0 0.144000 0.817539 0.016000 0.011315
0 0.278000 0.818246 0.016000 0.012730
0 0.144000 0.831683 0.016000 0.014144
0 0.157000 0.844413 0.018000 0.014144
0 0.159000 0.856436 0.018000 0.012730
0 0.098000 0.871287 0.016000 0.016973
0 0.586000 0.260255 0.016000 0.014144
0 0.782000 0.260255 0.016000 0.014144
0 0.571000 0.273692 0.014000 0.009901
0 0.782000 0.273692 0.016000 0.012730
0 0.721000 0.287129 0.018000 0.014144
0 0.571000 0.300566 0.014000 0.012730
0 0.631000 0.299859 0.018000 0.011315
0 0.722000 0.299859 0.016000 0.014144
0 0.797000 0.300566 0.018000 0.012730
0 0.616000 0.312588 0.016000 0.014144
0 0.784000 0.338048 0.016000 0.014144
0 0.554000 0.362801 0.016000 0.012730
0 0.752000 0.376945 0.016000 0.012730
0 0.556000 0.390382 0.016000 0.014144
0 0.662000 0.390382 0.016000 0.016973
0 0.768000 0.388967 0.016000 0.014144
0 0.541000 0.402405 0.014000 0.012730
0 0.874000 0.403112 0.016000 0.011315
0 0.558000 0.415842 0.016000 0.014144
0 0.798000 0.428571 0.016000 0.014144
0 0.525000 0.442716 0.018000 0.014144
0 0.692000 0.442716 0.016000 0.014144
0 0.632000 0.454738 0.016000 0.012730
0 0.752000 0.455446 0.016000 0.014144
0 0.889000 0.454738 0.018000 0.012730
0 0.570000 0.467468 0.016000 0.012730
0 0.783000 0.481612 0.018000 0.015559
0 0.737000 0.494342 0.018000 0.015559
0 0.887000 0.508487 0.018000 0.015559
0 0.842000 0.521216 0.016000 0.015559
0 0.570000 0.560113 0.016000 0.014144
0 0.724000 0.598303 0.016000 0.016973
0 0.798000 0.572843 0.016000 0.014144
0 0.541000 0.624470 0.014000 0.015559
0 0.617000 0.650636 0.018000 0.014144
0 0.812000 0.650636 0.016000 0.016973
0 0.730000 0.845120 0.016000 0.015559
0 0.357000 0.209335 0.014000 0.011315
0 0.765000 0.196605 0.014000 0.014144
0 0.219000 0.222065 0.014000 0.011315
0 0.295000 0.222065 0.014000 0.011315
0 0.781000 0.756011 0.014000 0.009901
0 0.526000 0.782885 0.016000 0.012730
0 0.369000 0.806223 0.014000 0.011315
0 0.114000 0.806223 0.016000 0.011315
0 0.219000 0.806223 0.014000 0.011315
