0 0.417000 0.130667 0.042000 0.069333
0 0.666000 0.125333 0.044000 0.080000
0 0.390000 0.250667 0.032000 0.053333
0 0.369000 0.432000 0.026000 0.048000
0 0.593000 0.486667 0.026000 0.050667
0 0.677000 0.532000 0.026000 0.040000
0 0.566000 0.577333 0.028000 0.050667
0 0.845000 0.573333 0.030000 0.058667
0 0.230000 0.621333 0.032000 0.037333
0 0.622000 0.666667 0.028000 0.048000
0 0.480000 0.706667 0.028000 0.042667
0 0.789000 0.753333 0.026000 0.045333
0 0.399000 0.798667 0.026000 0.045333
0 0.760000 0.798667 0.028000 0.045333
