0 0.299000 0.308346 0.022000 0.017002
0 0.390000 0.343895 0.020000 0.020093
0 0.345000 0.342349 0.022000 0.020093
0 0.526000 0.342349 0.020000 0.020093
0 0.618000 0.341577 0.020000 0.021638
0 0.710000 0.342349 0.020000 0.020093
0 0.229000 0.376352 0.018000 0.020093
0 0.412000 0.375580 0.020000 0.018547
0 0.295000 0.411128 0.018000 0.018547
0 0.477000 0.410355 0.022000 0.020093
0 0.340000 0.445131 0.020000 0.021638
0 0.523000 0.445904 0.022000 0.020093
0 0.367000 0.513910 0.022000 0.020093
0 0.158000 0.584235 0.020000 0.021638
0 0.202000 0.755796 0.020000 0.018547
0 0.298000 0.789026 0.020000 0.020093
0 0.413000 0.823802 0.022000 0.018547
0 0.824000 0.823802 0.020000 0.021638
0 0.409000 0.857805 0.018000 0.018547
0 0.593000 0.857032 0.018000 0.020093
0 0.547000 0.685471 0.022000 0.020093
