0 0.558000 0.070325 0.020000 0.020093
0 0.135000 0.214838 0.018000 0.015456
0 0.813000 0.197836 0.018000 0.015456
0 0.186000 0.250386 0.020000 0.015456
0 0.307000 0.267388 0.018000 0.015456
0 0.238000 0.321484 0.020000 0.015456
0 0.324000 0.320711 0.020000 0.017002
0 0.341000 0.355487 0.018000 0.015456
0 0.187000 0.656105 0.018000 0.013910
0 0.787000 0.673879 0.018000 0.015456
0 0.565000 0.690881 0.018000 0.015456
0 0.445000 0.709428 0.018000 0.015456
0 0.221000 0.692427 0.018000 0.015456
0 0.427000 0.691654 0.018000 0.013910
