0 0.757000 0.087571 0.018000 0.016949
0 0.182000 0.134181 0.020000 0.016949
0 0.418000 0.158192 0.020000 0.016949
0 0.262000 0.182203 0.020000 0.016949
0 0.357000 0.276130 0.018000 0.015537
0 0.513000 0.300141 0.018000 0.018362
0 0.323000 0.324859 0.018000 0.016949
0 0.818000 0.324859 0.020000 0.016949
0 0.645000 0.372881 0.022000 0.016949
0 0.339000 0.395480 0.022000 0.014124
0 0.541000 0.395480 0.018000 0.016949
0 0.415000 0.419492 0.022000 0.016949
0 0.758000 0.444209 0.020000 0.018362
0 0.377000 0.490819 0.022000 0.015537
0 0.720000 0.490819 0.020000 0.018362
0 0.282000 0.514124 0.020000 0.016949
0 0.565000 0.538136 0.018000 0.016949
0 0.388000 0.586158 0.020000 0.016949
0 0.470000 0.632768 0.020000 0.016949
0 0.181000 0.656780 0.018000 0.016949
0 0.202000 0.680791 0.020000 0.016949
0 0.302000 0.704096 0.020000 0.015537
0 0.418000 0.870763 0.020000 0.015537
0 0.160000 0.562147 0.020000 0.016949
