0 0.403000 0.096045 0.018000 0.016949
0 0.294000 0.193503 0.016000 0.014124
0 0.371000 0.214689 0.018000 0.014124
0 0.512000 0.214689 0.016000 0.014124
0 0.706000 0.214689 0.016000 0.014124
0 0.780000 0.235169 0.016000 0.015537
0 0.406000 0.257062 0.016000 0.014124
0 0.769000 0.257062 0.018000 0.014124
0 0.768000 0.278249 0.016000 0.014124
0 0.680000 0.341808 0.016000 0.014124
0 0.517000 0.384181 0.018000 0.014124
0 0.160000 0.427260 0.020000 0.015537
0 0.301000 0.427966 0.018000 0.014124
0 0.606000 0.427260 0.016000 0.015537
0 0.464000 0.449153 0.016000 0.014124
0 0.658000 0.449153 0.020000 0.014124
0 0.711000 0.448446 0.018000 0.015537
0 0.196000 0.468927 0.020000 0.014124
0 0.247000 0.491525 0.018000 0.014124
0 0.177000 0.555085 0.018000 0.014124
0 0.584000 0.598164 0.016000 0.015537
0 0.266000 0.618644 0.016000 0.014124
0 0.160000 0.639831 0.020000 0.014124
0 0.671000 0.639831 0.018000 0.014124
0 0.213000 0.725989 0.018000 0.014124
0 0.729000 0.725282 0.018000 0.015537
0 0.499000 0.746469 0.018000 0.015537
0 0.300000 0.769068 0.016000 0.015537
0 0.230000 0.788842 0.016000 0.015537
0 0.623000 0.788842 0.018000 0.015537
0 0.739000 0.810734 0.018000 0.014124
0 0.424000 0.853814 0.016000 0.015537
