0 0.464375 0.105124 0.023750 0.021201
0 0.209375 0.206714 0.018750 0.014134
0 0.511875 0.260159 0.021250 0.015018
0 0.788750 0.260159 0.017500 0.015018
0 0.345625 0.279152 0.018750 0.014134
0 0.493125 0.280477 0.018750 0.015018
0 0.253125 0.297703 0.018750 0.015901
0 0.792500 0.298145 0.017500 0.015018
0 0.233750 0.465106 0.017500 0.015018
0 0.345000 0.464664 0.020000 0.017668
0 0.475625 0.464664 0.018750 0.014134
0 0.760625 0.484099 0.018750 0.015901
0 0.418750 0.575972 0.020000 0.014134
0 0.621875 0.687279 0.018750 0.015901
0 0.381875 0.742491 0.018750 0.015018
0 0.715000 0.742491 0.020000 0.016784
0 0.290000 0.780477 0.020000 0.015018
0 0.511250 0.780919 0.020000 0.015901
