0 0.544000 0.120056 0.028000 0.025424
0 0.490000 0.173023 0.024000 0.018362
0 0.389000 0.209746 0.026000 0.021186
0 0.741000 0.210452 0.026000 0.022599
0 0.238000 0.247175 0.024000 0.016949
0 0.313000 0.247175 0.026000 0.019774
0 0.262000 0.321328 0.024000 0.018362
0 0.364000 0.358757 0.024000 0.019774
0 0.591000 0.469633 0.026000 0.021186
0 0.261000 0.506356 0.026000 0.021186
0 0.565000 0.506356 0.026000 0.018362
0 0.666000 0.654661 0.024000 0.018362
0 0.818000 0.655367 0.024000 0.019774
0 0.490000 0.728814 0.024000 0.019774
