0 0.476000 0.076699 0.016000 0.021359
0 0.741000 0.128155 0.014000 0.019417
0 0.299000 0.182524 0.014000 0.019417
0 0.681000 0.182524 0.014000 0.019417
0 0.620000 0.215534 0.016000 0.019417
0 0.408000 0.263107 0.016000 0.017476
0 0.723000 0.263107 0.014000 0.021359
0 0.495000 0.340777 0.014000 0.017476
0 0.346000 0.448544 0.016000 0.019417
0 0.381000 0.496117 0.014000 0.017476
0 0.434000 0.574757 0.016000 0.019417
0 0.703000 0.575728 0.014000 0.021359
0 0.547000 0.918447 0.014000 0.019417
0 0.467000 0.961165 0.014000 0.019417
0 0.719000 0.962136 0.014000 0.021359
0 0.339000 0.073786 0.014000 0.019417
