0 0.611000 0.140537 0.022000 0.018362
0 0.304000 0.178672 0.024000 0.021186
0 0.550000 0.177966 0.024000 0.019774
0 0.834000 0.177260 0.024000 0.021186
0 0.186000 0.214689 0.024000 0.019774
0 0.318000 0.288136 0.024000 0.019774
0 0.798000 0.324859 0.024000 0.019774
0 0.210000 0.363701 0.024000 0.021186
0 0.492000 0.364407 0.024000 0.019774
0 0.518000 0.400424 0.024000 0.018362
0 0.234000 0.436441 0.024000 0.019774
0 0.516000 0.437147 0.024000 0.021186
0 0.751000 0.437853 0.022000 0.019774
0 0.444000 0.474576 0.024000 0.016949
0 0.562000 0.473870 0.024000 0.018362
0 0.681000 0.474576 0.026000 0.022599
0 0.298000 0.549435 0.024000 0.019774
0 0.210000 0.585452 0.024000 0.021186
0 0.562000 0.585452 0.024000 0.021186
0 0.298000 0.621469 0.024000 0.019774
0 0.351000 0.658898 0.022000 0.021186
0 0.727000 0.660311 0.022000 0.018362
0 0.210000 0.697740 0.024000 0.022599
0 0.769000 0.731638 0.026000 0.019774
0 0.800000 0.771186 0.024000 0.019774
0 0.468000 0.807910 0.024000 0.016949
0 0.722000 0.844633 0.024000 0.019774
0 0.429000 0.880650 0.022000 0.021186
0 0.642000 0.882062 0.024000 0.021186
0 0.473000 0.057910 0.018000 0.011299
