0 0.158000 0.129333 0.028000 0.040000
0 0.184000 0.225333 0.028000 0.045333
0 0.798000 0.121333 0.028000 0.040000
0 0.486000 0.228000 0.028000 0.045333
0 0.687000 0.222667 0.026000 0.040000
0 0.134000 0.277333 0.028000 0.042667
0 0.309000 0.277333 0.026000 0.042667
0 0.487000 0.277333 0.026000 0.042667
0 0.159000 0.374667 0.030000 0.045333
0 0.309000 0.374667 0.026000 0.040000
0 0.511000 0.373333 0.026000 0.042667
0 0.763000 0.374667 0.026000 0.040000
0 0.863000 0.374667 0.026000 0.045333
0 0.350000 0.426667 0.028000 0.037333
0 0.652000 0.428000 0.028000 0.045333
0 0.159000 0.522667 0.030000 0.048000
0 0.427000 0.514667 0.026000 0.042667
0 0.613000 0.514667 0.026000 0.037333
0 0.183000 0.573333 0.026000 0.048000
0 0.424000 0.569333 0.024000 0.034667
0 0.689000 0.574667 0.026000 0.040000
0 0.359000 0.626667 0.026000 0.042667
0 0.397000 0.725333 0.026000 0.048000
