0 0.271000 0.103814 0.026000 0.021186
0 0.756000 0.252825 0.028000 0.025424
0 0.381000 0.289548 0.026000 0.025424
0 0.542000 0.363701 0.028000 0.021186
0 0.245000 0.400424 0.030000 0.026836
0 0.623000 0.400424 0.030000 0.024011
0 0.193000 0.511299 0.026000 0.025424
0 0.300000 0.547316 0.028000 0.024011
0 0.650000 0.547316 0.028000 0.024011
0 0.541000 0.621469 0.026000 0.022599
0 0.219000 0.658898 0.026000 0.024011
0 0.372000 0.696328 0.024000 0.025424
0 0.675000 0.734463 0.026000 0.025424
0 0.327000 0.807203 0.026000 0.024011
