0 0.179000 0.103814 0.022000 0.018362
0 0.286000 0.178672 0.020000 0.018362
0 0.333000 0.178672 0.022000 0.018362
0 0.450000 0.177966 0.020000 0.019774
0 0.512000 0.178672 0.024000 0.018362
0 0.569000 0.177966 0.022000 0.016949
0 0.250000 0.250706 0.020000 0.018362
0 0.462000 0.252825 0.020000 0.016949
0 0.533000 0.251412 0.022000 0.019774
0 0.250000 0.362994 0.020000 0.019774
0 0.437000 0.363701 0.018000 0.018362
0 0.509000 0.363701 0.022000 0.018362
0 0.252000 0.437147 0.024000 0.015537
0 0.440000 0.437853 0.020000 0.016949
0 0.333000 0.511299 0.022000 0.016949
0 0.767000 0.511299 0.022000 0.016949
0 0.240000 0.585452 0.024000 0.015537
0 0.403000 0.696328 0.022000 0.016949
0 0.615000 0.697034 0.022000 0.018362
0 0.774000 0.732345 0.024000 0.018362
0 0.403000 0.807203 0.022000 0.018362
0 0.545000 0.808616 0.022000 0.018362
0 0.515000 0.843927 0.022000 0.018362
