0 0.380000 0.149011 0.020000 0.018362
0 0.682000 0.151130 0.020000 0.019774
0 0.304000 0.188559 0.020000 0.018362
0 0.374000 0.300141 0.020000 0.018362
0 0.552000 0.298023 0.020000 0.025424
0 0.303000 0.375000 0.022000 0.026836
0 0.392000 0.373588 0.020000 0.021186
0 0.286000 0.413842 0.020000 0.019774
0 0.390000 0.412429 0.020000 0.022599
0 0.339000 0.451271 0.018000 0.021186
0 0.224000 0.485876 0.020000 0.022599
0 0.570000 0.525424 0.020000 0.022599
0 0.329000 0.598164 0.022000 0.026836
0 0.453000 0.596751 0.022000 0.024011
0 0.384000 0.633475 0.020000 0.021186
0 0.224000 0.667373 0.020000 0.021186
0 0.615000 0.668785 0.018000 0.021186
0 0.383000 0.701271 0.022000 0.021186
0 0.704000 0.703390 0.020000 0.019774
0 0.241000 0.739407 0.022000 0.018362
0 0.580000 0.739407 0.020000 0.015537
0 0.205000 0.807910 0.022000 0.019774
0 0.311000 0.843220 0.022000 0.019774
0 0.598000 0.841808 0.020000 0.019774
0 0.383000 0.878531 0.018000 0.019774
0 0.685000 0.879944 0.018000 0.016949
