0 0.537000 0.103814 0.038000 0.026836
0 0.595000 0.157486 0.026000 0.021186
0 0.406000 0.157486 0.028000 0.021186
0 0.163000 0.194915 0.026000 0.019774
0 0.407000 0.194915 0.026000 0.019774
0 0.272000 0.232345 0.028000 0.021186
0 0.377000 0.285311 0.026000 0.022599
0 0.305000 0.322740 0.026000 0.021186
0 0.521000 0.322034 0.026000 0.019774
0 0.439000 0.359463 0.026000 0.021186
0 0.681000 0.360169 0.026000 0.019774
0 0.521000 0.397599 0.026000 0.021186
0 0.359000 0.470339 0.026000 0.019774
0 0.297000 0.545198 0.026000 0.019774
0 0.404000 0.545198 0.028000 0.022599
0 0.627000 0.581921 0.026000 0.019774
0 0.876000 0.545198 0.032000 0.025424
0 0.297000 0.656073 0.026000 0.021186
0 0.493000 0.767655 0.026000 0.021186
0 0.789000 0.767655 0.026000 0.021186
0 0.352000 0.103814 0.036000 0.029661
