0 0.403000 0.094633 0.022000 0.016949
0 0.343000 0.150424 0.022000 0.018362
0 0.584000 0.186441 0.020000 0.016949
0 0.303000 0.223870 0.022000 0.015537
0 0.423000 0.242938 0.022000 0.016949
0 0.403000 0.279661 0.022000 0.016949
0 0.483000 0.278955 0.022000 0.018362
0 0.282000 0.334746 0.020000 0.019774
0 0.724000 0.334746 0.020000 0.019774
0 0.303000 0.389831 0.022000 0.016949
0 0.262000 0.445621 0.020000 0.018362
0 0.282000 0.502119 0.020000 0.018362
0 0.644000 0.501412 0.020000 0.019774
0 0.362000 0.556497 0.020000 0.016949
0 0.827000 0.555791 0.022000 0.018362
0 0.323000 0.649718 0.022000 0.016949
0 0.717000 0.723164 0.022000 0.016949
0 0.343000 0.778955 0.022000 0.015537
0 0.281000 0.816384 0.018000 0.016949
0 0.727000 0.816384 0.022000 0.016949
0 0.403000 0.872881 0.022000 0.019774
0 0.584000 0.872175 0.020000 0.018362
