0 0.126000 0.149011 0.028000 0.024011
0 0.521000 0.183616 0.026000 0.025424
0 0.664000 0.185028 0.024000 0.019774
0 0.344000 0.222458 0.024000 0.021186
0 0.794000 0.221751 0.024000 0.019774
0 0.238000 0.300847 0.024000 0.028249
0 0.392000 0.350989 0.024000 0.024011
0 0.644000 0.392655 0.024000 0.019774
0 0.716000 0.391243 0.024000 0.019774
0 0.488000 0.485876 0.024000 0.022599
0 0.513000 0.521186 0.026000 0.022599
0 0.348000 0.561441 0.024000 0.026836
0 0.791000 0.561441 0.030000 0.029661
0 0.336000 0.613701 0.024000 0.024011
0 0.151000 0.647599 0.026000 0.024011
0 0.431000 0.690678 0.026000 0.025424
0 0.625000 0.687853 0.026000 0.022599
0 0.488000 0.740113 0.024000 0.022599
0 0.585000 0.740113 0.026000 0.028249
0 0.271000 0.778249 0.026000 0.022599
0 0.408000 0.853107 0.024000 0.025424
0 0.649000 0.851695 0.026000 0.031073
