0 0.069000 0.074859 0.022000 0.016949
0 0.252000 0.074153 0.020000 0.018362
0 0.392000 0.074859 0.020000 0.019774
0 0.372000 0.112288 0.020000 0.015537
0 0.514000 0.111582 0.020000 0.016949
0 0.272000 0.131356 0.020000 0.016949
0 0.112000 0.149718 0.020000 0.014124
0 0.615000 0.129944 0.018000 0.016949
0 0.675000 0.130650 0.022000 0.015537
0 0.373000 0.149718 0.022000 0.016949
0 0.278000 0.204802 0.020000 0.016949
0 0.615000 0.242232 0.022000 0.018362
0 0.247000 0.278955 0.022000 0.015537
0 0.571000 0.278955 0.022000 0.018362
0 0.145000 0.317090 0.022000 0.015537
0 0.528000 0.316384 0.020000 0.016949
0 0.474000 0.334040 0.020000 0.018362
0 0.736000 0.334040 0.020000 0.018362
0 0.373000 0.353814 0.022000 0.015537
0 0.554000 0.353814 0.020000 0.018362
0 0.594000 0.372175 0.020000 0.015537
0 0.145000 0.391243 0.022000 0.016949
0 0.446000 0.391243 0.020000 0.016949
0 0.695000 0.409605 0.022000 0.016949
0 0.111000 0.427260 0.022000 0.015537
0 0.205000 0.445621 0.022000 0.018362
0 0.091000 0.464689 0.022000 0.016949
0 0.308000 0.483757 0.020000 0.018362
0 0.429000 0.483051 0.022000 0.016949
0 0.192000 0.502119 0.020000 0.015537
0 0.574000 0.502119 0.020000 0.015537
0 0.373000 0.519774 0.022000 0.016949
0 0.111000 0.538842 0.022000 0.015537
0 0.312000 0.557203 0.020000 0.015537
0 0.554000 0.557203 0.020000 0.015537
0 0.171000 0.612994 0.022000 0.016949
0 0.736000 0.612994 0.020000 0.016949
0 0.898000 0.630650 0.020000 0.015537
0 0.193000 0.650424 0.022000 0.015537
0 0.222000 0.668785 0.020000 0.015537
0 0.363000 0.668079 0.022000 0.016949
0 0.111000 0.686441 0.022000 0.016949
0 0.252000 0.686441 0.020000 0.016949
0 0.434000 0.705508 0.020000 0.018362
0 0.776000 0.705508 0.020000 0.015537
0 0.171000 0.723870 0.022000 0.015537
0 0.414000 0.723870 0.020000 0.015537
0 0.615000 0.724576 0.022000 0.016949
0 0.716000 0.724576 0.020000 0.016949
0 0.212000 0.742938 0.020000 0.016949
0 0.312000 0.742938 0.020000 0.016949
0 0.514000 0.742232 0.020000 0.015537
0 0.091000 0.760593 0.022000 0.015537
0 0.636000 0.761299 0.020000 0.016949
0 0.898000 0.761299 0.020000 0.016949
0 0.156000 0.779661 0.020000 0.016949
0 0.338000 0.779661 0.020000 0.016949
0 0.222000 0.798023 0.020000 0.016949
0 0.332000 0.817090 0.020000 0.018362
0 0.776000 0.816384 0.020000 0.019774
0 0.111000 0.835452 0.022000 0.015537
0 0.473000 0.853814 0.022000 0.015537
0 0.362000 0.872175 0.020000 0.015537
0 0.111000 0.890537 0.022000 0.015537
0 0.574000 0.890537 0.020000 0.015537
0 0.172000 0.908898 0.020000 0.015537
0 0.474000 0.909605 0.020000 0.016949
0 0.615000 0.908898 0.022000 0.015537
0 0.306000 0.946328 0.020000 0.016949
0 0.716000 0.631356 0.024000 0.014124
