0 0.177000 0.115113 0.018000 0.015537
0 0.335000 0.117232 0.018000 0.016949
0 0.796000 0.116525 0.020000 0.015537
0 0.301000 0.137712 0.018000 0.015537
0 0.371000 0.137712 0.018000 0.015537
0 0.671000 0.138418 0.018000 0.016949
0 0.724000 0.138418 0.016000 0.016949
0 0.319000 0.180085 0.018000 0.018362
0 0.460000 0.201977 0.020000 0.016949
0 0.265000 0.223164 0.018000 0.016949
0 0.354000 0.223164 0.020000 0.019774
0 0.459000 0.223164 0.018000 0.014124
0 0.672000 0.223164 0.016000 0.019774
0 0.229000 0.245763 0.018000 0.016949
0 0.283000 0.245056 0.018000 0.018362
0 0.565000 0.244350 0.018000 0.019774
0 0.513000 0.266243 0.018000 0.015537
0 0.281000 0.307910 0.022000 0.019774
0 0.248000 0.329802 0.020000 0.015537
0 0.424000 0.329096 0.016000 0.016949
0 0.689000 0.329802 0.018000 0.015537
0 0.248000 0.350989 0.020000 0.015537
0 0.689000 0.349576 0.018000 0.015537
0 0.601000 0.372175 0.018000 0.015537
0 0.689000 0.372175 0.018000 0.015537
0 0.637000 0.393362 0.018000 0.015537
0 0.707000 0.394774 0.018000 0.018362
0 0.335000 0.413842 0.018000 0.016949
0 0.248000 0.456921 0.020000 0.018362
0 0.707000 0.458333 0.018000 0.018362
0 0.319000 0.479520 0.018000 0.018362
0 0.600000 0.478107 0.016000 0.018362
0 0.279000 0.520480 0.018000 0.015537
0 0.301000 0.543079 0.018000 0.015537
0 0.424000 0.541667 0.016000 0.015537
0 0.619000 0.543079 0.018000 0.018362
0 0.671000 0.540960 0.018000 0.019774
0 0.389000 0.563559 0.018000 0.014124
0 0.529000 0.563559 0.018000 0.016949
0 0.247000 0.584746 0.018000 0.016949
0 0.831000 0.584746 0.018000 0.016949
0 0.194000 0.605932 0.016000 0.016949
0 0.298000 0.648305 0.020000 0.016949
0 0.247000 0.670904 0.018000 0.016949
0 0.495000 0.670904 0.018000 0.016949
0 0.777000 0.668785 0.018000 0.015537
0 0.231000 0.690678 0.018000 0.019774
0 0.319000 0.690678 0.018000 0.019774
0 0.423000 0.692090 0.018000 0.016949
0 0.689000 0.692090 0.018000 0.014124
0 0.371000 0.713277 0.018000 0.016949
0 0.618000 0.713277 0.016000 0.016949
0 0.319000 0.734463 0.018000 0.014124
0 0.405000 0.733757 0.018000 0.015537
0 0.512000 0.734463 0.020000 0.016949
0 0.741000 0.735169 0.018000 0.018362
0 0.689000 0.757062 0.018000 0.016949
0 0.442000 0.798729 0.020000 0.015537
