0 0.633000 0.141243 0.022000 0.019774
0 0.160000 0.177260 0.028000 0.024011
0 0.516000 0.216102 0.024000 0.019774
0 0.374000 0.327684 0.024000 0.019774
0 0.386000 0.363701 0.024000 0.018362
0 0.527000 0.362994 0.022000 0.019774
0 0.328000 0.439266 0.024000 0.022599
0 0.574000 0.436441 0.024000 0.025424
0 0.280000 0.475989 0.024000 0.022599
0 0.397000 0.475989 0.022000 0.019774
0 0.797000 0.475282 0.022000 0.021186
0 0.304000 0.509887 0.024000 0.022599
0 0.316000 0.549435 0.024000 0.022599
0 0.436000 0.548729 0.028000 0.024011
0 0.563000 0.548023 0.026000 0.022599
0 0.679000 0.548729 0.022000 0.021186
0 0.822000 0.548023 0.024000 0.022599
0 0.585000 0.586158 0.022000 0.019774
0 0.256000 0.622881 0.024000 0.019774
0 0.750000 0.622881 0.024000 0.022599
0 0.328000 0.661017 0.024000 0.022599
0 0.281000 0.697034 0.026000 0.018362
0 0.445000 0.696328 0.022000 0.019774
0 0.210000 0.734463 0.024000 0.019774
0 0.280000 0.733051 0.024000 0.019774
0 0.750000 0.734463 0.024000 0.022599
0 0.373000 0.769774 0.022000 0.025424
0 0.750000 0.771186 0.024000 0.019774
0 0.279000 0.806497 0.022000 0.022599
0 0.751000 0.807910 0.022000 0.022599
0 0.418000 0.845339 0.024000 0.021186
0 0.727000 0.882062 0.022000 0.021186
