0 0.339000 0.109333 0.034000 0.053333
0 0.721000 0.112000 0.034000 0.053333
0 0.386000 0.276000 0.032000 0.050667
0 0.152000 0.340000 0.016000 0.029333
0 0.137000 0.402667 0.018000 0.026667
0 0.227000 0.597333 0.018000 0.032000
0 0.142000 0.665333 0.020000 0.029333
0 0.159000 0.736000 0.018000 0.026667
0 0.109000 0.773333 0.018000 0.032000
0 0.193000 0.772000 0.018000 0.029333
0 0.393000 0.560000 0.018000 0.026667
0 0.343000 0.596000 0.018000 0.029333
0 0.309000 0.665333 0.018000 0.029333
0 0.393000 0.666667 0.018000 0.026667
0 0.293000 0.808000 0.018000 0.026667
0 0.557000 0.561333 0.018000 0.024000
0 0.540000 0.622667 0.016000 0.029333
0 0.524000 0.845333 0.016000 0.026667
0 0.837000 0.666667 0.018000 0.026667
0 0.317000 0.404000 0.018000 0.029333
0 0.343000 0.773333 0.018000 0.026667
0 0.372000 0.469333 0.016000 0.026667
0 0.887000 0.561333 0.018000 0.029333
0 0.535000 0.482667 0.014000 0.026667
0 0.372000 0.497333 0.016000 0.024000
