0 0.369000 0.389124 0.022000 0.015537
0 0.416000 0.388418 0.024000 0.019774
0 0.557000 0.389831 0.022000 0.019774
0 0.652000 0.390537 0.024000 0.021186
0 0.239000 0.425141 0.022000 0.016949
0 0.428000 0.425847 0.024000 0.018362
0 0.287000 0.463277 0.022000 0.019774
0 0.475000 0.463983 0.022000 0.021186
0 0.346000 0.537429 0.024000 0.018362
0 0.287000 0.611582 0.022000 0.019774
0 0.263000 0.685028 0.022000 0.016949
0 0.499000 0.759181 0.022000 0.018362
0 0.432000 0.795904 0.024000 0.018362
0 0.357000 0.833333 0.022000 0.016949
0 0.521000 0.833333 0.022000 0.016949
0 0.686000 0.833333 0.024000 0.016949
0 0.548000 0.879944 0.024000 0.019774
