0 0.488000 0.099576 0.020000 0.015537
0 0.380000 0.265537 0.016000 0.014124
0 0.557000 0.265537 0.018000 0.014124
0 0.177000 0.404661 0.018000 0.012712
0 0.831000 0.432910 0.018000 0.015537
0 0.443000 0.515537 0.018000 0.014124
0 0.566000 0.515537 0.016000 0.014124
0 0.689000 0.515537 0.018000 0.014124
0 0.213000 0.543785 0.018000 0.014124
0 0.690000 0.543785 0.020000 0.014124
0 0.778000 0.571328 0.020000 0.012712
0 0.425000 0.627825 0.018000 0.012712
0 0.407000 0.710452 0.018000 0.014124
0 0.689000 0.848870 0.018000 0.014124
0 0.248000 0.905367 0.016000 0.016949
