0 0.518000 0.091102 0.036000 0.032486
0 0.243000 0.141243 0.026000 0.019774
0 0.833000 0.177260 0.022000 0.021186
0 0.136000 0.252119 0.024000 0.021186
0 0.618000 0.252119 0.024000 0.021186
0 0.482000 0.331921 0.036000 0.028249
0 0.390000 0.382062 0.024000 0.018362
0 0.307000 0.419492 0.026000 0.022599
0 0.174000 0.456921 0.024000 0.018362
0 0.175000 0.493644 0.022000 0.024011
0 0.228000 0.529661 0.024000 0.019774
0 0.174000 0.566384 0.024000 0.019774
0 0.390000 0.604520 0.024000 0.019774
0 0.713000 0.603814 0.026000 0.021186
0 0.336000 0.679379 0.024000 0.019774
0 0.391000 0.714689 0.026000 0.019774
0 0.403000 0.752119 0.026000 0.018362
0 0.268000 0.789548 0.024000 0.019774
0 0.322000 0.826977 0.024000 0.021186
0 0.322000 0.863701 0.024000 0.021186
0 0.457000 0.862994 0.026000 0.019774
