0 0.401000 0.110876 0.018000 0.021186
0 0.383000 0.183616 0.018000 0.022599
0 0.721000 0.182203 0.018000 0.022599
0 0.392000 0.285311 0.020000 0.022599
0 0.224000 0.320621 0.020000 0.019774
0 0.402000 0.320621 0.020000 0.019774
0 0.383000 0.353814 0.018000 0.018362
0 0.579000 0.355226 0.018000 0.021186
0 0.349000 0.388418 0.018000 0.022599
0 0.544000 0.388418 0.020000 0.022599
0 0.393000 0.458333 0.018000 0.015537
0 0.189000 0.492938 0.018000 0.022599
0 0.597000 0.526130 0.018000 0.021186
0 0.436000 0.561441 0.020000 0.018362
0 0.579000 0.560734 0.018000 0.019774
0 0.721000 0.561441 0.018000 0.021186
0 0.330000 0.595339 0.020000 0.024011
0 0.659000 0.631356 0.018000 0.022599
0 0.170000 0.663136 0.020000 0.018362
0 0.401000 0.663136 0.018000 0.026836
0 0.497000 0.717514 0.018000 0.016949
0 0.551000 0.719633 0.022000 0.021186
0 0.765000 0.719633 0.022000 0.024011
0 0.313000 0.734463 0.022000 0.016949
0 0.488000 0.764831 0.020000 0.021186
0 0.437000 0.800847 0.018000 0.019774
0 0.242000 0.832627 0.020000 0.029661
0 0.683000 0.870763 0.018000 0.021186
0 0.526000 0.903955 0.016000 0.019774
