0 0.425000 0.108204 0.030000 0.021216
0 0.244000 0.183168 0.028000 0.021216
0 0.514000 0.185290 0.032000 0.025460
0 0.332000 0.260962 0.028000 0.024045
0 0.352000 0.298444 0.028000 0.022631
0 0.649000 0.299151 0.026000 0.024045
0 0.427000 0.335926 0.030000 0.024045
0 0.607000 0.336634 0.026000 0.022631
0 0.781000 0.413013 0.026000 0.025460
0 0.454000 0.449081 0.028000 0.021216
0 0.473000 0.488685 0.026000 0.021216
0 0.424000 0.526167 0.028000 0.022631
0 0.836000 0.526167 0.032000 0.025460
0 0.501000 0.603253 0.030000 0.024045
0 0.338000 0.640028 0.028000 0.026874
0 0.333000 0.679632 0.030000 0.024045
0 0.556000 0.678218 0.028000 0.021216
0 0.164000 0.716407 0.032000 0.021216
0 0.478000 0.755304 0.028000 0.022631
0 0.670000 0.754597 0.028000 0.024045
0 0.219000 0.792786 0.030000 0.021216
0 0.367000 0.831683 0.030000 0.022631
0 0.715000 0.831683 0.030000 0.025460
0 0.342000 0.869165 0.028000 0.024045
0 0.561000 0.869165 0.026000 0.021216
