0 0.731000 0.099576 0.018000 0.024011
0 0.733000 0.143362 0.022000 0.018362
0 0.447000 0.163842 0.018000 0.019774
0 0.322000 0.205508 0.020000 0.021186
0 0.341000 0.228107 0.018000 0.018362
0 0.323000 0.269774 0.018000 0.016949
0 0.553000 0.289548 0.018000 0.022599
0 0.393000 0.377825 0.018000 0.018362
0 0.286000 0.399011 0.020000 0.018362
0 0.715000 0.398305 0.018000 0.019774
0 0.305000 0.421610 0.018000 0.018362
0 0.589000 0.419492 0.018000 0.019774
0 0.232000 0.440678 0.020000 0.016949
0 0.375000 0.504944 0.018000 0.015537
0 0.376000 0.528249 0.020000 0.019774
0 0.182000 0.550141 0.016000 0.018362
0 0.340000 0.549435 0.020000 0.019774
0 0.393000 0.550847 0.018000 0.016949
0 0.588000 0.615113 0.020000 0.018362
0 0.327000 0.742232 0.018000 0.018362
0 0.553000 0.526836 0.018000 0.014124
