0 0.096000 0.076225 0.028000 0.029038
0 0.247000 0.121597 0.026000 0.029038
0 0.295000 0.208711 0.026000 0.032668
0 0.320000 0.206897 0.024000 0.032668
0 0.320000 0.275862 0.028000 0.025408
0 0.074000 0.350272 0.028000 0.029038
0 0.302000 0.472777 0.028000 0.027223
0 0.302000 0.619782 0.028000 0.027223
0 0.530000 0.618875 0.024000 0.029038
0 0.074000 0.704174 0.028000 0.029038
0 0.306000 0.756806 0.028000 0.029038
0 0.308000 0.918330 0.024000 0.025408
0 0.333000 0.918330 0.026000 0.025408
0 0.527000 0.986388 0.026000 0.027223
0 0.300000 0.989111 0.028000 0.021779
