0 0.574000 0.100989 0.024000 0.018362
0 0.480000 0.126412 0.024000 0.018362
0 0.667000 0.127119 0.022000 0.019774
0 0.385000 0.099576 0.022000 0.018362
0 0.287000 0.180085 0.018000 0.015537
0 0.721000 0.180085 0.018000 0.015537
0 0.247000 0.206215 0.018000 0.014124
0 0.594000 0.206215 0.016000 0.014124
0 0.729000 0.206215 0.018000 0.016949
0 0.362000 0.232345 0.016000 0.012712
0 0.668000 0.232345 0.016000 0.015537
0 0.248000 0.259181 0.020000 0.015537
0 0.335000 0.258475 0.018000 0.014124
0 0.285000 0.291667 0.022000 0.021186
0 0.403000 0.289548 0.022000 0.019774
0 0.630000 0.290254 0.024000 0.021186
0 0.689000 0.290960 0.022000 0.019774
0 0.831000 0.290254 0.026000 0.018362
0 0.522000 0.315678 0.024000 0.018362
0 0.655000 0.317090 0.022000 0.018362
0 0.268000 0.342514 0.024000 0.018362
0 0.565000 0.341808 0.022000 0.016949
0 0.249000 0.394774 0.022000 0.018362
0 0.278000 0.421610 0.024000 0.018362
0 0.210000 0.343220 0.024000 0.016949
