0 0.273844 0.021214 0.027984 0.021409
0 0.063678 0.149669 0.025700 0.021409
0 0.236722 0.170105 0.027984 0.021020
0 0.277270 0.273647 0.025700 0.020241
0 0.338093 0.452705 0.023986 0.022577
0 0.801542 0.046322 0.030268 0.019463
0 0.956596 0.047684 0.027413 0.022188
0 0.861222 0.046905 0.026271 0.022188
0 0.927184 0.172635 0.026842 0.020631
0 0.708738 0.327365 0.027413 0.023355
0 0.796117 0.452511 0.022844 0.019074
0 0.101942 0.608992 0.025700 0.020631
0 0.067961 0.636434 0.022844 0.019463
0 0.158481 0.635267 0.030268 0.018684
0 0.133352 0.760218 0.026842 0.020241
0 0.224443 0.759245 0.026271 0.017517
0 0.283267 0.760218 0.025128 0.023355
0 0.283267 0.785909 0.025128 0.019463
0 0.075385 0.925847 0.023986 0.021409
0 0.345802 0.926236 0.025700 0.022188
0 0.284980 0.951927 0.023986 0.019852
0 0.902056 0.683145 0.026842 0.025691
0 0.836950 0.554496 0.031411 0.022188
0 0.739577 0.579992 0.029697 0.020241
