0 0.177000 0.095339 0.018000 0.015537
0 0.188000 0.112994 0.016000 0.014124
0 0.333000 0.112288 0.018000 0.015537
0 0.823000 0.187147 0.018000 0.015537
0 0.777000 0.205508 0.018000 0.015537
0 0.248000 0.223870 0.016000 0.015537
0 0.239000 0.242938 0.018000 0.014124
0 0.363000 0.242232 0.018000 0.015537
0 0.159000 0.316384 0.018000 0.016949
0 0.530000 0.335452 0.016000 0.015537
0 0.248000 0.354520 0.016000 0.014124
0 0.460000 0.353814 0.016000 0.015537
0 0.787000 0.354520 0.018000 0.016949
0 0.407000 0.409605 0.018000 0.014124
0 0.629000 0.409605 0.018000 0.014124
0 0.467000 0.427966 0.018000 0.014124
0 0.486000 0.465395 0.016000 0.015537
0 0.760000 0.465395 0.016000 0.015537
0 0.292000 0.483757 0.016000 0.015537
0 0.416000 0.502119 0.020000 0.015537
0 0.610000 0.502119 0.016000 0.015537
0 0.231000 0.539548 0.018000 0.016949
0 0.566000 0.538842 0.016000 0.012712
0 0.549000 0.558616 0.018000 0.015537
0 0.629000 0.594633 0.018000 0.014124
0 0.434000 0.632062 0.016000 0.015537
0 0.478000 0.650424 0.016000 0.015537
0 0.213000 0.668079 0.018000 0.014124
0 0.266000 0.705508 0.016000 0.015537
0 0.283000 0.724576 0.018000 0.014124
0 0.600000 0.723870 0.016000 0.015537
0 0.600000 0.761299 0.016000 0.016949
0 0.177000 0.835452 0.018000 0.015537
0 0.337000 0.853814 0.018000 0.015537
0 0.725000 0.853814 0.018000 0.012712
0 0.407000 0.891949 0.018000 0.015537
0 0.689000 0.891243 0.018000 0.014124
0 0.318000 0.334746 0.020000 0.014124
0 0.311000 0.391243 0.018000 0.014124
