0 0.249000 0.170904 0.026000 0.022599
0 0.456000 0.170904 0.024000 0.022599
0 0.790000 0.208333 0.024000 0.021186
0 0.413000 0.279661 0.022000 0.025424
0 0.250000 0.369350 0.024000 0.024011
0 0.490000 0.372175 0.020000 0.026836
0 0.560000 0.371469 0.024000 0.025424
0 0.153000 0.406073 0.030000 0.026836
0 0.387000 0.407486 0.022000 0.024011
0 0.617000 0.408898 0.022000 0.021186
0 0.311000 0.498588 0.022000 0.022599
0 0.519000 0.496469 0.022000 0.021186
0 0.375000 0.547316 0.022000 0.021186
0 0.513000 0.547316 0.026000 0.024011
0 0.713000 0.622175 0.026000 0.021186
0 0.460000 0.695621 0.024000 0.024011
0 0.621000 0.694209 0.022000 0.021186
0 0.249000 0.730932 0.022000 0.021186
0 0.550000 0.769068 0.024000 0.021186
0 0.741000 0.866525 0.034000 0.024011
