0 0.415000 0.141422 0.026000 0.023184
0 0.183000 0.176971 0.026000 0.029366
0 0.342000 0.214065 0.024000 0.023184
0 0.440000 0.213292 0.024000 0.024730
0 0.538000 0.214065 0.024000 0.026275
0 0.206000 0.251159 0.024000 0.023184
0 0.403000 0.288253 0.026000 0.026275
0 0.501000 0.288253 0.026000 0.026275
0 0.686000 0.361669 0.028000 0.024730
0 0.808000 0.435858 0.024000 0.021638
0 0.662000 0.544822 0.024000 0.023184
0 0.515000 0.653014 0.026000 0.026275
0 0.416000 0.765842 0.024000 0.026275
0 0.784000 0.765070 0.024000 0.034003
0 0.405000 0.804482 0.026000 0.023184
