0 0.229000 0.101333 0.030000 0.053333
0 0.609000 0.101333 0.034000 0.042667
0 0.223000 0.220000 0.026000 0.045333
0 0.257000 0.298667 0.026000 0.042667
0 0.433000 0.298667 0.026000 0.053333
0 0.547000 0.416000 0.026000 0.042667
0 0.721000 0.417333 0.026000 0.061333
0 0.343000 0.458667 0.026000 0.042667
0 0.444000 0.462667 0.024000 0.050667
0 0.713000 0.644000 0.026000 0.040000
0 0.359000 0.689333 0.026000 0.045333
0 0.637000 0.690667 0.026000 0.042667
0 0.234000 0.782667 0.024000 0.045333
0 0.561000 0.785333 0.026000 0.045333
