0 0.463000 0.104668 0.034000 0.019802
0 0.271000 0.206506 0.022000 0.016973
0 0.686000 0.243989 0.020000 0.015559
0 0.380000 0.280057 0.020000 0.014144
0 0.315000 0.317539 0.022000 0.018388
0 0.348000 0.355021 0.020000 0.016973
0 0.250000 0.392504 0.024000 0.018388
0 0.730000 0.393211 0.020000 0.019802
0 0.248000 0.500707 0.020000 0.016973
0 0.533000 0.539604 0.018000 0.015559
0 0.686000 0.539604 0.020000 0.018388
0 0.774000 0.538190 0.020000 0.015559
0 0.729000 0.576379 0.018000 0.018388
0 0.161000 0.613154 0.022000 0.018388
0 0.467000 0.614569 0.018000 0.018388
0 0.281000 0.649929 0.022000 0.015559
0 0.434000 0.649929 0.020000 0.018388
0 0.293000 0.688826 0.022000 0.014144
0 0.578000 0.724187 0.024000 0.014144
0 0.664000 0.724894 0.020000 0.018388
0 0.159000 0.760962 0.022000 0.016973
0 0.249000 0.761669 0.018000 0.018388
0 0.467000 0.763083 0.018000 0.018388
0 0.555000 0.763083 0.022000 0.018388
0 0.315000 0.799151 0.018000 0.016973
0 0.433000 0.798444 0.018000 0.015559
0 0.587000 0.799859 0.022000 0.015559
0 0.533000 0.836634 0.022000 0.018388
0 0.576000 0.873409 0.020000 0.018388
0 0.794000 0.871994 0.020000 0.018388
