0 0.304000 0.104520 0.024000 0.019774
0 0.774000 0.103814 0.024000 0.021186
0 0.186000 0.141243 0.024000 0.019774
0 0.162000 0.252119 0.024000 0.021186
0 0.763000 0.326271 0.022000 0.019774
0 0.610000 0.362994 0.024000 0.022599
0 0.233000 0.437147 0.022000 0.024011
0 0.563000 0.512712 0.022000 0.028249
0 0.233000 0.548729 0.022000 0.021186
0 0.269000 0.622881 0.022000 0.022599
0 0.763000 0.622881 0.022000 0.022599
0 0.269000 0.733757 0.022000 0.018362
0 0.528000 0.734463 0.024000 0.019774
0 0.186000 0.770480 0.024000 0.018362
