0 0.592000 0.268362 0.020000 0.016949
0 0.487000 0.269068 0.022000 0.018362
0 0.360000 0.269774 0.020000 0.016949
0 0.319000 0.269068 0.022000 0.015537
0 0.371000 0.304379 0.018000 0.015537
0 0.204000 0.305085 0.020000 0.016949
0 0.885000 0.305791 0.022000 0.018362
0 0.177000 0.340395 0.022000 0.014124
0 0.287000 0.377825 0.022000 0.015537
0 0.906000 0.416667 0.020000 0.016949
0 0.406000 0.490819 0.020000 0.018362
0 0.218000 0.568503 0.020000 0.015537
0 0.360000 0.605932 0.020000 0.016949
0 0.240000 0.643362 0.020000 0.018362
0 0.386000 0.643362 0.020000 0.015537
0 0.533000 0.643362 0.022000 0.018362
0 0.510000 0.689266 0.020000 0.016949
0 0.517000 0.725989 0.022000 0.019774
0 0.622000 0.762712 0.020000 0.016949
0 0.323000 0.800141 0.018000 0.015537
0 0.727000 0.838277 0.022000 0.015537
0 0.176000 0.879237 0.020000 0.018362
0 0.434000 0.917373 0.020000 0.018362
0 0.726000 0.917373 0.020000 0.018362
0 0.989000 0.917373 0.022000 0.018362
