0 0.407000 0.074818 0.026000 0.029197
0 0.349000 0.172445 0.018000 0.020073
0 0.223000 0.204380 0.018000 0.021898
0 0.349000 0.204380 0.018000 0.018248
0 0.603000 0.205292 0.018000 0.020073
0 0.221000 0.236314 0.018000 0.020073
0 0.422000 0.237226 0.020000 0.021898
0 0.260000 0.269161 0.020000 0.020073
0 0.584000 0.268248 0.020000 0.018248
0 0.548000 0.364051 0.016000 0.023723
0 0.258000 0.397810 0.016000 0.021898
0 0.295000 0.526460 0.018000 0.023723
0 0.403000 0.526460 0.018000 0.020073
0 0.638000 0.526460 0.016000 0.020073
0 0.295000 0.623175 0.018000 0.020073
0 0.259000 0.654197 0.018000 0.020073
0 0.312000 0.686131 0.016000 0.021898
0 0.566000 0.687956 0.020000 0.021898
0 0.711000 0.687044 0.018000 0.023723
0 0.295000 0.750912 0.018000 0.020073
0 0.585000 0.751825 0.018000 0.021898
0 0.801000 0.750912 0.018000 0.016423
