0 0.388125 0.104682 0.036250 0.020318
0 0.347500 0.220406 0.020000 0.015018
0 0.650000 0.275618 0.020000 0.015901
0 0.560000 0.330830 0.020000 0.015018
0 0.468750 0.359099 0.020000 0.015018
0 0.631875 0.386484 0.018750 0.015018
0 0.390000 0.442138 0.020000 0.015018
0 0.366250 0.497792 0.020000 0.016784
0 0.506875 0.497792 0.018750 0.015018
0 0.567500 0.497792 0.020000 0.015018
0 0.628750 0.497350 0.020000 0.015901
0 0.326250 0.525177 0.020000 0.015018
0 0.444375 0.636484 0.018750 0.015018
0 0.325625 0.692138 0.018750 0.015018
0 0.443750 0.747792 0.020000 0.015018
0 0.323125 0.803445 0.018750 0.015018
