0 0.177000 0.181497 0.018000 0.018362
0 0.159000 0.202684 0.018000 0.015537
0 0.230000 0.288136 0.016000 0.014124
0 0.159000 0.329096 0.018000 0.014124
0 0.647000 0.371469 0.018000 0.016949
0 0.213000 0.393362 0.018000 0.012712
0 0.305000 0.394774 0.018000 0.015537
0 0.485000 0.393362 0.018000 0.015537
0 0.231000 0.414548 0.018000 0.015537
0 0.159000 0.436441 0.018000 0.016949
0 0.465000 0.457627 0.018000 0.014124
0 0.535000 0.480226 0.018000 0.016949
0 0.354000 0.500706 0.020000 0.018362
0 0.658000 0.501412 0.020000 0.016949
0 0.835000 0.478814 0.018000 0.014124
0 0.341000 0.521186 0.018000 0.014124
0 0.769000 0.521893 0.018000 0.015537
0 0.177000 0.564266 0.018000 0.015537
0 0.768000 0.564266 0.016000 0.015537
0 0.705000 0.584746 0.018000 0.016949
0 0.159000 0.606638 0.018000 0.015537
0 0.248000 0.627825 0.016000 0.015537
0 0.535000 0.649011 0.018000 0.015537
0 0.787000 0.713277 0.018000 0.016949
