0 0.319000 0.095339 0.018000 0.015537
0 0.336000 0.116525 0.020000 0.012712
0 0.636000 0.180791 0.016000 0.014124
0 0.813000 0.201977 0.018000 0.014124
0 0.672000 0.244350 0.016000 0.014124
0 0.831000 0.244350 0.018000 0.014124
0 0.671000 0.266243 0.018000 0.015537
0 0.336000 0.308616 0.016000 0.015537
0 0.283000 0.329802 0.018000 0.012712
0 0.248000 0.351695 0.016000 0.016949
0 0.654000 0.350989 0.016000 0.015537
0 0.460000 0.372881 0.016000 0.014124
0 0.177000 0.394068 0.018000 0.014124
0 0.336000 0.394068 0.016000 0.014124
0 0.495000 0.394068 0.018000 0.014124
0 0.601000 0.394774 0.018000 0.015537
0 0.300000 0.415254 0.016000 0.014124
0 0.355000 0.436441 0.018000 0.014124
0 0.511000 0.457627 0.018000 0.014124
0 0.618000 0.458333 0.016000 0.015537
0 0.249000 0.478814 0.018000 0.014124
0 0.386000 0.478814 0.016000 0.014124
0 0.213000 0.500000 0.018000 0.014124
0 0.424000 0.500706 0.016000 0.015537
0 0.495000 0.500000 0.018000 0.016949
0 0.787000 0.500706 0.018000 0.015537
0 0.307000 0.543785 0.018000 0.014124
0 0.607000 0.543079 0.018000 0.015537
0 0.784000 0.542373 0.016000 0.014124
0 0.264000 0.586158 0.016000 0.014124
0 0.419000 0.586158 0.018000 0.016949
0 0.230000 0.628531 0.016000 0.014124
0 0.477000 0.628531 0.018000 0.014124
0 0.230000 0.649718 0.016000 0.014124
0 0.424000 0.649718 0.016000 0.014124
0 0.477000 0.649718 0.018000 0.014124
0 0.583000 0.650424 0.018000 0.015537
0 0.635000 0.649718 0.018000 0.014124
0 0.495000 0.671610 0.018000 0.015537
0 0.495000 0.713277 0.018000 0.014124
0 0.707000 0.713277 0.018000 0.014124
0 0.827000 0.754944 0.018000 0.015537
0 0.319000 0.799435 0.018000 0.014124
0 0.248000 0.819209 0.020000 0.014124
0 0.283000 0.841102 0.018000 0.015537
0 0.761000 0.841102 0.018000 0.015537
0 0.804000 0.884181 0.016000 0.014124
0 0.581000 0.904661 0.018000 0.015537
0 0.813000 0.266243 0.018000 0.015537
