0 0.613000 0.097458 0.030000 0.025424
0 0.516000 0.126412 0.024000 0.021186
0 0.750000 0.126412 0.024000 0.018362
0 0.352000 0.152542 0.024000 0.019774
0 0.586000 0.151836 0.024000 0.021186
0 0.704000 0.179379 0.024000 0.022599
0 0.491000 0.204802 0.022000 0.019774
0 0.752000 0.205508 0.024000 0.021186
0 0.421000 0.230226 0.022000 0.022599
0 0.232000 0.307910 0.024000 0.019774
0 0.515000 0.337571 0.026000 0.022599
0 0.587000 0.386299 0.026000 0.021186
0 0.398000 0.412429 0.024000 0.019774
0 0.680000 0.414548 0.024000 0.021186
0 0.185000 0.438559 0.022000 0.021186
0 0.292000 0.491525 0.024000 0.019774
0 0.586000 0.518362 0.024000 0.019774
0 0.351000 0.543079 0.026000 0.018362
0 0.256000 0.569209 0.024000 0.019774
0 0.774000 0.596045 0.024000 0.019774
0 0.328000 0.622881 0.024000 0.019774
0 0.515000 0.622175 0.026000 0.021186
0 0.751000 0.624294 0.022000 0.022599
0 0.374000 0.649011 0.024000 0.024011
0 0.353000 0.725989 0.026000 0.019774
0 0.161000 0.752119 0.026000 0.021186
0 0.233000 0.804379 0.026000 0.021186
0 0.280000 0.830508 0.024000 0.019774
