0 0.500000 0.093927 0.020000 0.021186
0 0.570000 0.096045 0.020000 0.022599
0 0.309000 0.192797 0.018000 0.021186
0 0.397000 0.191384 0.018000 0.024011
0 0.211000 0.235876 0.018000 0.019774
0 0.477000 0.235169 0.018000 0.021186
0 0.759000 0.235876 0.018000 0.019774
0 0.353000 0.256356 0.018000 0.021186
0 0.582000 0.256356 0.020000 0.018362
0 0.689000 0.255650 0.018000 0.016949
0 0.371000 0.278249 0.018000 0.019774
0 0.582000 0.278249 0.020000 0.019774
0 0.405000 0.298023 0.018000 0.019774
0 0.353000 0.341102 0.018000 0.021186
0 0.651000 0.341808 0.018000 0.019774
0 0.265000 0.384181 0.018000 0.022599
0 0.281000 0.406073 0.018000 0.018362
0 0.692000 0.427260 0.020000 0.021186
0 0.212000 0.449153 0.020000 0.019774
0 0.423000 0.470339 0.018000 0.019774
0 0.547000 0.468927 0.018000 0.019774
0 0.671000 0.468927 0.018000 0.019774
0 0.741000 0.490113 0.018000 0.022599
0 0.741000 0.533898 0.018000 0.019774
0 0.733000 0.574859 0.018000 0.028249
0 0.424000 0.618644 0.020000 0.016949
0 0.636000 0.640537 0.020000 0.021186
0 0.794000 0.640537 0.020000 0.021186
0 0.283000 0.661017 0.018000 0.016949
0 0.494000 0.683616 0.020000 0.022599
0 0.247000 0.705508 0.018000 0.018362
0 0.565000 0.704096 0.018000 0.021186
0 0.318000 0.725989 0.020000 0.019774
0 0.829000 0.725282 0.018000 0.018362
0 0.803000 0.766949 0.018000 0.016949
0 0.530000 0.788842 0.020000 0.021186
0 0.353000 0.811441 0.018000 0.021186
0 0.546000 0.812147 0.020000 0.019774
0 0.247000 0.833333 0.018000 0.022599
0 0.388000 0.832627 0.020000 0.018362
0 0.301000 0.853107 0.018000 0.019774
0 0.230000 0.875000 0.020000 0.021186
0 0.406000 0.874294 0.020000 0.019774
0 0.494000 0.875000 0.020000 0.024011
0 0.406000 0.896893 0.020000 0.019774
0 0.565000 0.896186 0.018000 0.015537
