0 0.247000 0.139831 0.018000 0.016949
0 0.424000 0.138418 0.016000 0.014124
0 0.477000 0.137712 0.018000 0.015537
0 0.724000 0.139124 0.016000 0.015537
0 0.231000 0.159605 0.018000 0.014124
0 0.390000 0.159605 0.020000 0.016949
0 0.513000 0.161017 0.018000 0.016949
0 0.689000 0.159605 0.018000 0.014124
0 0.832000 0.181497 0.020000 0.015537
0 0.442000 0.202684 0.016000 0.015537
0 0.707000 0.202684 0.018000 0.015537
0 0.441000 0.223870 0.018000 0.015537
0 0.512000 0.223870 0.016000 0.015537
0 0.831000 0.223870 0.018000 0.015537
0 0.563000 0.246469 0.018000 0.015537
0 0.212000 0.266949 0.016000 0.016949
0 0.556000 0.266243 0.016000 0.015537
0 0.230000 0.287429 0.016000 0.015537
0 0.284000 0.288842 0.020000 0.015537
0 0.353000 0.288842 0.018000 0.018362
0 0.160000 0.309322 0.020000 0.016949
0 0.443000 0.310734 0.018000 0.016949
0 0.292000 0.372881 0.016000 0.014124
0 0.265000 0.436441 0.018000 0.014124
0 0.443000 0.436441 0.018000 0.014124
0 0.495000 0.436441 0.018000 0.016949
0 0.195000 0.457627 0.018000 0.014124
0 0.477000 0.480226 0.018000 0.016949
0 0.566000 0.478814 0.016000 0.014124
0 0.618000 0.480226 0.016000 0.014124
0 0.831000 0.480226 0.022000 0.014124
0 0.301000 0.500000 0.018000 0.014124
0 0.301000 0.521893 0.018000 0.015537
0 0.460000 0.521893 0.020000 0.015537
0 0.230000 0.564972 0.016000 0.016949
0 0.491000 0.649718 0.018000 0.016949
0 0.309000 0.713277 0.018000 0.016949
0 0.354000 0.777542 0.016000 0.015537
0 0.373000 0.799435 0.018000 0.016949
0 0.724000 0.798729 0.016000 0.015537
0 0.795000 0.820621 0.018000 0.016949
0 0.213000 0.883475 0.018000 0.018362
0 0.619000 0.884181 0.018000 0.014124
0 0.301000 0.905367 0.018000 0.016949
0 0.583000 0.819915 0.018000 0.015537
