0 0.768000 0.102623 0.020000 0.023148
0 0.345000 0.185185 0.022000 0.021605
0 0.436000 0.236883 0.020000 0.023148
0 0.642000 0.235340 0.024000 0.020062
0 0.699000 0.285494 0.022000 0.021605
0 0.403000 0.334105 0.022000 0.020062
0 0.791000 0.334105 0.022000 0.020062
0 0.780000 0.383488 0.024000 0.020062
0 0.204000 0.452932 0.020000 0.020062
0 0.514000 0.418981 0.020000 0.023148
0 0.379000 0.502315 0.022000 0.020062
0 0.723000 0.502315 0.022000 0.020062
0 0.318000 0.535494 0.020000 0.021605
0 0.277000 0.586420 0.022000 0.021605
0 0.483000 0.636574 0.022000 0.020062
0 0.227000 0.669753 0.022000 0.021605
0 0.387000 0.669753 0.022000 0.021605
0 0.777000 0.671296 0.022000 0.021605
0 0.479000 0.704475 0.022000 0.020062
0 0.653000 0.853395 0.022000 0.021605
