0 0.275000 0.354447 0.022000 0.035040
0 0.328000 0.357143 0.024000 0.035040
0 0.812000 0.358491 0.024000 0.043127
0 0.324000 0.711590 0.024000 0.043127
0 0.381000 0.715633 0.022000 0.040431
0 0.233000 0.811321 0.018000 0.021563
0 0.617000 0.815364 0.018000 0.029650
0 0.256000 0.861186 0.016000 0.024259
0 0.438000 0.863881 0.016000 0.024259
0 0.612000 0.863881 0.016000 0.024259
0 0.367000 0.904313 0.018000 0.024259
0 0.499000 0.907008 0.014000 0.024259
0 0.415000 0.981132 0.014000 0.021563
0 0.648000 0.944744 0.016000 0.018868
0 0.845000 0.902965 0.014000 0.021563
0 0.281000 0.770889 0.014000 0.026954
0 0.445000 0.985175 0.018000 0.024259
