0 0.458000 0.097938 0.016000 0.013255
0 0.295000 0.116348 0.018000 0.014728
0 0.168000 0.153903 0.016000 0.016200
0 0.313000 0.190722 0.018000 0.016200
0 0.458000 0.190722 0.016000 0.013255
0 0.136000 0.227541 0.016000 0.013255
0 0.299000 0.246686 0.018000 0.013255
0 0.103000 0.265832 0.018000 0.013255
0 0.376000 0.264359 0.016000 0.016200
0 0.442000 0.264359 0.016000 0.013255
0 0.200000 0.282769 0.016000 0.014728
0 0.344000 0.283505 0.016000 0.013255
0 0.201000 0.321060 0.014000 0.014728
0 0.332000 0.357879 0.016000 0.014728
0 0.380000 0.377025 0.016000 0.014728
0 0.218000 0.395434 0.016000 0.013255
0 0.316000 0.413108 0.016000 0.013255
0 0.103000 0.450663 0.018000 0.014728
0 0.360000 0.449926 0.016000 0.013255
0 0.222000 0.468336 0.016000 0.014728
0 0.197000 0.487482 0.018000 0.014728
0 0.458000 0.488218 0.016000 0.013255
0 0.393000 0.524300 0.018000 0.011782
0 0.168000 0.543446 0.016000 0.011782
0 0.264000 0.542710 0.016000 0.013255
0 0.201000 0.561856 0.018000 0.013255
0 0.377000 0.561856 0.018000 0.013255
0 0.249000 0.580265 0.018000 0.014728
0 0.136000 0.599411 0.016000 0.014728
0 0.230000 0.598675 0.016000 0.013255
0 0.458000 0.598675 0.016000 0.013255
0 0.346000 0.617084 0.016000 0.014728
0 0.197000 0.636230 0.018000 0.014728
0 0.278000 0.636230 0.016000 0.014728
0 0.360000 0.636230 0.016000 0.014728
0 0.425000 0.636230 0.018000 0.014728
0 0.267000 0.653903 0.018000 0.014728
0 0.119000 0.691458 0.018000 0.013255
0 0.364000 0.692194 0.016000 0.014728
0 0.168000 0.709867 0.016000 0.014728
0 0.332000 0.709867 0.016000 0.014728
0 0.119000 0.728277 0.018000 0.016200
0 0.266000 0.729013 0.016000 0.014728
0 0.376000 0.748159 0.016000 0.014728
0 0.459000 0.766568 0.018000 0.013255
0 0.344000 0.784978 0.016000 0.014728
0 0.393000 0.802651 0.018000 0.014728
0 0.180000 0.840206 0.016000 0.013255
0 0.179000 0.877025 0.018000 0.013255
0 0.664000 0.097938 0.016000 0.013255
0 0.742000 0.097938 0.016000 0.013255
0 0.602000 0.153903 0.016000 0.013255
0 0.711000 0.172312 0.018000 0.014728
0 0.778000 0.172312 0.016000 0.014728
0 0.619000 0.209131 0.018000 0.011782
0 0.609000 0.273932 0.022000 0.017673
0 0.607000 0.301915 0.018000 0.014728
0 0.688000 0.302651 0.016000 0.013255
0 0.650000 0.357879 0.016000 0.014728
0 0.831000 0.358616 0.018000 0.016200
0 0.591000 0.394698 0.018000 0.014728
0 0.755000 0.413108 0.018000 0.013255
0 0.588000 0.579529 0.016000 0.013255
0 0.734000 0.580265 0.016000 0.014728
0 0.783000 0.580265 0.018000 0.014728
0 0.848000 0.580265 0.016000 0.014728
0 0.678000 0.617084 0.020000 0.014728
0 0.745000 0.617084 0.018000 0.014728
0 0.571000 0.635493 0.018000 0.016200
0 0.543000 0.653903 0.018000 0.014728
0 0.702000 0.653903 0.016000 0.014728
0 0.815000 0.654639 0.018000 0.013255
0 0.720000 0.673049 0.016000 0.014728
0 0.881000 0.673049 0.018000 0.014728
0 0.576000 0.711340 0.020000 0.014728
0 0.661000 0.709867 0.018000 0.014728
0 0.812000 0.709867 0.016000 0.014728
0 0.525000 0.728277 0.018000 0.013255
0 0.666000 0.765832 0.016000 0.014728
0 0.731000 0.765832 0.018000 0.014728
0 0.898000 0.766568 0.016000 0.016200
0 0.575000 0.802651 0.018000 0.014728
0 0.656000 0.802651 0.016000 0.014728
0 0.577000 0.821797 0.018000 0.014728
0 0.796000 0.821797 0.016000 0.014728
0 0.623000 0.840206 0.018000 0.013255
0 0.672000 0.858616 0.016000 0.014728
0 0.640000 0.877025 0.016000 0.013255
