0 0.298000 0.094633 0.020000 0.016949
0 0.380000 0.113701 0.020000 0.015537
0 0.480000 0.114407 0.020000 0.016949
0 0.662000 0.113701 0.020000 0.018362
0 0.238000 0.113701 0.020000 0.015537
0 0.278000 0.132062 0.020000 0.015537
0 0.298000 0.168079 0.020000 0.016949
0 0.622000 0.206215 0.020000 0.016949
0 0.197000 0.223870 0.026000 0.018362
0 0.238000 0.261299 0.020000 0.016949
0 0.642000 0.261299 0.020000 0.016949
0 0.298000 0.391243 0.020000 0.016949
0 0.722000 0.409605 0.020000 0.016949
0 0.520000 0.446328 0.020000 0.016949
0 0.339000 0.502119 0.022000 0.015537
0 0.782000 0.502119 0.020000 0.015537
0 0.379000 0.539548 0.022000 0.016949
0 0.722000 0.575565 0.020000 0.015537
0 0.339000 0.612994 0.022000 0.016949
0 0.520000 0.669492 0.020000 0.016949
0 0.197000 0.687853 0.022000 0.016949
0 0.500000 0.687853 0.020000 0.016949
0 0.420000 0.723870 0.020000 0.015537
