0 0.460000 0.103814 0.024000 0.024011
0 0.704000 0.142655 0.028000 0.022599
0 0.496000 0.178672 0.024000 0.021186
0 0.272000 0.214689 0.024000 0.019774
0 0.754000 0.362994 0.024000 0.022599
0 0.514000 0.400424 0.024000 0.021186
0 0.782000 0.400424 0.024000 0.026836
0 0.326000 0.437853 0.024000 0.022599
0 0.619000 0.437853 0.026000 0.022599
0 0.326000 0.473870 0.024000 0.018362
0 0.727000 0.474576 0.026000 0.022599
0 0.539000 0.511299 0.026000 0.019774
0 0.674000 0.550141 0.028000 0.024011
0 0.379000 0.585452 0.022000 0.021186
0 0.755000 0.585452 0.026000 0.021186
0 0.539000 0.622175 0.026000 0.024011
0 0.782000 0.622881 0.024000 0.019774
0 0.540000 0.658898 0.024000 0.024011
0 0.218000 0.698446 0.028000 0.024011
0 0.836000 0.697740 0.028000 0.019774
0 0.728000 0.771893 0.024000 0.024011
0 0.540000 0.809322 0.028000 0.022599
0 0.568000 0.882062 0.024000 0.021186
