0 0.178000 0.076271 0.020000 0.016949
0 0.460000 0.160311 0.020000 0.018362
0 0.702000 0.158898 0.020000 0.018362
0 0.864000 0.216102 0.020000 0.016949
0 0.359000 0.242938 0.018000 0.016949
0 0.642000 0.242232 0.020000 0.015537
0 0.460000 0.325565 0.020000 0.018362
0 0.217000 0.353814 0.018000 0.018362
0 0.480000 0.353107 0.020000 0.016949
0 0.743000 0.380650 0.018000 0.018362
0 0.217000 0.407486 0.018000 0.018362
0 0.257000 0.436441 0.018000 0.019774
0 0.722000 0.463983 0.020000 0.015537
0 0.682000 0.491525 0.020000 0.019774
0 0.217000 0.601695 0.018000 0.016949
0 0.461000 0.686441 0.018000 0.016949
0 0.419000 0.740819 0.018000 0.015537
