0 0.485000 0.131356 0.030000 0.022599
0 0.433000 0.275424 0.022000 0.016949
0 0.575000 0.276836 0.022000 0.016949
0 0.635000 0.276130 0.018000 0.015537
0 0.163000 0.303672 0.018000 0.016949
0 0.283000 0.340395 0.022000 0.016949
0 0.443000 0.419492 0.026000 0.019774
0 0.294000 0.470339 0.020000 0.014124
0 0.738000 0.470339 0.020000 0.016949
0 0.284000 0.497881 0.020000 0.015537
0 0.308000 0.536017 0.020000 0.015537
0 0.406000 0.572034 0.020000 0.016949
0 0.506000 0.609463 0.020000 0.015537
0 0.285000 0.647599 0.022000 0.018362
0 0.426000 0.646893 0.020000 0.019774
0 0.365000 0.683616 0.022000 0.016949
0 0.336000 0.721045 0.020000 0.018362
0 0.405000 0.757768 0.022000 0.015537
0 0.426000 0.794492 0.020000 0.015537
0 0.466000 0.832627 0.020000 0.018362
0 0.497000 0.882768 0.026000 0.022599
0 0.648000 0.883475 0.024000 0.024011
