0 0.390000 0.023364 0.024000 0.024922
0 0.881000 0.024922 0.026000 0.024922
0 0.272000 0.060748 0.024000 0.021807
0 0.286000 0.172118 0.028000 0.029595
0 0.287000 0.208723 0.026000 0.028037
0 0.480000 0.241433 0.024000 0.024922
0 0.298000 0.290498 0.024000 0.026480
0 0.443000 0.290498 0.026000 0.026480
0 0.778000 0.291277 0.028000 0.028037
0 0.255000 0.415109 0.030000 0.026480
0 0.304000 0.444704 0.024000 0.029595
0 0.272000 0.563084 0.024000 0.026480
0 0.721000 0.563863 0.030000 0.028037
0 0.198000 0.599688 0.024000 0.024922
0 0.618000 0.599688 0.024000 0.028037
0 0.248000 0.751558 0.024000 0.026480
0 0.393000 0.750000 0.026000 0.023364
0 0.717000 0.752336 0.026000 0.024922
0 0.497000 0.509346 0.026000 0.028037
