0 0.139000 0.112022 0.014000 0.027322
0 0.139000 0.319672 0.018000 0.027322
0 0.141000 0.486339 0.018000 0.032787
0 0.139000 0.968579 0.018000 0.030055
0 0.245000 0.920765 0.018000 0.038251
0 0.277000 0.881148 0.018000 0.030055
0 0.277000 0.834699 0.018000 0.035519
0 0.171000 0.792350 0.018000 0.032787
0 0.194000 0.747268 0.016000 0.035519
0 0.326000 0.703552 0.020000 0.035519
0 0.195000 0.658470 0.018000 0.032787
0 0.287000 0.618852 0.018000 0.030055
0 0.228000 0.569672 0.020000 0.035519
0 0.310000 0.524590 0.020000 0.038251
0 0.330000 0.360656 0.016000 0.032787
0 0.391000 0.239071 0.018000 0.035519
0 0.276000 0.195355 0.016000 0.030055
0 0.359000 0.153005 0.018000 0.027322
0 0.195000 0.064208 0.018000 0.035519
0 0.244000 0.021858 0.020000 0.032787
0 0.715000 0.263661 0.018000 0.030055
0 0.979000 0.265027 0.022000 0.027322
0 0.748000 0.372951 0.020000 0.035519
0 0.708000 0.415301 0.016000 0.027322
0 0.855000 0.415301 0.018000 0.032787
0 0.858000 0.621585 0.020000 0.030055
0 0.667000 0.658470 0.018000 0.027322
0 0.651000 0.732240 0.018000 0.032787
0 0.813000 0.734973 0.018000 0.038251
0 0.985000 0.775956 0.018000 0.038251
0 0.782000 0.808743 0.016000 0.027322
0 0.765000 0.887978 0.018000 0.027322
0 0.830000 0.885246 0.016000 0.032787
0 0.667000 0.961749 0.018000 0.032787
0 0.069000 0.687158 0.018000 0.030055
0 0.790000 0.775956 0.016000 0.027322
