0 0.500000 0.069209 0.024000 0.019774
0 0.725000 0.185028 0.018000 0.016949
0 0.601000 0.212571 0.018000 0.015537
0 0.247000 0.239407 0.018000 0.015537
0 0.557000 0.269068 0.018000 0.015537
0 0.451000 0.324153 0.018000 0.018362
0 0.247000 0.490113 0.018000 0.016949
0 0.583000 0.519068 0.018000 0.015537
0 0.725000 0.518362 0.018000 0.016949
0 0.433000 0.768362 0.018000 0.014124
0 0.681000 0.767655 0.018000 0.015537
0 0.672000 0.824153 0.020000 0.015537
0 0.795000 0.823446 0.018000 0.016949
0 0.248000 0.850989 0.016000 0.015537
0 0.584000 0.852401 0.016000 0.018362
0 0.732000 0.935028 0.016000 0.014124
