0 0.272000 0.106638 0.024000 0.021186
0 0.634000 0.108757 0.020000 0.028249
0 0.573000 0.105932 0.022000 0.019774
0 0.775000 0.106638 0.022000 0.024011
0 0.836000 0.107345 0.020000 0.033898
0 0.200000 0.161723 0.020000 0.024011
0 0.544000 0.162429 0.020000 0.022599
0 0.231000 0.228107 0.022000 0.024011
0 0.796000 0.365819 0.020000 0.022599
0 0.452000 0.504237 0.020000 0.025424
0 0.776000 0.504944 0.020000 0.021186
0 0.220000 0.532486 0.020000 0.019774
0 0.220000 0.561441 0.020000 0.021186
0 0.260000 0.588277 0.020000 0.021186
0 0.322000 0.588277 0.020000 0.021186
0 0.311000 0.616525 0.022000 0.021186
0 0.503000 0.615819 0.018000 0.019774
0 0.230000 0.728107 0.020000 0.021186
0 0.291000 0.728107 0.018000 0.021186
0 0.614000 0.840395 0.020000 0.019774
0 0.224000 0.811441 0.024000 0.021186
0 0.192000 0.838983 0.020000 0.014124
