0 0.588000 0.104938 0.028000 0.024691
0 0.535000 0.135802 0.030000 0.024691
0 0.330000 0.236111 0.020000 0.018519
0 0.388000 0.236111 0.020000 0.018519
0 0.594000 0.283951 0.020000 0.018519
0 0.653000 0.284722 0.018000 0.016975
0 0.330000 0.333333 0.020000 0.018519
0 0.506000 0.332562 0.020000 0.016975
0 0.634000 0.428241 0.020000 0.016975
0 0.634000 0.476852 0.020000 0.018519
0 0.290000 0.572531 0.020000 0.021605
0 0.329000 0.621142 0.022000 0.020062
0 0.506000 0.620370 0.020000 0.018519
0 0.358000 0.717593 0.024000 0.018519
0 0.456000 0.716821 0.020000 0.020062
0 0.291000 0.764660 0.022000 0.020062
0 0.467000 0.811728 0.022000 0.018519
