0 0.567000 0.104520 0.026000 0.025424
0 0.492000 0.215395 0.024000 0.018362
0 0.586000 0.214689 0.024000 0.016949
0 0.728000 0.213983 0.024000 0.018362
0 0.822000 0.214689 0.024000 0.016949
0 0.421000 0.252119 0.022000 0.018362
0 0.445000 0.289548 0.022000 0.019774
0 0.657000 0.290254 0.022000 0.018362
0 0.257000 0.326271 0.022000 0.016949
0 0.727000 0.326271 0.022000 0.016949
0 0.280000 0.436441 0.024000 0.016949
0 0.398000 0.437853 0.024000 0.019774
0 0.398000 0.511299 0.024000 0.019774
0 0.186000 0.547316 0.024000 0.018362
0 0.280000 0.621469 0.024000 0.016949
0 0.162000 0.658898 0.024000 0.018362
0 0.281000 0.658898 0.022000 0.018362
0 0.279000 0.733757 0.022000 0.018362
0 0.586000 0.733757 0.024000 0.018362
0 0.445000 0.770480 0.022000 0.018362
0 0.516000 0.770480 0.024000 0.018362
0 0.445000 0.807203 0.022000 0.018362
