0 0.595000 0.314972 0.026000 0.019774
0 0.754000 0.375706 0.024000 0.019774
0 0.648000 0.404661 0.024000 0.021186
0 0.661000 0.434322 0.022000 0.021186
0 0.862000 0.492232 0.024000 0.021186
0 0.216000 0.522599 0.024000 0.019774
0 0.350000 0.524011 0.024000 0.019774
0 0.433000 0.522599 0.026000 0.019774
0 0.486000 0.612288 0.024000 0.018362
0 0.244000 0.641949 0.024000 0.021186
0 0.593000 0.671610 0.026000 0.021186
0 0.567000 0.701271 0.026000 0.021186
0 0.863000 0.700565 0.026000 0.019774
0 0.487000 0.760593 0.022000 0.018362
0 0.700000 0.819915 0.024000 0.021186
0 0.189000 0.848870 0.026000 0.022599
0 0.513000 0.850282 0.022000 0.019774
