0 0.172000 0.077684 0.024000 0.022599
0 0.365000 0.130650 0.022000 0.018362
0 0.361000 0.157486 0.022000 0.021186
0 0.220000 0.184322 0.024000 0.018362
0 0.402000 0.185028 0.024000 0.019774
0 0.521000 0.184322 0.022000 0.018362
0 0.738000 0.184322 0.024000 0.018362
0 0.248000 0.210452 0.024000 0.019774
0 0.362000 0.236582 0.024000 0.018362
0 0.590000 0.290254 0.024000 0.021186
0 0.866000 0.289548 0.024000 0.019774
0 0.148000 0.315678 0.024000 0.018362
0 0.313000 0.341808 0.022000 0.019774
0 0.830000 0.341808 0.024000 0.019774
0 0.386000 0.497175 0.024000 0.019774
0 0.726000 0.523305 0.024000 0.021186
0 0.723000 0.550847 0.022000 0.019774
0 0.434000 0.604520 0.024000 0.019774
0 0.172000 0.632062 0.024000 0.018362
0 0.333000 0.658898 0.022000 0.021186
0 0.789000 0.685028 0.022000 0.022599
0 0.284000 0.737288 0.024000 0.019774
0 0.638000 0.791667 0.024000 0.021186
0 0.197000 0.819915 0.022000 0.018362
0 0.558000 0.819209 0.024000 0.019774
0 0.518000 0.846751 0.024000 0.018362
