0 0.281000 0.093927 0.022000 0.018362
0 0.474000 0.093220 0.020000 0.019774
0 0.669000 0.093220 0.022000 0.019774
0 0.261000 0.149718 0.022000 0.016949
0 0.261000 0.167373 0.022000 0.018362
0 0.261000 0.187147 0.022000 0.018362
0 0.367000 0.185028 0.022000 0.019774
0 0.517000 0.186441 0.022000 0.019774
0 0.550000 0.204802 0.024000 0.016949
0 0.225000 0.224576 0.022000 0.016949
0 0.260000 0.241525 0.020000 0.016949
0 0.261000 0.260593 0.022000 0.018362
0 0.303000 0.278249 0.022000 0.019774
0 0.367000 0.279661 0.022000 0.019774
0 0.315000 0.298023 0.022000 0.019774
0 0.400000 0.370763 0.020000 0.024011
0 0.744000 0.372175 0.024000 0.021186
0 0.315000 0.427260 0.022000 0.018362
0 0.389000 0.502119 0.022000 0.018362
0 0.314000 0.520480 0.020000 0.018362
0 0.236000 0.538136 0.028000 0.019774
0 0.236000 0.557910 0.028000 0.016949
0 0.240000 0.575565 0.024000 0.021186
0 0.319000 0.555791 0.022000 0.021186
0 0.394000 0.575565 0.024000 0.018362
0 0.314000 0.593927 0.020000 0.018362
0 0.304000 0.649718 0.020000 0.019774
0 0.316000 0.669492 0.024000 0.019774
0 0.575000 0.724576 0.022000 0.019774
0 0.247000 0.742232 0.022000 0.018362
0 0.766000 0.779661 0.020000 0.019774
0 0.303000 0.815678 0.022000 0.021186
0 0.345000 0.834746 0.022000 0.019774
0 0.667000 0.853107 0.022000 0.022599
0 0.315000 0.872175 0.022000 0.018362
