0 0.806000 0.105226 0.016000 0.024011
0 0.344000 0.194209 0.020000 0.021186
0 0.252000 0.236582 0.020000 0.024011
0 0.473000 0.238701 0.018000 0.025424
0 0.639000 0.280367 0.018000 0.021186
0 0.492000 0.326271 0.020000 0.022599
0 0.194000 0.411723 0.020000 0.024011
0 0.566000 0.413136 0.020000 0.024011
0 0.696000 0.411017 0.020000 0.022599
0 0.215000 0.453390 0.018000 0.022599
0 0.584000 0.454096 0.020000 0.021186
0 0.176000 0.541667 0.020000 0.021186
0 0.731000 0.540960 0.022000 0.022599
0 0.308000 0.586158 0.020000 0.019774
0 0.696000 0.586158 0.020000 0.019774
0 0.177000 0.627825 0.018000 0.021186
0 0.789000 0.630650 0.022000 0.018362
0 0.362000 0.718220 0.020000 0.021186
0 0.252000 0.759887 0.020000 0.022599
0 0.436000 0.760593 0.020000 0.021186
0 0.326000 0.802966 0.020000 0.021186
0 0.769000 0.805791 0.022000 0.024011
0 0.197000 0.850282 0.018000 0.022599
0 0.270000 0.848164 0.020000 0.024011
0 0.770000 0.891949 0.020000 0.024011
