0 0.439000 0.052463 0.050000 0.010154
0 0.225000 0.145920 0.022000 0.005265
0 0.559000 0.145355 0.022000 0.005641
0 0.200000 0.155510 0.020000 0.004137
0 0.290000 0.155134 0.016000 0.004137
0 0.078000 0.160587 0.016000 0.005265
0 0.168000 0.160399 0.016000 0.004889
0 0.302000 0.160587 0.016000 0.003761
0 0.111000 0.175254 0.018000 0.004513
0 0.603000 0.217187 0.022000 0.004889
0 0.173000 0.227529 0.018000 0.005265
0 0.699000 0.230538 0.018000 0.004513
0 0.772000 0.235803 0.020000 0.004513
0 0.623000 0.250658 0.018000 0.004889
0 0.220000 0.286762 0.028000 0.005641
0 0.808000 0.301993 0.016000 0.003761
0 0.702000 0.317789 0.016000 0.004513
0 0.613000 0.317977 0.018000 0.004137
0 0.790000 0.322490 0.016000 0.004889
0 0.686000 0.327755 0.016000 0.004137
0 0.671000 0.357277 0.022000 0.005265
0 0.169000 0.367619 0.018000 0.004137
0 0.289000 0.379842 0.018000 0.004513
0 0.288000 0.391501 0.016000 0.005265
0 0.673000 0.367055 0.022000 0.005265
0 0.612000 0.371756 0.016000 0.004137
0 0.597000 0.376645 0.018000 0.005641
0 0.657000 0.387740 0.018000 0.004513
0 0.896000 0.392441 0.020000 0.004137
0 0.791000 0.397518 0.022000 0.004513
0 0.175000 0.427792 0.022000 0.004889
0 0.145000 0.437947 0.014000 0.003385
0 0.205000 0.443024 0.022000 0.004513
0 0.278000 0.448101 0.016000 0.004137
0 0.367000 0.453554 0.018000 0.005265
0 0.791000 0.448101 0.026000 0.007146
0 0.085000 0.497932 0.026000 0.005265
0 0.576000 0.497932 0.028000 0.005265
0 0.081000 0.568635 0.030000 0.006017
0 0.578000 0.568259 0.024000 0.006017
0 0.212000 0.516548 0.016000 0.003385
0 0.433000 0.516924 0.018000 0.004889
0 0.404000 0.526702 0.016000 0.004889
0 0.359000 0.531967 0.014000 0.004137
0 0.687000 0.510530 0.018000 0.004889
0 0.802000 0.516360 0.016000 0.005265
0 0.877000 0.516171 0.018000 0.004889
0 0.541000 0.521061 0.018000 0.004137
0 0.637000 0.520873 0.018000 0.004513
0 0.771000 0.520873 0.014000 0.004513
0 0.613000 0.531591 0.014000 0.004137
0 0.604000 0.588567 0.016000 0.003761
0 0.621000 0.594020 0.014000 0.004889
0 0.961000 0.604551 0.018000 0.004889
0 0.604000 0.610004 0.020000 0.004513
0 0.079000 0.637834 0.026000 0.005265
0 0.579000 0.638962 0.030000 0.006017
0 0.269000 0.666792 0.018000 0.003761
0 0.238000 0.671681 0.016000 0.004513
0 0.343000 0.672057 0.018000 0.004513
0 0.164000 0.676570 0.016000 0.003761
0 0.156000 0.650809 0.016000 0.004137
0 0.650000 0.648364 0.016000 0.004513
0 0.083000 0.709101 0.030000 0.004889
0 0.582000 0.708913 0.028000 0.006017
0 0.655000 0.719631 0.022000 0.004889
0 0.570000 0.660587 0.020000 0.004889
0 0.674000 0.660587 0.016000 0.004889
0 0.928000 0.660963 0.016000 0.004889
0 0.659000 0.681083 0.018000 0.004513
0 0.899000 0.681271 0.018000 0.004889
0 0.525000 0.691237 0.018000 0.004513
0 0.078000 0.849379 0.028000 0.005641
0 0.577000 0.849944 0.022000 0.006017
