0 0.443000 0.106638 0.026000 0.021186
0 0.251000 0.159605 0.018000 0.014124
0 0.796000 0.160311 0.020000 0.018362
0 0.231000 0.237994 0.018000 0.018362
0 0.530000 0.264124 0.020000 0.016949
0 0.146000 0.290960 0.020000 0.016949
0 0.448000 0.290254 0.020000 0.015537
0 0.550000 0.290254 0.020000 0.018362
0 0.784000 0.343220 0.020000 0.016949
0 0.588000 0.369350 0.020000 0.015537
0 0.247000 0.473164 0.018000 0.016949
0 0.262000 0.899011 0.020000 0.018362
0 0.273000 0.497175 0.018000 0.014124
0 0.374000 0.498588 0.020000 0.014124
0 0.817000 0.498588 0.018000 0.016949
0 0.232000 0.523305 0.020000 0.015537
0 0.797000 0.523305 0.022000 0.018362
0 0.192000 0.548023 0.020000 0.016949
0 0.818000 0.548729 0.020000 0.015537
0 0.292000 0.573446 0.020000 0.016949
0 0.494000 0.573446 0.020000 0.016949
0 0.777000 0.647599 0.018000 0.018362
0 0.796000 0.672316 0.016000 0.014124
0 0.592000 0.697740 0.016000 0.014124
0 0.432000 0.723164 0.020000 0.016949
0 0.797000 0.748588 0.018000 0.016949
0 0.333000 0.771893 0.018000 0.015537
0 0.373000 0.797316 0.018000 0.015537
0 0.434000 0.822740 0.020000 0.015537
0 0.494000 0.847458 0.020000 0.016949
0 0.696000 0.846751 0.020000 0.015537
0 0.898000 0.848164 0.020000 0.018362
