0 0.365333 0.126519 0.016000 0.014365
0 0.526000 0.128177 0.017333 0.015470
0 0.653333 0.127072 0.016000 0.015470
0 0.797333 0.127072 0.016000 0.013260
0 0.628000 0.182320 0.016000 0.013260
0 0.628000 0.206077 0.016000 0.012155
0 0.628667 0.229282 0.017333 0.014365
0 0.628000 0.251934 0.016000 0.013260
0 0.628000 0.275691 0.016000 0.014365
0 0.628000 0.298895 0.016000 0.014365
0 0.628000 0.320994 0.016000 0.014365
0 0.259333 0.182320 0.017333 0.013260
0 0.290667 0.204972 0.016000 0.014365
0 0.323333 0.228729 0.017333 0.013260
0 0.322667 0.251934 0.016000 0.013260
0 0.259333 0.275691 0.017333 0.014365
0 0.258667 0.298895 0.016000 0.014365
0 0.258667 0.322099 0.016000 0.012155
0 0.259333 0.344751 0.017333 0.013260
0 0.259333 0.367403 0.017333 0.014365
0 0.258667 0.392265 0.016000 0.017680
0 0.290667 0.414365 0.016000 0.013260
0 0.291333 0.437569 0.017333 0.013260
0 0.628667 0.345304 0.017333 0.014365
0 0.628667 0.368508 0.017333 0.014365
0 0.628000 0.391713 0.016000 0.014365
0 0.628000 0.414365 0.016000 0.013260
0 0.661333 0.438674 0.016000 0.013260
0 0.259333 0.555801 0.017333 0.013260
0 0.258667 0.579006 0.016000 0.013260
0 0.258000 0.601657 0.017333 0.014365
0 0.258667 0.625967 0.016000 0.014365
0 0.290667 0.648619 0.016000 0.013260
0 0.662667 0.555801 0.016000 0.015470
0 0.790667 0.578453 0.016000 0.014365
0 0.662667 0.602762 0.016000 0.014365
0 0.743333 0.625967 0.017333 0.014365
0 0.321333 0.765193 0.016000 0.014365
0 0.353333 0.788398 0.016000 0.014365
0 0.258667 0.811050 0.018667 0.013260
0 0.259333 0.834254 0.017333 0.013260
0 0.322000 0.856906 0.017333 0.012155
0 0.290667 0.880663 0.016000 0.015470
0 0.291333 0.904420 0.017333 0.014365
0 0.661333 0.765746 0.018667 0.017680
0 0.661333 0.787293 0.016000 0.014365
0 0.741333 0.811602 0.016000 0.016575
0 0.741333 0.834807 0.016000 0.014365
0 0.692667 0.857459 0.017333 0.013260
0 0.724667 0.880663 0.017333 0.013260
0 0.478000 0.971823 0.022667 0.020994
0 0.478667 0.717680 0.024000 0.023204
