0 0.284000 0.117232 0.016000 0.016949
0 0.619000 0.117232 0.018000 0.016949
0 0.813000 0.117232 0.018000 0.019774
0 0.659000 0.139124 0.018000 0.015537
0 0.725000 0.159605 0.018000 0.016949
0 0.284000 0.201977 0.016000 0.014124
0 0.633000 0.223164 0.018000 0.016949
0 0.756000 0.223870 0.016000 0.018362
0 0.301000 0.266949 0.018000 0.016949
0 0.825000 0.287429 0.018000 0.015537
0 0.424000 0.309322 0.016000 0.014124
0 0.495000 0.331215 0.018000 0.015537
0 0.495000 0.352401 0.018000 0.015537
0 0.760000 0.351695 0.016000 0.016949
0 0.832000 0.353107 0.020000 0.016949
0 0.247000 0.372881 0.018000 0.014124
0 0.583000 0.372881 0.018000 0.014124
0 0.742000 0.373588 0.020000 0.015537
0 0.777000 0.394774 0.018000 0.015537
0 0.637000 0.415960 0.018000 0.015537
0 0.195000 0.437147 0.018000 0.015537
0 0.601000 0.437147 0.018000 0.015537
0 0.725000 0.437147 0.018000 0.015537
0 0.830000 0.437147 0.020000 0.015537
0 0.248000 0.458333 0.016000 0.018362
0 0.389000 0.457627 0.018000 0.014124
0 0.283000 0.478814 0.018000 0.016949
0 0.371000 0.480226 0.018000 0.016949
0 0.266000 0.521893 0.020000 0.015537
0 0.689000 0.521893 0.018000 0.015537
0 0.300000 0.564266 0.016000 0.015537
0 0.442000 0.564266 0.016000 0.015537
0 0.160000 0.585452 0.020000 0.015537
0 0.389000 0.585452 0.018000 0.018362
0 0.302000 0.607345 0.016000 0.014124
0 0.389000 0.607345 0.018000 0.014124
0 0.283000 0.629944 0.018000 0.016949
0 0.372000 0.628531 0.020000 0.014124
0 0.531000 0.629237 0.018000 0.015537
0 0.177000 0.649011 0.018000 0.015537
0 0.423000 0.649718 0.018000 0.014124
0 0.689000 0.649718 0.018000 0.016949
0 0.832000 0.649718 0.024000 0.014124
0 0.195000 0.691384 0.018000 0.015537
0 0.477000 0.692797 0.018000 0.015537
0 0.672000 0.692090 0.020000 0.014124
0 0.707000 0.713983 0.018000 0.015537
0 0.794000 0.713983 0.016000 0.015537
0 0.407000 0.735169 0.018000 0.015537
0 0.565000 0.735876 0.018000 0.019774
0 0.265000 0.777542 0.018000 0.015537
0 0.248000 0.798729 0.020000 0.015537
0 0.618000 0.820621 0.020000 0.016949
0 0.459000 0.841808 0.018000 0.016949
