0 0.421000 0.120056 0.030000 0.025424
0 0.825000 0.171610 0.026000 0.021186
0 0.340000 0.209746 0.024000 0.018362
0 0.717000 0.210452 0.026000 0.022599
0 0.265000 0.322034 0.026000 0.022599
0 0.505000 0.320621 0.026000 0.019774
0 0.492000 0.357345 0.024000 0.022599
0 0.466000 0.396186 0.024000 0.021186
0 0.491000 0.469633 0.026000 0.021186
0 0.491000 0.543079 0.026000 0.018362
0 0.617000 0.543785 0.026000 0.025424
0 0.187000 0.580508 0.022000 0.022599
0 0.743000 0.580508 0.026000 0.022599
0 0.724000 0.619350 0.024000 0.024011
0 0.290000 0.654661 0.024000 0.021186
0 0.680000 0.690678 0.024000 0.022599
0 0.623000 0.728107 0.026000 0.021186
