0 0.429000 0.310734 0.018000 0.016949
0 0.316000 0.415254 0.020000 0.016949
0 0.263000 0.486582 0.018000 0.015537
0 0.121000 0.522599 0.018000 0.014124
0 0.501000 0.521186 0.018000 0.016949
0 0.227000 0.557910 0.018000 0.014124
0 0.705000 0.558616 0.018000 0.021186
0 0.227000 0.609463 0.018000 0.015537
0 0.579000 0.609463 0.018000 0.015537
0 0.810000 0.610169 0.016000 0.016949
0 0.775000 0.646186 0.018000 0.015537
0 0.227000 0.733051 0.018000 0.016949
0 0.563000 0.786017 0.018000 0.015537
0 0.280000 0.821328 0.016000 0.018362
0 0.563000 0.821328 0.018000 0.015537
0 0.845000 0.822034 0.018000 0.019774
0 0.509000 0.892655 0.018000 0.016949
0 0.615000 0.892655 0.018000 0.014124
0 0.883000 0.892655 0.022000 0.016949
0 0.457000 0.646893 0.018000 0.016949
0 0.598000 0.451977 0.020000 0.014124
