0 0.511875 0.094523 0.016250 0.014134
0 0.645000 0.094523 0.017500 0.012367
0 0.512500 0.113074 0.017500 0.014134
0 0.458750 0.131184 0.017500 0.013251
0 0.388750 0.149735 0.017500 0.013251
0 0.653125 0.150177 0.018750 0.014134
0 0.741875 0.298145 0.016250 0.011484
0 0.212500 0.113516 0.017500 0.013251
0 0.213125 0.131625 0.016250 0.012367
0 0.212500 0.149735 0.017500 0.013251
0 0.248125 0.242933 0.016250 0.012367
0 0.477500 0.298145 0.017500 0.015018
0 0.195000 0.390459 0.017500 0.014134
0 0.353750 0.391343 0.017500 0.014134
0 0.548125 0.390901 0.018750 0.013251
0 0.759375 0.390018 0.016250 0.015018
0 0.336250 0.409452 0.017500 0.015018
0 0.460000 0.427562 0.017500 0.014134
0 0.275000 0.446996 0.017500 0.012367
0 0.265625 0.464664 0.016250 0.014134
0 0.608750 0.446996 0.017500 0.014134
0 0.812500 0.427562 0.017500 0.014134
0 0.732500 0.446996 0.017500 0.015901
0 0.547500 0.520760 0.017500 0.013251
0 0.812500 0.502650 0.017500 0.015901
0 0.688750 0.539311 0.017500 0.013251
0 0.724375 0.557862 0.016250 0.015018
0 0.265625 0.519876 0.016250 0.013251
0 0.195000 0.649735 0.017500 0.013251
0 0.406250 0.649735 0.017500 0.013251
0 0.361875 0.686837 0.016250 0.011484
0 0.415000 0.686837 0.017500 0.013251
0 0.283125 0.723940 0.016250 0.013251
0 0.336250 0.742933 0.017500 0.014134
0 0.583125 0.724382 0.018750 0.014134
0 0.548750 0.669170 0.017500 0.015018
0 0.688750 0.668728 0.017500 0.015901
0 0.669375 0.686837 0.016250 0.013251
0 0.831250 0.668728 0.017500 0.012367
0 0.811875 0.723940 0.016250 0.013251
0 0.795000 0.742933 0.017500 0.014134
0 0.803125 0.094523 0.016250 0.014134
