0 0.509000 0.037234 0.018000 0.031915
0 0.179000 0.178191 0.018000 0.031915
0 0.180000 0.304521 0.020000 0.029255
0 0.503000 0.305851 0.018000 0.031915
0 0.107000 0.392287 0.018000 0.029255
0 0.251000 0.480053 0.018000 0.029255
0 0.430000 0.480053 0.020000 0.029255
0 0.629000 0.480053 0.018000 0.029255
0 0.254000 0.518617 0.020000 0.026596
0 0.541000 0.518617 0.018000 0.026596
0 0.143000 0.606383 0.018000 0.026596
0 0.377000 0.609043 0.018000 0.031915
0 0.610000 0.610372 0.016000 0.034574
0 0.184000 0.648936 0.020000 0.031915
0 0.669000 0.648936 0.018000 0.026596
0 0.107000 0.735372 0.018000 0.029255
0 0.215000 0.735372 0.018000 0.029255
0 0.305000 0.735372 0.018000 0.034574
0 0.396000 0.736702 0.020000 0.026596
0 0.502000 0.738032 0.016000 0.029255
0 0.143000 0.821809 0.018000 0.026596
0 0.234000 0.821809 0.020000 0.031915
0 0.395000 0.823138 0.018000 0.034574
0 0.502000 0.820479 0.020000 0.034574
0 0.663000 0.821809 0.018000 0.031915
0 0.735000 0.823138 0.018000 0.029255
0 0.109000 0.860372 0.018000 0.023936
0 0.038000 0.860372 0.020000 0.029255
0 0.095000 0.905585 0.018000 0.034574
0 0.185000 0.902926 0.018000 0.029255
0 0.311000 0.904255 0.018000 0.026596
0 0.345000 0.901596 0.018000 0.031915
0 0.897000 0.480053 0.018000 0.029255
0 0.896000 0.607713 0.020000 0.029255
0 0.825000 0.821809 0.018000 0.026596
0 0.883000 0.902926 0.018000 0.029255
0 0.974000 0.904255 0.020000 0.031915
0 0.358000 0.175532 0.020000 0.031915
