0 0.601000 0.127825 0.038000 0.026836
0 0.322000 0.165254 0.024000 0.019774
0 0.650000 0.164548 0.024000 0.018362
0 0.344000 0.238701 0.024000 0.019774
0 0.696000 0.239407 0.024000 0.021186
0 0.439000 0.275424 0.022000 0.019774
0 0.297000 0.312853 0.022000 0.018362
0 0.509000 0.312853 0.022000 0.018362
0 0.429000 0.349576 0.022000 0.018362
0 0.572000 0.349576 0.024000 0.018362
0 0.426000 0.423729 0.024000 0.019774
0 0.543000 0.423729 0.022000 0.019774
0 0.662000 0.424435 0.024000 0.018362
0 0.344000 0.608757 0.024000 0.019774
