0 0.481000 0.119350 0.030000 0.026836
0 0.454000 0.431497 0.024000 0.021186
0 0.416000 0.468220 0.024000 0.021186
0 0.290000 0.506356 0.024000 0.021186
0 0.416000 0.542373 0.024000 0.019774
0 0.163000 0.617232 0.026000 0.019774
0 0.542000 0.654661 0.024000 0.021186
0 0.340000 0.690678 0.024000 0.019774
0 0.290000 0.728107 0.024000 0.021186
0 0.833000 0.764831 0.026000 0.021186
0 0.265000 0.802966 0.026000 0.021186
0 0.719000 0.802260 0.026000 0.022599
0 0.241000 0.840395 0.026000 0.019774
0 0.416000 0.839689 0.024000 0.021186
