0 0.536000 0.103814 0.036000 0.026836
0 0.286000 0.141243 0.028000 0.022599
0 0.407000 0.252119 0.030000 0.024011
0 0.558000 0.437147 0.032000 0.024011
0 0.376000 0.512006 0.028000 0.024011
0 0.254000 0.548729 0.028000 0.024011
0 0.407000 0.585452 0.030000 0.024011
0 0.800000 0.586158 0.028000 0.025424
0 0.437000 0.659605 0.030000 0.022599
0 0.315000 0.697034 0.030000 0.024011
0 0.437000 0.733757 0.030000 0.024011
0 0.589000 0.733757 0.030000 0.024011
0 0.285000 0.845339 0.030000 0.024011
0 0.286000 0.881356 0.032000 0.022599
