0 0.293000 0.111283 0.038000 0.040185
0 0.282000 0.194745 0.024000 0.030912
0 0.723000 0.414219 0.026000 0.027821
0 0.354000 0.452087 0.024000 0.023184
0 0.625000 0.452087 0.022000 0.026275
0 0.403000 0.524730 0.022000 0.026275
0 0.282000 0.562597 0.024000 0.024730
0 0.183000 0.598918 0.022000 0.023184
0 0.428000 0.636012 0.024000 0.026275
0 0.562000 0.710974 0.024000 0.024730
0 0.479000 0.746522 0.026000 0.027821
0 0.674000 0.783617 0.024000 0.027821
0 0.490000 0.857805 0.024000 0.024730
0 0.625000 0.892581 0.026000 0.029366
