0 0.359000 0.099717 0.022000 0.018388
0 0.499000 0.099717 0.022000 0.018388
0 0.725000 0.126591 0.018000 0.018388
0 0.294000 0.155587 0.020000 0.019802
0 0.556000 0.155587 0.020000 0.019802
0 0.221000 0.182461 0.022000 0.016973
0 0.435000 0.210042 0.022000 0.018388
0 0.798000 0.210042 0.020000 0.018388
0 0.444000 0.237624 0.020000 0.016973
0 0.242000 0.264498 0.020000 0.016973
0 0.322000 0.294908 0.020000 0.015559
0 0.523000 0.292786 0.018000 0.019802
0 0.685000 0.292079 0.022000 0.021216
0 0.785000 0.293494 0.022000 0.015559
0 0.259000 0.348656 0.022000 0.018388
0 0.578000 0.350071 0.020000 0.021216
0 0.222000 0.377652 0.020000 0.016973
0 0.280000 0.405233 0.020000 0.018388
0 0.322000 0.432815 0.020000 0.016973
0 0.464000 0.461103 0.020000 0.016973
0 0.798000 0.488685 0.020000 0.018388
0 0.181000 0.571429 0.022000 0.016973
0 0.423000 0.571429 0.022000 0.016973
0 0.256000 0.599717 0.020000 0.016973
0 0.241000 0.627298 0.022000 0.018388
0 0.261000 0.657001 0.022000 0.018388
0 0.262000 0.683168 0.024000 0.019802
0 0.402000 0.683168 0.020000 0.016973
0 0.261000 0.710042 0.022000 0.019802
0 0.259000 0.738331 0.022000 0.016973
0 0.443000 0.765912 0.022000 0.018388
0 0.585000 0.765205 0.022000 0.019802
0 0.281000 0.793494 0.018000 0.016973
0 0.464000 0.794201 0.020000 0.018388
0 0.262000 0.821782 0.020000 0.016973
0 0.543000 0.822489 0.022000 0.018388
0 0.262000 0.847949 0.020000 0.018388
0 0.605000 0.848656 0.022000 0.019802
0 0.340000 0.349364 0.020000 0.016973
