0 0.372000 0.094633 0.020000 0.019774
0 0.724000 0.095339 0.020000 0.021186
0 0.260000 0.113701 0.020000 0.018362
0 0.675000 0.114407 0.022000 0.019774
0 0.422000 0.130650 0.020000 0.021186
0 0.382000 0.169492 0.020000 0.019774
0 0.301000 0.187853 0.022000 0.016949
0 0.705000 0.206215 0.022000 0.016949
0 0.523000 0.225282 0.022000 0.018362
0 0.725000 0.224576 0.022000 0.019774
0 0.442000 0.242938 0.020000 0.016949
0 0.706000 0.261299 0.020000 0.019774
0 0.624000 0.278955 0.020000 0.018362
0 0.806000 0.280367 0.020000 0.018362
0 0.706000 0.299435 0.024000 0.016949
0 0.280000 0.353814 0.020000 0.018362
0 0.725000 0.353814 0.022000 0.015537
0 0.704000 0.373588 0.020000 0.021186
0 0.422000 0.391243 0.020000 0.019774
0 0.805000 0.391243 0.022000 0.016949
0 0.503000 0.426554 0.022000 0.019774
0 0.584000 0.445621 0.020000 0.018362
0 0.407000 0.465395 0.022000 0.018362
0 0.281000 0.483051 0.022000 0.019774
0 0.382000 0.483051 0.020000 0.019774
0 0.684000 0.484463 0.020000 0.016949
0 0.825000 0.483051 0.022000 0.016949
0 0.302000 0.502825 0.024000 0.019774
0 0.362000 0.501412 0.020000 0.016949
0 0.684000 0.502825 0.024000 0.019774
0 0.302000 0.521186 0.024000 0.016949
0 0.384000 0.578390 0.024000 0.018362
0 0.281000 0.595339 0.022000 0.018362
0 0.584000 0.631356 0.020000 0.022599
0 0.825000 0.631356 0.022000 0.019774
0 0.242000 0.649718 0.024000 0.019774
0 0.603000 0.651130 0.018000 0.016949
0 0.241000 0.670198 0.022000 0.018362
0 0.362000 0.687853 0.024000 0.016949
0 0.423000 0.707627 0.022000 0.016949
0 0.633000 0.706921 0.022000 0.021186
0 0.282000 0.759887 0.020000 0.019774
0 0.401000 0.798729 0.022000 0.018362
0 0.201000 0.855226 0.022000 0.018362
