0 0.212000 0.098870 0.020000 0.016949
0 0.593000 0.098164 0.022000 0.021186
0 0.716000 0.099576 0.020000 0.021186
0 0.292000 0.136299 0.020000 0.018362
0 0.417000 0.172316 0.022000 0.022599
0 0.839000 0.227401 0.022000 0.016949
0 0.463000 0.256356 0.022000 0.024011
0 0.626000 0.257062 0.024000 0.022599
0 0.283000 0.282486 0.026000 0.019774
0 0.580000 0.312853 0.020000 0.018362
0 0.293000 0.349576 0.022000 0.021186
0 0.343000 0.385593 0.022000 0.019774
0 0.465000 0.386299 0.026000 0.018362
0 0.838000 0.385593 0.020000 0.019774
0 0.293000 0.451271 0.022000 0.015537
0 0.353000 0.514831 0.022000 0.026836
0 0.800000 0.543079 0.020000 0.018362
0 0.163000 0.627119 0.026000 0.019774
0 0.579000 0.681497 0.022000 0.021186
0 0.478000 0.710452 0.020000 0.016949
0 0.746000 0.867938 0.020000 0.018362
0 0.222000 0.896186 0.024000 0.021186
0 0.403000 0.896893 0.022000 0.019774
