0 0.845000 0.125706 0.018000 0.014124
0 0.804000 0.177966 0.020000 0.016949
0 0.209000 0.230932 0.018000 0.018362
0 0.367000 0.256356 0.018000 0.015537
0 0.750000 0.256356 0.020000 0.015537
0 0.129000 0.282486 0.022000 0.016949
0 0.230000 0.283192 0.020000 0.015537
0 0.552000 0.282486 0.020000 0.016949
0 0.855000 0.283192 0.022000 0.015537
0 0.290000 0.308616 0.020000 0.018362
0 0.258000 0.338983 0.024000 0.019774
0 0.367000 0.373588 0.018000 0.015537
0 0.312000 0.426554 0.020000 0.016949
0 0.471000 0.425847 0.018000 0.015537
0 0.290000 0.451977 0.020000 0.016949
0 0.694000 0.451977 0.020000 0.016949
0 0.830000 0.556497 0.020000 0.019774
0 0.428000 0.608757 0.020000 0.016949
0 0.149000 0.635593 0.018000 0.016949
0 0.280000 0.661017 0.020000 0.016949
0 0.623000 0.688559 0.018000 0.018362
0 0.240000 0.740113 0.020000 0.016949
0 0.610000 0.791667 0.020000 0.015537
0 0.129000 0.817797 0.018000 0.016949
0 0.432000 0.817090 0.020000 0.015537
0 0.508000 0.844633 0.020000 0.016949
