0 0.553000 0.104520 0.026000 0.022599
0 0.372000 0.141243 0.020000 0.019774
0 0.561000 0.177966 0.022000 0.019774
0 0.737000 0.178672 0.022000 0.018362
0 0.444000 0.215395 0.024000 0.021186
0 0.585000 0.326977 0.022000 0.018362
0 0.350000 0.400424 0.024000 0.018362
0 0.208000 0.437147 0.024000 0.018362
0 0.490000 0.511299 0.024000 0.016949
0 0.702000 0.511299 0.024000 0.019774
0 0.232000 0.548729 0.024000 0.018362
0 0.350000 0.549435 0.024000 0.019774
0 0.326000 0.586158 0.024000 0.019774
0 0.821000 0.549435 0.026000 0.019774
0 0.350000 0.659605 0.024000 0.019774
0 0.255000 0.770480 0.022000 0.018362
0 0.619000 0.845339 0.022000 0.018362
0 0.232000 0.882062 0.024000 0.018362
