0 0.553000 0.104328 0.022000 0.023184
0 0.626000 0.214065 0.024000 0.020093
0 0.503000 0.249614 0.026000 0.023184
0 0.797000 0.249614 0.022000 0.020093
0 0.282000 0.285935 0.024000 0.024730
0 0.747000 0.360124 0.022000 0.024730
0 0.233000 0.398764 0.022000 0.024730
0 0.307000 0.399536 0.022000 0.026275
0 0.774000 0.470634 0.024000 0.023184
0 0.331000 0.510046 0.026000 0.021638
0 0.307000 0.544822 0.026000 0.023184
0 0.477000 0.544822 0.022000 0.023184
0 0.234000 0.619011 0.024000 0.023184
0 0.428000 0.656105 0.024000 0.029366
0 0.550000 0.655332 0.024000 0.027821
0 0.823000 0.656105 0.030000 0.023184
0 0.699000 0.727975 0.022000 0.021638
0 0.551000 0.765070 0.026000 0.027821
0 0.795000 0.802164 0.026000 0.030912
