0 0.293000 0.072927 0.022000 0.013986
0 0.522000 0.072428 0.024000 0.016983
0 0.294000 0.101399 0.024000 0.014985
0 0.773000 0.101399 0.026000 0.014985
0 0.199000 0.130370 0.030000 0.014985
0 0.386000 0.157343 0.024000 0.014985
0 0.614000 0.157343 0.024000 0.012987
0 0.866000 0.158841 0.024000 0.013986
0 0.342000 0.171828 0.024000 0.013986
0 0.732000 0.172827 0.024000 0.015984
0 0.228000 0.187313 0.024000 0.012987
0 0.249000 0.200300 0.026000 0.014985
0 0.546000 0.201798 0.024000 0.013986
0 0.842000 0.201798 0.024000 0.015984
0 0.344000 0.215285 0.024000 0.012987
0 0.273000 0.229271 0.026000 0.014985
0 0.068000 0.243257 0.028000 0.018981
0 0.271000 0.257742 0.022000 0.015984
0 0.110000 0.272228 0.032000 0.012987
0 0.251000 0.271728 0.026000 0.011988
0 0.364000 0.271229 0.024000 0.014985
0 0.478000 0.272228 0.024000 0.014985
0 0.249000 0.286214 0.026000 0.010989
0 0.362000 0.286214 0.024000 0.012987
0 0.569000 0.285215 0.030000 0.014985
0 0.706000 0.285714 0.024000 0.017982
0 0.915000 0.285215 0.030000 0.014985
0 0.137000 0.298701 0.022000 0.015984
0 0.252000 0.299700 0.024000 0.013986
0 0.457000 0.300200 0.022000 0.012987
0 0.549000 0.301199 0.026000 0.014985
0 0.159000 0.314186 0.022000 0.014985
0 0.273000 0.315185 0.026000 0.012987
0 0.433000 0.315185 0.026000 0.014985
0 0.478000 0.314685 0.024000 0.011988
0 0.319000 0.329171 0.022000 0.012987
0 0.434000 0.329171 0.024000 0.014985
0 0.249000 0.343157 0.026000 0.012987
0 0.522000 0.343157 0.024000 0.012987
0 0.526000 0.357642 0.024000 0.013986
0 0.370000 0.372128 0.024000 0.014985
0 0.750000 0.372627 0.024000 0.015984
0 0.159000 0.384615 0.026000 0.015984
0 0.204000 0.400100 0.020000 0.014985
0 0.524000 0.401099 0.024000 0.014985
0 0.431000 0.427572 0.022000 0.015984
0 0.613000 0.428072 0.026000 0.012987
0 0.617000 0.443057 0.026000 0.012987
0 0.478000 0.456543 0.024000 0.013986
0 0.568000 0.486513 0.024000 0.015984
0 0.912000 0.487013 0.028000 0.014985
0 0.392000 0.513487 0.024000 0.015984
0 0.487000 0.556444 0.058000 0.031968
0 0.795000 0.556444 0.054000 0.031968
0 0.367000 0.588911 0.022000 0.016983
0 0.487000 0.588911 0.026000 0.014985
0 0.320000 0.603397 0.024000 0.015984
0 0.568000 0.617882 0.024000 0.014985
0 0.887000 0.617383 0.022000 0.015984
0 0.731000 0.631369 0.022000 0.013986
0 0.846000 0.632368 0.024000 0.013986
0 0.091000 0.646354 0.022000 0.013986
0 0.315000 0.660340 0.026000 0.013986
0 0.432000 0.659840 0.024000 0.016983
0 0.320000 0.673327 0.024000 0.013986
0 0.114000 0.688811 0.024000 0.014985
0 0.228000 0.688811 0.024000 0.012987
0 0.800000 0.689810 0.024000 0.014985
0 0.916000 0.689311 0.024000 0.013986
0 0.252000 0.703297 0.028000 0.013986
0 0.365000 0.703297 0.022000 0.015984
0 0.223000 0.717782 0.026000 0.012987
0 0.438000 0.716284 0.024000 0.015984
0 0.654000 0.718282 0.024000 0.013986
0 0.773000 0.717782 0.022000 0.014985
0 0.249000 0.731269 0.026000 0.011988
0 0.223000 0.745754 0.026000 0.012987
0 0.728000 0.745754 0.024000 0.012987
0 0.842000 0.745255 0.024000 0.015984
0 0.092000 0.773726 0.024000 0.012987
0 0.204000 0.773227 0.024000 0.015984
0 0.111000 0.787712 0.026000 0.014985
0 0.341000 0.788711 0.026000 0.014985
0 0.456000 0.788212 0.020000 0.015984
0 0.524000 0.789211 0.024000 0.015984
0 0.684000 0.788711 0.024000 0.012987
0 0.799000 0.788711 0.022000 0.012987
0 0.663000 0.803197 0.026000 0.011988
0 0.844000 0.803197 0.028000 0.015984
0 0.229000 0.817183 0.026000 0.015984
0 0.412000 0.817183 0.024000 0.015984
0 0.160000 0.830669 0.024000 0.014985
0 0.317000 0.845155 0.026000 0.013986
0 0.300000 0.859141 0.024000 0.013986
0 0.420000 0.859640 0.024000 0.014985
0 0.794000 0.859640 0.024000 0.014985
0 0.225000 0.888112 0.026000 0.013986
0 0.297000 0.903097 0.026000 0.015984
0 0.411000 0.903097 0.022000 0.015984
0 0.221000 0.930070 0.034000 0.013986
0 0.391000 0.930569 0.022000 0.016983
