0 0.254000 0.202740 0.020000 0.016438
0 0.273000 0.225342 0.018000 0.015068
0 0.649000 0.245890 0.022000 0.017808
0 0.359000 0.269863 0.022000 0.016438
0 0.698000 0.269863 0.020000 0.019178
0 0.804000 0.269863 0.020000 0.016438
0 0.190000 0.291781 0.020000 0.016438
0 0.612000 0.291781 0.020000 0.016438
0 0.381000 0.335616 0.018000 0.019178
0 0.612000 0.335616 0.020000 0.016438
0 0.762000 0.336986 0.020000 0.016438
0 0.212000 0.358219 0.020000 0.015068
0 0.381000 0.357534 0.022000 0.016438
0 0.486000 0.358219 0.020000 0.015068
0 0.232000 0.380822 0.020000 0.016438
0 0.783000 0.358219 0.022000 0.015068
0 0.337000 0.402740 0.022000 0.016438
0 0.483000 0.402055 0.018000 0.015068
0 0.733000 0.402740 0.018000 0.016438
0 0.360000 0.424658 0.020000 0.016438
0 0.316000 0.445205 0.020000 0.016438
0 0.191000 0.490411 0.018000 0.016438
0 0.486000 0.490411 0.020000 0.016438
0 0.634000 0.491781 0.020000 0.016438
0 0.413000 0.512329 0.022000 0.016438
0 0.847000 0.513014 0.018000 0.015068
0 0.630000 0.558219 0.020000 0.017808
0 0.169000 0.578082 0.022000 0.016438
0 0.376000 0.622603 0.024000 0.017808
0 0.582000 0.623288 0.020000 0.016438
0 0.708000 0.623973 0.020000 0.015068
