0 0.096000 0.023185 0.020000 0.022177
0 0.835000 0.025202 0.018000 0.022177
0 0.327000 0.278226 0.018000 0.020161
0 0.351000 0.301411 0.018000 0.026210
0 0.388000 0.440524 0.020000 0.026210
0 0.164000 0.553427 0.020000 0.026210
0 0.171000 0.577621 0.018000 0.022177
0 0.288000 0.579637 0.020000 0.022177
0 0.467000 0.665323 0.022000 0.024194
0 0.846000 0.740927 0.020000 0.026210
0 0.668000 0.766129 0.020000 0.024194
0 0.765000 0.765121 0.022000 0.022177
0 0.216000 0.906250 0.020000 0.026210
0 0.410000 0.906250 0.020000 0.026210
0 0.651000 0.904234 0.018000 0.026210
0 0.848000 0.906250 0.020000 0.026210
