0 0.494000 0.100282 0.016000 0.014124
0 0.318000 0.138418 0.016000 0.014124
0 0.407000 0.139831 0.018000 0.014124
0 0.248000 0.180085 0.016000 0.015537
0 0.300000 0.179379 0.016000 0.014124
0 0.531000 0.180085 0.018000 0.015537
0 0.743000 0.179379 0.018000 0.014124
0 0.266000 0.201977 0.016000 0.014124
0 0.459000 0.201977 0.014000 0.014124
0 0.777000 0.201977 0.018000 0.014124
0 0.319000 0.265537 0.018000 0.014124
0 0.443000 0.265537 0.018000 0.014124
0 0.531000 0.264831 0.018000 0.012712
0 0.284000 0.305791 0.020000 0.015537
0 0.230000 0.328390 0.020000 0.015537
0 0.283000 0.329096 0.018000 0.014124
0 0.494000 0.328390 0.016000 0.015537
0 0.636000 0.328390 0.016000 0.015537
0 0.407000 0.351695 0.018000 0.016949
0 0.574000 0.351695 0.016000 0.014124
0 0.743000 0.350989 0.014000 0.015537
0 0.212000 0.375000 0.016000 0.015537
0 0.248000 0.437147 0.020000 0.015537
0 0.248000 0.477401 0.016000 0.014124
0 0.584000 0.478107 0.016000 0.012712
0 0.795000 0.478107 0.018000 0.015537
0 0.390000 0.500000 0.016000 0.014124
0 0.284000 0.524011 0.016000 0.014124
0 0.284000 0.562853 0.016000 0.015537
0 0.248000 0.666667 0.016000 0.014124
0 0.424000 0.665960 0.016000 0.015537
0 0.249000 0.704096 0.018000 0.015537
0 0.460000 0.706215 0.016000 0.014124
0 0.539000 0.704802 0.018000 0.014124
0 0.699000 0.706215 0.018000 0.016949
0 0.822000 0.706215 0.016000 0.014124
0 0.539000 0.728814 0.018000 0.014124
0 0.636000 0.729520 0.016000 0.015537
0 0.247000 0.752119 0.018000 0.015537
0 0.354000 0.752825 0.016000 0.014124
0 0.336000 0.790960 0.016000 0.016949
0 0.283000 0.831215 0.014000 0.015537
0 0.583000 0.832627 0.018000 0.012712
0 0.479000 0.855932 0.018000 0.016949
0 0.654000 0.856638 0.016000 0.015537
0 0.812000 0.856638 0.016000 0.015537
0 0.372000 0.896186 0.020000 0.015537
0 0.689000 0.752825 0.018000 0.014124
