0 0.281000 0.134181 0.034000 0.022599
0 0.548000 0.057203 0.016000 0.012712
0 0.698000 0.261299 0.020000 0.016949
0 0.231000 0.343927 0.018000 0.015537
0 0.271000 0.399718 0.018000 0.016949
0 0.364000 0.427966 0.020000 0.014124
0 0.384000 0.455508 0.020000 0.015537
0 0.698000 0.456215 0.020000 0.016949
0 0.160000 0.483757 0.020000 0.015537
0 0.342000 0.483757 0.020000 0.015537
0 0.524000 0.483757 0.020000 0.015537
0 0.514000 0.510593 0.020000 0.015537
0 0.241000 0.538842 0.018000 0.015537
0 0.818000 0.511299 0.020000 0.016949
0 0.556000 0.567090 0.020000 0.018362
0 0.182000 0.594633 0.020000 0.014124
0 0.182000 0.622175 0.020000 0.015537
0 0.544000 0.622175 0.020000 0.015537
0 0.718000 0.650424 0.020000 0.015537
0 0.798000 0.650424 0.020000 0.015537
0 0.141000 0.677966 0.022000 0.016949
0 0.242000 0.677966 0.020000 0.016949
0 0.140000 0.705508 0.020000 0.015537
0 0.222000 0.705508 0.020000 0.015537
0 0.342000 0.705508 0.020000 0.015537
0 0.191000 0.733051 0.018000 0.016949
0 0.559000 0.733757 0.022000 0.018362
0 0.753000 0.733051 0.022000 0.016949
0 0.161000 0.760593 0.018000 0.015537
0 0.272000 0.760593 0.020000 0.018362
0 0.433000 0.761299 0.018000 0.016949
0 0.332000 0.788842 0.020000 0.015537
0 0.614000 0.788842 0.020000 0.015537
0 0.282000 0.816384 0.020000 0.016949
0 0.544000 0.816384 0.020000 0.016949
0 0.282000 0.843927 0.020000 0.015537
0 0.202000 0.872175 0.020000 0.015537
0 0.715000 0.871469 0.022000 0.016949
0 0.201000 0.899718 0.022000 0.016949
0 0.403000 0.899718 0.022000 0.016949
0 0.584000 0.899718 0.020000 0.016949
0 0.799000 0.899718 0.022000 0.016949
