0 0.582000 0.103814 0.024000 0.018362
0 0.186000 0.326977 0.024000 0.018362
0 0.469000 0.326271 0.022000 0.016949
0 0.373000 0.400424 0.022000 0.018362
0 0.398000 0.510593 0.024000 0.021186
0 0.563000 0.510593 0.022000 0.018362
0 0.680000 0.510593 0.024000 0.018362
0 0.210000 0.548729 0.024000 0.018362
0 0.344000 0.584746 0.024000 0.019774
0 0.674000 0.660311 0.024000 0.018362
0 0.304000 0.695621 0.024000 0.018362
0 0.821000 0.696328 0.022000 0.016949
0 0.345000 0.771893 0.022000 0.018362
0 0.581000 0.770480 0.026000 0.018362
0 0.280000 0.846045 0.024000 0.019774
