0 0.205371 0.058250 0.026475 0.021500
0 0.453101 0.058750 0.025719 0.021500
0 0.678896 0.058250 0.026475 0.022500
0 0.161876 0.124250 0.027231 0.020500
0 0.505295 0.125250 0.027231 0.023500
0 0.616868 0.125500 0.026475 0.021000
0 0.397126 0.190750 0.027231 0.019500
0 0.269289 0.256000 0.025719 0.022000
0 0.256430 0.407750 0.025719 0.020500
0 0.389939 0.455250 0.027988 0.022500
0 0.220877 0.517750 0.027231 0.020500
0 0.164523 0.539000 0.024962 0.021000
0 0.783661 0.541500 0.027231 0.025000
0 0.600227 0.563500 0.024962 0.019000
0 0.413389 0.729750 0.029501 0.019500
0 0.356278 0.752500 0.028744 0.020000
0 0.694402 0.755000 0.027231 0.018000
0 0.726929 0.915250 0.027231 0.020500
0 0.249622 0.913250 0.025719 0.020500
