0 0.103000 0.042433 0.034000 0.025460
0 0.080000 0.103960 0.016000 0.018388
0 0.806000 0.104668 0.016000 0.014144
0 0.883000 0.130835 0.018000 0.015559
0 0.061000 0.276521 0.022000 0.012730
0 0.641000 0.357850 0.018000 0.016973
0 0.304000 0.452617 0.016000 0.014144
0 0.586000 0.452617 0.016000 0.014144
0 0.690000 0.454031 0.016000 0.014144
0 0.128000 0.507072 0.016000 0.015559
0 0.349000 0.544554 0.018000 0.014144
0 0.281000 0.838755 0.018000 0.014144
0 0.451000 0.181754 0.018000 0.012730
0 0.283000 0.385431 0.018000 0.012730
0 0.608000 0.854314 0.016000 0.014144
