0 0.242000 0.103814 0.024000 0.018362
0 0.433000 0.214689 0.022000 0.016949
0 0.549000 0.215395 0.022000 0.021186
0 0.161000 0.289548 0.022000 0.016949
0 0.703000 0.290254 0.022000 0.021186
0 0.304000 0.326271 0.024000 0.019774
0 0.444000 0.326271 0.020000 0.016949
0 0.750000 0.362994 0.020000 0.016949
0 0.185000 0.399718 0.022000 0.016949
0 0.538000 0.399718 0.020000 0.016949
0 0.608000 0.399718 0.024000 0.019774
0 0.820000 0.400424 0.024000 0.018362
0 0.597000 0.512006 0.022000 0.018362
0 0.632000 0.548729 0.020000 0.018362
0 0.773000 0.548729 0.022000 0.018362
0 0.396000 0.585452 0.020000 0.021186
0 0.479000 0.660311 0.022000 0.021186
0 0.643000 0.659605 0.022000 0.016949
0 0.761000 0.658898 0.022000 0.018362
0 0.281000 0.695621 0.022000 0.018362
0 0.491000 0.697034 0.022000 0.018362
0 0.791000 0.695621 0.022000 0.018362
0 0.232000 0.733757 0.020000 0.021186
0 0.443000 0.734463 0.022000 0.019774
0 0.562000 0.735169 0.024000 0.018362
0 0.749000 0.733051 0.022000 0.019774
0 0.537000 0.769774 0.022000 0.016949
0 0.338000 0.844633 0.020000 0.016949
0 0.515000 0.882062 0.022000 0.018362
