0 0.141454 0.206304 0.027505 0.051576
0 0.243615 0.203438 0.027505 0.051576
0 0.129666 0.260745 0.027505 0.051576
0 0.305501 0.260745 0.025540 0.045845
0 0.178782 0.316619 0.027505 0.048711
0 0.098232 0.372493 0.027505 0.045845
0 0.224951 0.375358 0.025540 0.051576
0 0.098232 0.428367 0.027505 0.048711
0 0.098232 0.482808 0.027505 0.048711
0 0.478389 0.209169 0.025540 0.051576
0 0.551081 0.265043 0.029470 0.048711
0 0.313360 0.551576 0.025540 0.048711
0 0.312377 0.671920 0.027505 0.060172
0 0.628684 0.640401 0.027505 0.054441
0 0.374263 0.770774 0.025540 0.051576
0 0.741650 0.310888 0.025540 0.060172
0 0.767191 0.421203 0.025540 0.045845
0 0.957760 0.935530 0.025540 0.042980
