0 0.326000 0.100282 0.016000 0.014124
0 0.618000 0.295198 0.016000 0.014124
0 0.647000 0.334040 0.014000 0.012712
0 0.391000 0.372175 0.014000 0.015537
0 0.325000 0.400424 0.014000 0.012712
0 0.644000 0.401130 0.016000 0.014124
0 0.376000 0.494350 0.016000 0.014124
0 0.375000 0.533192 0.014000 0.012712
0 0.375000 0.454802 0.014000 0.014124
0 0.375000 0.571328 0.014000 0.015537
0 0.326000 0.600989 0.016000 0.015537
0 0.391000 0.693503 0.014000 0.014124
0 0.527000 0.731638 0.014000 0.014124
0 0.390000 0.771186 0.016000 0.014124
0 0.512000 0.771893 0.016000 0.012712
0 0.325000 0.800847 0.014000 0.014124
0 0.422000 0.801554 0.016000 0.012712
0 0.466000 0.834746 0.016000 0.014124
0 0.421000 0.872175 0.014000 0.012712
0 0.674000 0.240113 0.016000 0.014124
