0 0.638000 0.104520 0.036000 0.028249
0 0.397000 0.178672 0.026000 0.018362
0 0.680000 0.215395 0.024000 0.021186
0 0.326000 0.326977 0.024000 0.018362
0 0.561000 0.326271 0.022000 0.019774
0 0.302000 0.362994 0.024000 0.016949
0 0.586000 0.363701 0.024000 0.018362
0 0.491000 0.437147 0.026000 0.018362
0 0.350000 0.512712 0.024000 0.019774
0 0.561000 0.548729 0.026000 0.018362
0 0.326000 0.586158 0.024000 0.016949
0 0.750000 0.586158 0.024000 0.019774
0 0.350000 0.660311 0.024000 0.021186
0 0.538000 0.659605 0.024000 0.019774
0 0.350000 0.771186 0.024000 0.019774
0 0.326000 0.807910 0.024000 0.019774
0 0.654000 0.807910 0.024000 0.016949
0 0.326000 0.844633 0.024000 0.019774
0 0.161000 0.882062 0.026000 0.021186
