0 0.225000 0.631890 0.014000 0.011811
0 0.206000 0.297900 0.020000 0.015748
0 0.373000 0.199475 0.014000 0.010499
0 0.913000 0.198819 0.014000 0.011811
0 0.102000 0.197507 0.016000 0.011811
0 0.820000 0.385171 0.012000 0.011811
0 0.592000 0.725722 0.016000 0.013123
0 0.637000 0.885827 0.014000 0.010499
0 0.874000 0.872047 0.012000 0.011811
0 0.271000 0.185696 0.014000 0.011811
0 0.700000 0.725722 0.016000 0.013123
0 0.115000 0.510499 0.014000 0.010499
0 0.849000 0.726378 0.014000 0.011811
0 0.163000 0.483596 0.014000 0.011811
0 0.827000 0.710630 0.014000 0.011811
0 0.487000 0.185696 0.014000 0.011811
0 0.713000 0.855643 0.014000 0.010499
0 0.891000 0.658136 0.026000 0.019685
0 0.240000 0.074147 0.060000 0.101050
0 0.364000 0.156824 0.024000 0.019685
0 0.769000 0.681759 0.026000 0.019685
0 0.454000 0.449475 0.024000 0.019685
0 0.825000 0.870735 0.014000 0.011811
