0 0.464000 0.103814 0.024000 0.021186
0 0.735000 0.144774 0.022000 0.021186
0 0.203000 0.220339 0.022000 0.019774
0 0.241000 0.299435 0.026000 0.019774
0 0.452000 0.341102 0.024000 0.021186
0 0.593000 0.339689 0.022000 0.021186
0 0.368000 0.377825 0.024000 0.021186
0 0.405000 0.420904 0.022000 0.022599
0 0.462000 0.456921 0.024000 0.024011
0 0.533000 0.455508 0.022000 0.021186
0 0.885000 0.456215 0.022000 0.022599
0 0.203000 0.493644 0.022000 0.021186
0 0.645000 0.536017 0.022000 0.021186
0 0.833000 0.536017 0.022000 0.021186
0 0.869000 0.689972 0.022000 0.021186
