0 0.478000 0.118056 0.044000 0.044753
0 0.245000 0.180556 0.018000 0.018519
0 0.605000 0.180556 0.018000 0.018519
0 0.551000 0.201389 0.018000 0.020062
0 0.191000 0.222222 0.018000 0.018519
0 0.839000 0.220679 0.018000 0.018519
0 0.281000 0.263117 0.018000 0.016975
0 0.209000 0.283951 0.018000 0.018519
0 0.785000 0.284722 0.018000 0.020062
0 0.281000 0.304784 0.018000 0.020062
0 0.587000 0.305556 0.018000 0.018519
0 0.192000 0.388117 0.020000 0.023148
0 0.713000 0.387346 0.018000 0.021605
0 0.264000 0.450617 0.020000 0.021605
0 0.389000 0.469907 0.018000 0.020062
0 0.174000 0.490741 0.020000 0.018519
0 0.389000 0.492284 0.018000 0.018519
0 0.281000 0.513117 0.018000 0.016975
0 0.209000 0.532407 0.018000 0.018519
0 0.595000 0.534722 0.018000 0.020062
0 0.740000 0.533179 0.020000 0.020062
0 0.208000 0.552469 0.020000 0.018519
0 0.678000 0.552469 0.020000 0.021605
0 0.281000 0.574074 0.018000 0.021605
0 0.604000 0.574846 0.016000 0.020062
0 0.442000 0.595679 0.016000 0.018519
0 0.317000 0.636574 0.018000 0.016975
0 0.514000 0.658179 0.020000 0.016975
0 0.227000 0.679012 0.018000 0.021605
0 0.659000 0.677469 0.018000 0.018519
0 0.767000 0.678241 0.018000 0.020062
0 0.623000 0.758488 0.018000 0.023148
0 0.425000 0.782407 0.018000 0.024691
0 0.317000 0.842593 0.018000 0.024691
0 0.173000 0.862654 0.018000 0.021605
0 0.245000 0.864969 0.018000 0.020062
0 0.227000 0.885802 0.018000 0.018519
