0 0.609000 0.096045 0.018000 0.019774
0 0.760000 0.256356 0.020000 0.018362
0 0.460000 0.276836 0.020000 0.019774
0 0.743000 0.279661 0.018000 0.019774
0 0.477000 0.299435 0.018000 0.019774
0 0.433000 0.319209 0.022000 0.019774
0 0.443000 0.448446 0.018000 0.021186
0 0.840000 0.533192 0.016000 0.018362
0 0.647000 0.555085 0.018000 0.019774
0 0.371000 0.576271 0.018000 0.016949
0 0.689000 0.576271 0.018000 0.019774
0 0.372000 0.598164 0.020000 0.015537
0 0.452000 0.617938 0.020000 0.018362
0 0.301000 0.639831 0.018000 0.019774
0 0.699000 0.661723 0.018000 0.018362
0 0.653000 0.682910 0.018000 0.021186
0 0.371000 0.703390 0.018000 0.016949
0 0.213000 0.725282 0.018000 0.018362
0 0.619000 0.726695 0.018000 0.018362
0 0.742000 0.724576 0.020000 0.016949
0 0.265000 0.746469 0.018000 0.021186
0 0.781000 0.747175 0.018000 0.019774
0 0.530000 0.768362 0.016000 0.016949
0 0.266000 0.853814 0.020000 0.021186
0 0.353000 0.852401 0.018000 0.018362
0 0.565000 0.852401 0.018000 0.021186
0 0.655000 0.853814 0.018000 0.021186
0 0.795000 0.853814 0.018000 0.018362
0 0.371000 0.875000 0.018000 0.015537
0 0.547000 0.874294 0.018000 0.022599
0 0.196000 0.512006 0.016000 0.015537
