0 0.634000 0.118582 0.052000 0.026895
0 0.263000 0.192747 0.030000 0.015485
0 0.208000 0.276691 0.028000 0.013855
0 0.487000 0.341891 0.026000 0.012225
0 0.384000 0.359413 0.024000 0.011410
0 0.463000 0.405053 0.026000 0.014670
0 0.595000 0.404238 0.026000 0.014670
0 0.336000 0.439283 0.024000 0.011410
0 0.462000 0.440098 0.024000 0.011410
0 0.386000 0.456398 0.024000 0.011410
0 0.513000 0.456805 0.026000 0.012225
0 0.529000 0.518337 0.026000 0.013040
0 0.339000 0.553382 0.026000 0.013040
0 0.510000 0.587205 0.024000 0.012225
0 0.334000 0.749796 0.024000 0.013040
0 0.258000 0.767726 0.024000 0.011410
