0 0.572000 0.116525 0.020000 0.024011
0 0.352000 0.205508 0.020000 0.026836
0 0.292000 0.248588 0.020000 0.025424
0 0.625000 0.293785 0.022000 0.025424
0 0.766000 0.293079 0.020000 0.021186
0 0.181000 0.332627 0.022000 0.026836
0 0.159000 0.375706 0.026000 0.022599
0 0.524000 0.375000 0.020000 0.024011
0 0.494000 0.625706 0.020000 0.022599
0 0.756000 0.626412 0.020000 0.021186
0 0.161000 0.710452 0.022000 0.022599
0 0.292000 0.753531 0.020000 0.024011
0 0.494000 0.754944 0.024000 0.024011
0 0.221000 0.798729 0.022000 0.024011
0 0.301000 0.798729 0.022000 0.021186
0 0.292000 0.843220 0.020000 0.022599
0 0.696000 0.843927 0.020000 0.021186
0 0.424000 0.887006 0.020000 0.022599
0 0.806000 0.498588 0.020000 0.019774
