0 0.410588 0.388794 0.030588 0.026518
0 0.565294 0.251069 0.055294 0.067579
0 0.274706 0.459795 0.027059 0.023097
0 0.620588 0.495723 0.027059 0.021386
0 0.619412 0.567151 0.022353 0.023952
0 0.307059 0.603935 0.028235 0.020530
0 0.742353 0.603935 0.021176 0.022241
0 0.262353 0.641574 0.025882 0.022241
0 0.501765 0.640291 0.027059 0.019675
0 0.787059 0.640291 0.025882 0.021386
0 0.720000 0.675791 0.025882 0.018820
0 0.593529 0.676219 0.024706 0.019675
0 0.343529 0.677502 0.023529 0.022241
0 0.571765 0.711292 0.023529 0.021386
0 0.744118 0.710864 0.027059 0.020530
0 0.801176 0.745509 0.025882 0.021386
0 0.403529 0.746364 0.023529 0.021386
0 0.389412 0.784431 0.028235 0.023952
0 0.531765 0.784003 0.021176 0.019675
0 0.220588 0.821215 0.022353 0.020530
0 0.604706 0.820787 0.028235 0.023097
0 0.322353 0.857571 0.023529 0.021386
0 0.262353 0.184773 0.023529 0.022241
