0 0.613000 0.103107 0.022000 0.019774
0 0.238000 0.324153 0.024000 0.018362
0 0.541000 0.324153 0.022000 0.018362
0 0.667000 0.361582 0.022000 0.016949
0 0.517000 0.472458 0.026000 0.018362
0 0.692000 0.472458 0.024000 0.018362
0 0.819000 0.471751 0.022000 0.019774
0 0.364000 0.510593 0.024000 0.018362
0 0.419000 0.546610 0.022000 0.016949
0 0.772000 0.620763 0.024000 0.018362
0 0.414000 0.657486 0.024000 0.018362
0 0.263000 0.694209 0.022000 0.018362
0 0.418000 0.732345 0.024000 0.021186
0 0.670000 0.732345 0.024000 0.021186
0 0.238000 0.805791 0.024000 0.021186
0 0.516000 0.879237 0.024000 0.018362
