0 0.709000 0.101695 0.022000 0.016949
0 0.226000 0.156073 0.020000 0.018362
0 0.283000 0.208333 0.022000 0.018362
0 0.259000 0.295904 0.022000 0.018362
0 0.294000 0.351695 0.020000 0.016949
0 0.456000 0.402542 0.024000 0.016949
0 0.294000 0.528249 0.020000 0.016949
0 0.262000 0.619350 0.024000 0.018362
0 0.317000 0.673023 0.022000 0.018362
0 0.236000 0.723870 0.020000 0.015537
0 0.236000 0.776130 0.020000 0.015537
0 0.306000 0.776836 0.020000 0.016949
0 0.698000 0.777542 0.024000 0.021186
0 0.687000 0.814972 0.022000 0.019774
