0 0.476000 0.097458 0.020000 0.016949
0 0.263000 0.151836 0.018000 0.015537
0 0.262000 0.206921 0.020000 0.015537
0 0.545000 0.206921 0.018000 0.015537
0 0.223000 0.261299 0.018000 0.014124
0 0.262000 0.288842 0.020000 0.015537
0 0.244000 0.397599 0.020000 0.015537
0 0.244000 0.479520 0.020000 0.015537
0 0.304000 0.533898 0.020000 0.016949
0 0.626000 0.534605 0.020000 0.015537
0 0.677000 0.562147 0.018000 0.016949
0 0.526000 0.588983 0.020000 0.016949
0 0.667000 0.588277 0.022000 0.015537
0 0.768000 0.588277 0.020000 0.015537
0 0.213000 0.616525 0.018000 0.015537
0 0.223000 0.643362 0.018000 0.015537
0 0.545000 0.671610 0.018000 0.015537
0 0.626000 0.671610 0.020000 0.015537
0 0.726000 0.670904 0.020000 0.016949
0 0.415000 0.697740 0.018000 0.014124
0 0.737000 0.698446 0.018000 0.015537
0 0.798000 0.698446 0.020000 0.015537
0 0.213000 0.725282 0.018000 0.015537
0 0.576000 0.725989 0.020000 0.016949
0 0.838000 0.725282 0.020000 0.015537
0 0.213000 0.752825 0.018000 0.014124
0 0.476000 0.752825 0.020000 0.014124
0 0.152000 0.780367 0.020000 0.015537
0 0.262000 0.889831 0.020000 0.016949
