0 0.257000 0.103814 0.022000 0.021186
0 0.327000 0.104520 0.026000 0.019774
0 0.657000 0.103814 0.022000 0.021186
0 0.305000 0.140537 0.022000 0.018362
0 0.751000 0.141949 0.022000 0.021186
0 0.821000 0.140537 0.026000 0.021186
0 0.234000 0.177966 0.024000 0.019774
0 0.303000 0.179379 0.026000 0.022599
0 0.634000 0.179379 0.024000 0.022599
0 0.704000 0.178672 0.024000 0.021186
0 0.469000 0.289548 0.022000 0.022599
0 0.163000 0.325565 0.022000 0.021186
0 0.799000 0.400424 0.026000 0.018362
0 0.422000 0.474576 0.024000 0.019774
0 0.233000 0.548729 0.022000 0.021186
0 0.410000 0.586864 0.024000 0.026836
0 0.621000 0.586158 0.022000 0.022599
0 0.305000 0.659605 0.022000 0.019774
0 0.233000 0.660311 0.022000 0.021186
0 0.774000 0.660311 0.024000 0.021186
0 0.422000 0.772599 0.024000 0.025424
0 0.492000 0.882062 0.024000 0.021186
0 0.257000 0.770480 0.022000 0.021186
0 0.257000 0.882062 0.022000 0.018362
0 0.610000 0.882062 0.024000 0.021186
