0 0.463000 0.114407 0.034000 0.028249
0 0.295000 0.162429 0.018000 0.016949
0 0.520000 0.161723 0.024000 0.018362
0 0.444000 0.201271 0.020000 0.018362
0 0.605000 0.200565 0.022000 0.019774
0 0.766000 0.201271 0.020000 0.018362
0 0.240000 0.240113 0.020000 0.019774
0 0.625000 0.370056 0.022000 0.019774
0 0.221000 0.408898 0.018000 0.018362
0 0.363000 0.532486 0.018000 0.022599
0 0.686000 0.533192 0.020000 0.018362
0 0.404000 0.611582 0.020000 0.019774
0 0.383000 0.651130 0.018000 0.016949
0 0.383000 0.694915 0.018000 0.019774
0 0.220000 0.773305 0.020000 0.021186
0 0.665000 0.774718 0.018000 0.018362
0 0.404000 0.819209 0.020000 0.019774
