0 0.447000 0.096045 0.018000 0.014124
0 0.478000 0.384181 0.020000 0.016949
0 0.249000 0.406073 0.018000 0.015537
0 0.512000 0.426554 0.016000 0.014124
0 0.212000 0.448446 0.016000 0.015537
0 0.723000 0.491525 0.018000 0.016949
0 0.637000 0.512006 0.018000 0.015537
0 0.389000 0.533192 0.018000 0.015537
0 0.442000 0.554379 0.016000 0.015537
0 0.477000 0.576271 0.018000 0.014124
0 0.706000 0.617938 0.016000 0.015537
0 0.477000 0.639831 0.018000 0.014124
0 0.739000 0.682203 0.018000 0.016949
0 0.734000 0.810734 0.016000 0.014124
0 0.565000 0.874294 0.018000 0.014124
