0 0.509000 0.060028 0.018000 0.018362
0 0.489000 0.087571 0.022000 0.016949
0 0.776000 0.125000 0.020000 0.018362
0 0.367000 0.123588 0.022000 0.018362
0 0.185000 0.346751 0.022000 0.015537
0 0.145000 0.457627 0.022000 0.016949
0 0.702000 0.531780 0.020000 0.015537
0 0.526000 0.643362 0.020000 0.018362
0 0.626000 0.680085 0.020000 0.018362
0 0.487000 0.716808 0.022000 0.015537
0 0.674000 0.717514 0.020000 0.016949
0 0.548000 0.754237 0.020000 0.016949
0 0.675000 0.754237 0.022000 0.016949
0 0.191000 0.829096 0.022000 0.016949
0 0.351000 0.903249 0.022000 0.018362
