0 0.383000 0.108911 0.034000 0.025460
0 0.254000 0.192362 0.028000 0.022631
0 0.310000 0.266620 0.028000 0.021216
0 0.316000 0.301273 0.028000 0.022631
0 0.281000 0.340877 0.026000 0.025460
0 0.447000 0.451909 0.026000 0.024045
0 0.249000 0.489392 0.026000 0.022631
0 0.588000 0.526874 0.028000 0.024045
0 0.785000 0.527581 0.026000 0.022631
0 0.332000 0.562942 0.028000 0.022631
0 0.616000 0.563649 0.028000 0.024045
0 0.412000 0.599717 0.028000 0.022631
0 0.579000 0.599717 0.026000 0.025460
0 0.720000 0.600424 0.028000 0.024045
0 0.674000 0.638614 0.028000 0.024045
0 0.221000 0.712164 0.030000 0.024045
0 0.674000 0.710750 0.028000 0.024045
0 0.390000 0.784300 0.028000 0.024045
0 0.316000 0.822489 0.028000 0.021216
0 0.678000 0.862093 0.028000 0.024045
