0 0.601000 0.093927 0.018000 0.015537
0 0.706000 0.095339 0.016000 0.015537
0 0.619000 0.112994 0.018000 0.016949
0 0.283000 0.168079 0.018000 0.016949
0 0.354000 0.168079 0.020000 0.016949
0 0.177000 0.187147 0.018000 0.018362
0 0.689000 0.187147 0.018000 0.018362
0 0.159000 0.206215 0.022000 0.014124
0 0.566000 0.205508 0.016000 0.015537
0 0.777000 0.205508 0.018000 0.015537
0 0.372000 0.260593 0.016000 0.015537
0 0.707000 0.278955 0.018000 0.015537
0 0.477000 0.298023 0.018000 0.016949
0 0.283000 0.353814 0.018000 0.015537
0 0.654000 0.353107 0.016000 0.016949
0 0.213000 0.372175 0.018000 0.015537
0 0.612000 0.372175 0.016000 0.015537
0 0.718000 0.372175 0.016000 0.015537
0 0.371000 0.390537 0.018000 0.015537
0 0.812000 0.390537 0.016000 0.015537
0 0.371000 0.409605 0.018000 0.014124
0 0.531000 0.186441 0.018000 0.014124
0 0.267000 0.298023 0.018000 0.014124
