0 0.359000 0.099537 0.018000 0.016975
0 0.626000 0.212191 0.016000 0.016975
0 0.297000 0.257716 0.018000 0.015432
0 0.453000 0.280093 0.018000 0.016975
0 0.525000 0.304012 0.018000 0.018519
0 0.437000 0.325617 0.018000 0.015432
0 0.605000 0.347222 0.018000 0.018519
0 0.745000 0.348765 0.018000 0.018519
0 0.376000 0.369599 0.016000 0.016975
0 0.627000 0.371142 0.018000 0.020062
0 0.149000 0.393519 0.018000 0.015432
0 0.257000 0.415895 0.018000 0.016975
0 0.526000 0.439043 0.016000 0.013889
0 0.213000 0.461420 0.018000 0.018519
0 0.508000 0.461420 0.020000 0.015432
0 0.582000 0.484568 0.020000 0.018519
0 0.399000 0.485340 0.018000 0.020062
0 0.489000 0.528549 0.018000 0.016975
0 0.245000 0.597994 0.018000 0.020062
0 0.401000 0.598765 0.018000 0.018519
0 0.519000 0.597222 0.018000 0.018519
0 0.638000 0.596451 0.016000 0.020062
0 0.797000 0.574846 0.018000 0.016975
0 0.617000 0.438272 0.018000 0.015432
