0 0.272000 0.103960 0.024000 0.021216
0 0.358000 0.139321 0.020000 0.024045
0 0.271000 0.178218 0.022000 0.022631
0 0.467000 0.212871 0.022000 0.021216
0 0.272000 0.287129 0.024000 0.022631
0 0.271000 0.398868 0.022000 0.025460
0 0.795000 0.434936 0.022000 0.021216
0 0.816000 0.511315 0.020000 0.021216
0 0.281000 0.575672 0.022000 0.025460
0 0.339000 0.615983 0.026000 0.024045
0 0.281000 0.649929 0.022000 0.024045
0 0.195000 0.685997 0.022000 0.022631
0 0.314000 0.686704 0.020000 0.024045
0 0.337000 0.760962 0.026000 0.019802
0 0.293000 0.798444 0.022000 0.024045
0 0.281000 0.836634 0.022000 0.021216
0 0.194000 0.872702 0.024000 0.025460
0 0.587000 0.872702 0.022000 0.022631
0 0.751000 0.872702 0.022000 0.022631
0 0.501000 0.689533 0.022000 0.021216
