0 0.472000 0.084040 0.020000 0.015537
0 0.656000 0.196328 0.016000 0.014124
0 0.281000 0.456921 0.018000 0.015537
0 0.352000 0.474576 0.016000 0.014124
0 0.573000 0.494350 0.018000 0.014124
0 0.573000 0.549435 0.018000 0.014124
0 0.792000 0.586158 0.020000 0.014124
0 0.721000 0.623588 0.018000 0.015537
0 0.350000 0.678672 0.016000 0.015537
0 0.573000 0.679379 0.018000 0.016949
0 0.417000 0.734463 0.018000 0.014124
0 0.737000 0.771893 0.018000 0.012712
0 0.534000 0.827684 0.016000 0.014124
0 0.273000 0.901130 0.018000 0.014124
