0 0.528000 0.103253 0.024000 0.022631
0 0.626000 0.248232 0.020000 0.018388
0 0.807000 0.287129 0.022000 0.016973
0 0.516000 0.323197 0.020000 0.021216
0 0.441000 0.361386 0.022000 0.018388
0 0.403000 0.396747 0.026000 0.021216
0 0.813000 0.430693 0.022000 0.018388
0 0.309000 0.515559 0.022000 0.021216
0 0.668000 0.596888 0.020000 0.019802
0 0.749000 0.596888 0.022000 0.019802
0 0.470000 0.626591 0.020000 0.016973
0 0.590000 0.625177 0.020000 0.016973
0 0.288000 0.708628 0.020000 0.019802
0 0.667000 0.735502 0.022000 0.019802
0 0.148000 0.765205 0.020000 0.016973
0 0.208000 0.792079 0.020000 0.019802
0 0.365000 0.792786 0.022000 0.018388
0 0.566000 0.792079 0.020000 0.016973
0 0.516000 0.819661 0.020000 0.018388
0 0.651000 0.849364 0.022000 0.018388
