0 0.486000 0.174435 0.024000 0.024011
0 0.542000 0.175141 0.028000 0.025424
0 0.747000 0.325565 0.022000 0.021186
0 0.261000 0.350282 0.022000 0.019774
0 0.221000 0.377119 0.022000 0.019774
0 0.232000 0.402542 0.020000 0.019774
0 0.654000 0.402542 0.020000 0.016949
0 0.837000 0.402542 0.022000 0.019774
0 0.564000 0.482345 0.020000 0.021186
0 0.715000 0.586158 0.022000 0.016949
0 0.291000 0.610169 0.022000 0.022599
0 0.554000 0.611582 0.020000 0.019774
0 0.735000 0.611582 0.022000 0.022599
0 0.684000 0.637712 0.020000 0.021186
0 0.403000 0.665254 0.022000 0.019774
0 0.745000 0.664548 0.022000 0.021186
0 0.725000 0.691384 0.022000 0.018362
0 0.424000 0.714689 0.024000 0.019774
0 0.766000 0.714689 0.020000 0.022599
0 0.383000 0.739407 0.018000 0.024011
0 0.685000 0.741525 0.022000 0.016949
0 0.261000 0.769068 0.022000 0.021186
0 0.644000 0.769068 0.020000 0.021186
0 0.241000 0.793785 0.022000 0.019774
0 0.624000 0.794492 0.020000 0.021186
0 0.766000 0.793785 0.024000 0.022599
0 0.664000 0.820621 0.020000 0.022599
0 0.242000 0.848870 0.020000 0.025424
0 0.645000 0.850282 0.022000 0.022599
