0 0.217000 0.104520 0.026000 0.031073
0 0.285000 0.137712 0.026000 0.026836
0 0.446000 0.137712 0.028000 0.026836
0 0.580000 0.141243 0.028000 0.033898
0 0.770000 0.138418 0.028000 0.028249
0 0.567000 0.239407 0.026000 0.029661
0 0.326000 0.304379 0.028000 0.024011
0 0.541000 0.305791 0.026000 0.026836
0 0.515000 0.340395 0.030000 0.025424
0 0.403000 0.370763 0.030000 0.029661
0 0.217000 0.404661 0.026000 0.021186
0 0.162000 0.467514 0.028000 0.025424
0 0.728000 0.535311 0.028000 0.025424
0 0.512000 0.571328 0.028000 0.026836
0 0.593000 0.603814 0.026000 0.026836
