0 0.373000 0.536775 0.018000 0.018388
0 0.128000 0.595474 0.020000 0.014144
0 0.363000 0.596181 0.018000 0.015559
0 0.483000 0.596181 0.022000 0.015559
0 0.234000 0.614569 0.020000 0.015559
0 0.375000 0.614569 0.018000 0.015559
0 0.127000 0.632956 0.018000 0.012730
0 0.187000 0.632249 0.018000 0.014144
0 0.275000 0.632249 0.018000 0.014144
0 0.369000 0.633663 0.018000 0.014144
0 0.427000 0.633663 0.018000 0.014144
0 0.176000 0.652051 0.016000 0.014144
0 0.255000 0.652758 0.022000 0.015559
0 0.362000 0.652051 0.016000 0.014144
0 0.451000 0.652758 0.018000 0.015559
0 0.242000 0.671146 0.020000 0.018388
0 0.310000 0.689533 0.020000 0.015559
0 0.401000 0.689533 0.022000 0.015559
0 0.292000 0.710042 0.020000 0.016973
0 0.381000 0.708628 0.018000 0.016973
0 0.463000 0.708628 0.018000 0.014144
