0 0.386000 0.250706 0.020000 0.015537
0 0.439000 0.251412 0.018000 0.016949
0 0.740000 0.367938 0.016000 0.015537
0 0.177000 0.310028 0.018000 0.015537
0 0.177000 0.290254 0.018000 0.015537
0 0.389000 0.310028 0.018000 0.015537
0 0.389000 0.290254 0.018000 0.015537
0 0.333000 0.251412 0.018000 0.014124
0 0.282000 0.211864 0.020000 0.016949
0 0.177000 0.270480 0.018000 0.015537
0 0.173000 0.250706 0.018000 0.015537
0 0.389000 0.270480 0.018000 0.015537
0 0.140000 0.388418 0.020000 0.016949
0 0.581000 0.231638 0.018000 0.016949
0 0.245000 0.250706 0.018000 0.015537
0 0.353000 0.211864 0.018000 0.016949
0 0.635000 0.230932 0.018000 0.015537
