0 0.257000 0.103814 0.026000 0.021186
0 0.468000 0.213983 0.024000 0.018362
0 0.633000 0.214689 0.026000 0.022599
0 0.366000 0.400424 0.024000 0.021186
0 0.516000 0.437147 0.024000 0.021186
0 0.672000 0.473870 0.028000 0.021186
0 0.208000 0.548729 0.024000 0.021186
0 0.672000 0.584746 0.024000 0.019774
0 0.468000 0.622881 0.028000 0.019774
0 0.444000 0.659605 0.024000 0.019774
0 0.256000 0.696328 0.024000 0.019774
0 0.633000 0.696328 0.026000 0.022599
0 0.303000 0.771186 0.026000 0.019774
0 0.551000 0.807910 0.026000 0.019774
0 0.763000 0.807203 0.026000 0.018362
0 0.457000 0.845339 0.026000 0.018362
0 0.303000 0.882768 0.026000 0.022599
0 0.539000 0.882062 0.026000 0.024011
