0 0.478333 0.103774 0.036667 0.028302
0 0.400000 0.158019 0.026667 0.023585
0 0.403333 0.248821 0.026667 0.025943
0 0.753333 0.248821 0.026667 0.025943
0 0.403333 0.285377 0.026667 0.023585
0 0.726667 0.285377 0.026667 0.023585
0 0.405000 0.321934 0.023333 0.021226
0 0.726667 0.321934 0.026667 0.021226
0 0.215000 0.360849 0.023333 0.023585
0 0.538333 0.359670 0.023333 0.021226
0 0.430000 0.396226 0.026667 0.023585
0 0.645000 0.397406 0.023333 0.021226
0 0.161667 0.433962 0.030000 0.023585
0 0.188333 0.470519 0.030000 0.025943
0 0.403333 0.470519 0.026667 0.025943
0 0.620000 0.508255 0.026667 0.025943
0 0.350000 0.562500 0.026667 0.025943
0 0.753333 0.562500 0.026667 0.025943
0 0.163333 0.636792 0.026667 0.023585
0 0.296667 0.688679 0.026667 0.023585
0 0.323333 0.726415 0.026667 0.023585
0 0.296667 0.780660 0.026667 0.023585
0 0.751667 0.779481 0.030000 0.025943
0 0.456667 0.817217 0.026667 0.025943
0 0.618333 0.854953 0.030000 0.025943
0 0.700000 0.890330 0.026667 0.021226
0 0.673333 0.778302 0.026667 0.023585
