0 0.446000 0.095339 0.020000 0.021186
0 0.759000 0.298023 0.018000 0.019774
0 0.389000 0.319915 0.018000 0.018362
0 0.653000 0.341808 0.018000 0.016949
0 0.219000 0.362994 0.018000 0.019774
0 0.820000 0.362994 0.020000 0.019774
0 0.337000 0.383475 0.018000 0.018362
0 0.424000 0.383475 0.016000 0.021186
0 0.219000 0.404661 0.018000 0.018362
0 0.159000 0.425847 0.022000 0.018362
0 0.493000 0.426554 0.018000 0.016949
0 0.656000 0.447740 0.020000 0.019774
0 0.707000 0.490113 0.018000 0.019774
0 0.212000 0.512006 0.020000 0.018362
0 0.461000 0.510593 0.018000 0.021186
0 0.531000 0.511299 0.018000 0.019774
0 0.319000 0.533192 0.018000 0.018362
0 0.212000 0.596751 0.020000 0.018362
0 0.371000 0.596751 0.018000 0.018362
0 0.618000 0.597458 0.020000 0.019774
0 0.247000 0.640537 0.018000 0.024011
0 0.353000 0.661017 0.018000 0.019774
0 0.407000 0.682203 0.018000 0.019774
0 0.319000 0.745763 0.018000 0.016949
0 0.301000 0.788842 0.018000 0.018362
0 0.265000 0.811441 0.018000 0.024011
0 0.158000 0.831921 0.020000 0.019774
0 0.707000 0.833333 0.018000 0.022599
