0 0.506000 0.068600 0.028000 0.032532
0 0.414000 0.219943 0.024000 0.018388
0 0.191000 0.272984 0.022000 0.022631
0 0.292000 0.318953 0.020000 0.018388
0 0.715000 0.318246 0.022000 0.022631
0 0.373000 0.342999 0.022000 0.024045
0 0.453000 0.444837 0.022000 0.021216
0 0.327000 0.472419 0.022000 0.019802
0 0.735000 0.496464 0.022000 0.025460
0 0.574000 0.522631 0.024000 0.024045
0 0.192000 0.574257 0.024000 0.022631
0 0.469000 0.601132 0.022000 0.019802
0 0.589000 0.599717 0.022000 0.019802
0 0.599000 0.625177 0.022000 0.019802
0 0.670000 0.652051 0.020000 0.019802
0 0.802000 0.676803 0.020000 0.024045
0 0.280000 0.753182 0.020000 0.021216
0 0.685000 0.754597 0.022000 0.024045
0 0.292000 0.780057 0.024000 0.021216
0 0.191000 0.830976 0.022000 0.021216
0 0.293000 0.857850 0.022000 0.024045
0 0.726000 0.935644 0.024000 0.024045
