0 0.473000 0.065693 0.018000 0.025547
0 0.313000 0.097628 0.018000 0.023723
0 0.403000 0.097628 0.018000 0.027372
0 0.584000 0.097628 0.020000 0.027372
0 0.621000 0.096715 0.018000 0.025547
0 0.765000 0.096715 0.018000 0.025547
0 0.783000 0.130474 0.018000 0.023723
0 0.205000 0.162409 0.018000 0.025547
0 0.313000 0.193431 0.018000 0.025547
0 0.476000 0.195255 0.020000 0.025547
0 0.240000 0.224453 0.020000 0.021898
0 0.567000 0.224453 0.018000 0.021898
0 0.804000 0.224453 0.024000 0.029197
0 0.332000 0.258212 0.020000 0.023723
0 0.458000 0.257299 0.020000 0.025547
0 0.313000 0.289234 0.018000 0.023723
0 0.512000 0.291058 0.020000 0.027372
0 0.748000 0.290146 0.020000 0.025547
0 0.240000 0.324818 0.020000 0.025547
0 0.349000 0.322080 0.018000 0.023723
0 0.566000 0.323905 0.020000 0.027372
0 0.621000 0.323905 0.018000 0.027372
0 0.204000 0.355839 0.020000 0.029197
0 0.379000 0.355839 0.018000 0.021898
0 0.554000 0.354015 0.020000 0.021898
0 0.368000 0.386861 0.020000 0.021898
0 0.421000 0.386861 0.018000 0.021898
0 0.567000 0.386861 0.018000 0.021898
0 0.674000 0.386861 0.020000 0.021898
0 0.783000 0.386861 0.018000 0.025547
0 0.313000 0.420620 0.018000 0.027372
0 0.441000 0.419708 0.022000 0.025547
0 0.259000 0.451642 0.018000 0.023723
0 0.350000 0.451642 0.020000 0.023723
0 0.602000 0.451642 0.020000 0.023723
0 0.457000 0.480839 0.018000 0.020073
0 0.602000 0.485401 0.020000 0.025547
0 0.259000 0.547445 0.018000 0.021898
0 0.459000 0.547445 0.018000 0.025547
0 0.695000 0.548358 0.018000 0.027372
0 0.404000 0.611314 0.020000 0.021898
0 0.567000 0.611314 0.018000 0.025547
0 0.385000 0.676095 0.018000 0.023723
0 0.803000 0.741788 0.022000 0.034672
0 0.512000 0.130474 0.020000 0.020073
