0 0.659000 0.162659 0.030000 0.022631
0 0.516000 0.251061 0.016000 0.012730
0 0.509000 0.269448 0.018000 0.012730
0 0.852000 0.269448 0.020000 0.012730
0 0.446000 0.287129 0.016000 0.014144
0 0.566000 0.288543 0.016000 0.014144
0 0.806000 0.288543 0.016000 0.014144
0 0.612000 0.307638 0.016000 0.015559
0 0.444000 0.345120 0.016000 0.014144
0 0.120000 0.776521 0.016000 0.014144
0 0.359000 0.815417 0.018000 0.015559
0 0.226000 0.853607 0.016000 0.012730
0 0.808000 0.642150 0.016000 0.014144
0 0.772000 0.662659 0.016000 0.012730
