0 0.441000 0.095339 0.026000 0.026836
0 0.665000 0.235876 0.022000 0.019774
0 0.269000 0.289548 0.022000 0.022599
0 0.230000 0.317090 0.020000 0.021186
0 0.330000 0.372175 0.020000 0.021186
0 0.270000 0.400424 0.020000 0.021186
0 0.778000 0.427966 0.020000 0.022599
0 0.477000 0.455508 0.022000 0.018362
0 0.807000 0.455508 0.022000 0.021186
0 0.306000 0.483051 0.024000 0.022599
0 0.329000 0.511299 0.022000 0.019774
0 0.253000 0.596751 0.022000 0.021186
0 0.534000 0.595339 0.020000 0.021186
0 0.400000 0.681497 0.020000 0.021186
0 0.694000 0.680085 0.020000 0.021186
0 0.827000 0.682203 0.022000 0.022599
0 0.308000 0.706921 0.020000 0.018362
0 0.552000 0.707627 0.020000 0.019774
0 0.666000 0.709040 0.020000 0.016949
0 0.440000 0.793079 0.020000 0.018362
0 0.666000 0.792373 0.020000 0.019774
0 0.778000 0.821328 0.020000 0.018362
0 0.346000 0.848870 0.020000 0.019774
0 0.627000 0.848870 0.022000 0.019774
