0 0.424375 0.104682 0.038750 0.030919
0 0.528125 0.189929 0.026250 0.019435
0 0.332500 0.264576 0.025000 0.022085
0 0.701875 0.265459 0.023750 0.022085
0 0.755000 0.301678 0.025000 0.020318
0 0.218750 0.339223 0.025000 0.021201
0 0.460625 0.338781 0.026250 0.020318
0 0.728125 0.338781 0.026250 0.022085
0 0.621875 0.375883 0.028750 0.020318
0 0.271250 0.411661 0.025000 0.021201
0 0.782500 0.523852 0.025000 0.019435
0 0.540625 0.561396 0.023750 0.022085
0 0.540625 0.597615 0.026250 0.018551
0 0.741875 0.634276 0.026250 0.021201
0 0.528125 0.671820 0.026250 0.022085
0 0.822500 0.670495 0.027500 0.022968
0 0.378750 0.708922 0.027500 0.020318
0 0.728125 0.709364 0.026250 0.022968
0 0.487500 0.745583 0.022500 0.021201
0 0.299375 0.857774 0.028750 0.021201
0 0.783125 0.856890 0.026250 0.022968
0 0.730000 0.892226 0.027500 0.022968
