0 0.168287 0.075796 0.040097 0.030988
0 0.414945 0.142797 0.044957 0.030988
0 0.269137 0.245394 0.023086 0.020101
0 0.625759 0.311139 0.024301 0.019263
0 0.153706 0.342965 0.020656 0.017588
0 0.433779 0.343384 0.024301 0.020101
0 0.422236 0.376466 0.023086 0.017588
0 0.318348 0.441374 0.021871 0.018425
0 0.154313 0.474037 0.021871 0.016750
0 0.320778 0.506281 0.021871 0.017588
0 0.523694 0.441792 0.021871 0.017588
0 0.904010 0.310302 0.021871 0.017588
0 0.674970 0.376047 0.023086 0.016750
0 0.750911 0.376047 0.021871 0.016750
0 0.854192 0.376047 0.021871 0.016750
0 0.587485 0.408710 0.023086 0.018425
0 0.826853 0.441374 0.020656 0.016750
0 0.853584 0.539363 0.023086 0.018425
0 0.474484 0.605109 0.020656 0.017588
0 0.470838 0.637772 0.020656 0.019263
0 0.678615 0.702680 0.023086 0.018425
0 0.806197 0.702680 0.020656 0.016750
0 0.689550 0.768844 0.023086 0.018425
0 0.589307 0.735343 0.021871 0.018425
0 0.690765 0.801508 0.023086 0.018425
0 0.869988 0.801089 0.021871 0.017588
0 0.588700 0.865997 0.023086 0.018425
0 0.496962 0.899497 0.021871 0.018425
0 0.128190 0.767588 0.020656 0.017588
0 0.218712 0.702680 0.021871 0.016750
0 0.384569 0.735762 0.020656 0.019263
0 0.397327 0.768425 0.021871 0.017588
0 0.231470 0.801089 0.023086 0.017588
0 0.383961 0.801508 0.021871 0.018425
0 0.243013 0.899916 0.021871 0.019263
0 0.547388 0.077889 0.042527 0.030151
0 0.218104 0.539363 0.023086 0.018425
0 0.218712 0.604690 0.021871 0.021776
0 0.231470 0.735343 0.023086 0.020101
0 0.843864 0.736181 0.020656 0.018425
