0 0.171020 0.606667 0.018657 0.060000
0 0.251866 0.740000 0.016169 0.040000
0 0.260572 0.635000 0.013682 0.043333
0 0.345149 0.665000 0.013682 0.043333
0 0.414801 0.128333 0.013682 0.043333
0 0.432836 0.720000 0.014925 0.046667
0 0.497512 0.675000 0.014925 0.043333
0 0.484453 0.723333 0.013682 0.040000
0 0.516169 0.160000 0.014925 0.046667
0 0.557214 0.160000 0.014925 0.046667
0 0.658582 0.266667 0.018657 0.046667
0 0.749378 0.185000 0.016169 0.050000
0 0.726990 0.233333 0.013682 0.040000
0 0.856965 0.195000 0.012438 0.050000
0 0.848259 0.301667 0.014925 0.043333
0 0.608831 0.731667 0.013682 0.036667
