0 0.493000 0.096181 0.018000 0.016973
0 0.299000 0.115276 0.018000 0.021216
0 0.173000 0.132249 0.018000 0.015559
0 0.503000 0.131542 0.014000 0.014144
0 0.205000 0.149929 0.018000 0.016973
0 0.473000 0.166902 0.018000 0.016973
0 0.431000 0.446959 0.018000 0.016973
0 0.728000 0.557992 0.016000 0.021216
0 0.567000 0.577793 0.018000 0.018388
0 0.379000 0.765205 0.018000 0.016973
0 0.252000 0.836634 0.016000 0.015559
0 0.189000 0.857143 0.018000 0.016973
0 0.299000 0.859972 0.018000 0.016973
0 0.494000 0.859264 0.016000 0.015559
0 0.283000 0.913013 0.018000 0.012730
0 0.394000 0.913013 0.016000 0.018388
0 0.394000 0.282885 0.016000 0.014144
0 0.300000 0.375530 0.016000 0.012730
0 0.292000 0.690948 0.016000 0.012730
