0 0.290000 0.140537 0.024000 0.021186
0 0.214000 0.215395 0.024000 0.021186
0 0.618000 0.289548 0.024000 0.019774
0 0.794000 0.399718 0.024000 0.019774
0 0.365000 0.437147 0.026000 0.021186
0 0.441000 0.511299 0.026000 0.019774
0 0.821000 0.548023 0.026000 0.019774
0 0.366000 0.658898 0.024000 0.021186
0 0.164000 0.696328 0.024000 0.019774
0 0.642000 0.697034 0.024000 0.021186
0 0.189000 0.733051 0.026000 0.022599
0 0.240000 0.770480 0.024000 0.021186
0 0.542000 0.770480 0.024000 0.021186
0 0.820000 0.770480 0.024000 0.021186
0 0.416000 0.807203 0.024000 0.021186
0 0.315000 0.843927 0.026000 0.021186
0 0.618000 0.844633 0.024000 0.019774
0 0.214000 0.882768 0.024000 0.022599
