0 0.301008 0.035000 0.037783 0.018000
0 0.683879 0.103500 0.037783 0.019000
0 0.428212 0.164000 0.035264 0.016000
0 0.704030 0.164500 0.042821 0.017000
0 0.545340 0.184000 0.037783 0.016000
0 0.545340 0.245000 0.037783 0.018000
0 0.693955 0.392000 0.037783 0.020000
0 0.282116 0.451500 0.040302 0.017000
0 0.557935 0.451000 0.037783 0.018000
0 0.459698 0.470500 0.037783 0.017000
0 0.557935 0.600500 0.037783 0.017000
0 0.716625 0.601000 0.037783 0.016000
0 0.498741 0.620000 0.035264 0.016000
0 0.084383 0.693000 0.042821 0.018000
0 0.280856 0.692500 0.037783 0.017000
0 0.521411 0.692500 0.035264 0.017000
0 0.755668 0.693000 0.040302 0.018000
0 0.439547 0.711000 0.037783 0.016000
0 0.677582 0.712500 0.035264 0.017000
0 0.675063 0.764500 0.040302 0.017000
0 0.162469 0.783000 0.037783 0.016000
0 0.400504 0.783000 0.035264 0.016000
0 0.636020 0.783000 0.037783 0.018000
0 0.380353 0.801500 0.040302 0.017000
0 0.618388 0.802000 0.037783 0.016000
0 0.124685 0.875500 0.037783 0.017000
0 0.321159 0.876000 0.037783 0.018000
0 0.518892 0.875500 0.040302 0.015000
0 0.714106 0.876000 0.037783 0.016000
0 0.598237 0.894500 0.037783 0.017000
0 0.251889 0.943500 0.040302 0.015000
0 0.525189 0.944000 0.037783 0.016000
