0 0.722000 0.101695 0.024000 0.022599
0 0.346000 0.139124 0.024000 0.021186
0 0.267000 0.176554 0.026000 0.022599
0 0.266000 0.214689 0.024000 0.022599
0 0.587000 0.214689 0.026000 0.022599
0 0.348000 0.322740 0.024000 0.024011
0 0.401000 0.362288 0.026000 0.021186
0 0.614000 0.398305 0.028000 0.022599
0 0.428000 0.437147 0.024000 0.024011
0 0.265000 0.473164 0.026000 0.019774
0 0.617000 0.472458 0.026000 0.024011
0 0.455000 0.509887 0.026000 0.025424
0 0.184000 0.548023 0.024000 0.022599
0 0.643000 0.547316 0.026000 0.026836
0 0.239000 0.584746 0.026000 0.025424
0 0.481000 0.586158 0.026000 0.025424
0 0.129000 0.622175 0.034000 0.026836
