0 0.328000 0.084000 0.060000 0.088000
0 0.835000 0.086667 0.046000 0.088000
0 0.028000 0.213333 0.020000 0.032000
0 0.186000 0.398667 0.028000 0.040000
0 0.328000 0.304000 0.024000 0.032000
0 0.528000 0.212000 0.020000 0.029333
0 0.185000 0.698667 0.026000 0.037333
0 0.409000 0.541333 0.022000 0.037333
0 0.419000 0.578667 0.022000 0.037333
0 0.437000 0.697333 0.022000 0.034667
0 0.145000 0.797333 0.026000 0.042667
0 0.685000 0.401333 0.026000 0.045333
0 0.685000 0.701333 0.026000 0.037333
0 0.936000 0.698667 0.020000 0.032000
0 0.644000 0.794667 0.024000 0.037333
0 0.901000 0.542667 0.022000 0.034667
0 0.911000 0.578667 0.022000 0.032000
0 0.828000 0.304000 0.024000 0.042667
