0 0.233000 0.072848 0.018000 0.016556
0 0.742000 0.072020 0.016000 0.014901
0 0.263000 0.177980 0.018000 0.014901
0 0.225000 0.225993 0.018000 0.018212
0 0.263000 0.274834 0.018000 0.016556
0 0.026000 0.460265 0.024000 0.019868
0 0.110000 0.562086 0.020000 0.018212
0 0.109000 0.610099 0.018000 0.018212
0 0.109000 0.657285 0.018000 0.016556
0 0.264000 0.707781 0.020000 0.018212
0 0.110000 0.754967 0.016000 0.016556
0 0.225000 0.801325 0.018000 0.016556
0 0.475000 0.838576 0.018000 0.014901
0 0.167000 0.861755 0.018000 0.018212
