0 0.473000 0.093927 0.018000 0.021186
0 0.402000 0.132062 0.016000 0.018362
0 0.843000 0.149718 0.018000 0.016949
0 0.456000 0.168785 0.020000 0.018362
0 0.473000 0.204802 0.018000 0.022599
0 0.704000 0.223164 0.020000 0.019774
0 0.650000 0.242232 0.020000 0.018362
0 0.322000 0.259181 0.020000 0.021186
0 0.385000 0.296610 0.018000 0.016949
0 0.349000 0.315678 0.018000 0.021186
0 0.773000 0.315678 0.018000 0.018362
0 0.154000 0.335452 0.020000 0.018362
0 0.260000 0.557203 0.020000 0.021186
0 0.367000 0.556497 0.018000 0.016949
0 0.491000 0.575565 0.018000 0.018362
0 0.173000 0.612288 0.018000 0.018362
0 0.385000 0.630650 0.018000 0.015537
0 0.544000 0.630650 0.020000 0.015537
0 0.403000 0.649011 0.022000 0.015537
0 0.755000 0.649718 0.018000 0.019774
0 0.685000 0.668079 0.018000 0.016949
0 0.437000 0.685734 0.018000 0.021186
0 0.349000 0.723870 0.018000 0.021186
0 0.809000 0.723164 0.018000 0.019774
0 0.367000 0.759181 0.018000 0.018362
0 0.845000 0.760593 0.022000 0.018362
0 0.225000 0.778955 0.018000 0.021186
0 0.701000 0.778955 0.018000 0.018362
0 0.526000 0.817090 0.020000 0.018362
0 0.667000 0.835452 0.018000 0.018362
0 0.208000 0.853107 0.020000 0.019774
0 0.191000 0.870763 0.018000 0.021186
0 0.791000 0.872175 0.018000 0.021186
0 0.702000 0.891243 0.020000 0.025424
