0 0.273125 0.102915 0.028750 0.023852
0 0.575000 0.102473 0.030000 0.026502
0 0.293125 0.218198 0.021250 0.019435
0 0.332500 0.273852 0.020000 0.017668
0 0.341875 0.301678 0.018750 0.016784
0 0.331875 0.330830 0.018750 0.018551
0 0.292500 0.357774 0.020000 0.017668
0 0.332500 0.358216 0.020000 0.018551
0 0.433750 0.357332 0.022500 0.018551
0 0.534375 0.357332 0.018750 0.015018
0 0.635000 0.356890 0.020000 0.014134
0 0.483750 0.385601 0.020000 0.016784
0 0.251250 0.468198 0.020000 0.015901
0 0.777500 0.469523 0.020000 0.018551
0 0.272500 0.525177 0.020000 0.018551
0 0.514375 0.523410 0.021250 0.018551
0 0.665000 0.523410 0.020000 0.016784
0 0.181875 0.552120 0.021250 0.017668
0 0.362500 0.551237 0.020000 0.017668
0 0.543750 0.551678 0.017500 0.016784
0 0.251250 0.579064 0.020000 0.018551
0 0.372500 0.579064 0.020000 0.016784
0 0.533125 0.579064 0.021250 0.018551
0 0.736250 0.579505 0.022500 0.017668
0 0.815625 0.578622 0.018750 0.019435
0 0.348750 0.606890 0.020000 0.017668
0 0.598750 0.606449 0.020000 0.016784
0 0.252500 0.633834 0.020000 0.018551
0 0.493750 0.635601 0.017500 0.018551
0 0.676875 0.635159 0.021250 0.017668
0 0.282500 0.662102 0.020000 0.018551
0 0.488750 0.664753 0.017500 0.018551
0 0.716875 0.663869 0.018750 0.018551
0 0.383125 0.689929 0.018750 0.015901
0 0.442500 0.719081 0.020000 0.017668
0 0.321250 0.772968 0.020000 0.017668
0 0.463750 0.774293 0.020000 0.016784
0 0.261875 0.802562 0.023750 0.018551
0 0.483750 0.829505 0.020000 0.021201
0 0.261875 0.857774 0.021250 0.017668
0 0.361875 0.858657 0.018750 0.017668
0 0.694375 0.858216 0.018750 0.018551
0 0.301250 0.886042 0.020000 0.017668
