0 0.324000 0.102546 0.024000 0.018388
0 0.765000 0.141443 0.022000 0.022631
0 0.655000 0.176803 0.022000 0.019802
0 0.384000 0.212871 0.024000 0.018388
0 0.410000 0.251768 0.024000 0.019802
0 0.738000 0.251768 0.024000 0.022631
0 0.558000 0.289250 0.024000 0.018388
0 0.325000 0.325318 0.022000 0.019802
0 0.468000 0.325318 0.024000 0.022631
0 0.796000 0.325318 0.020000 0.022631
0 0.279000 0.363508 0.022000 0.019802
0 0.490000 0.362801 0.024000 0.021216
0 0.338000 0.399576 0.024000 0.018388
0 0.245000 0.437058 0.026000 0.019802
0 0.279000 0.473833 0.022000 0.022631
0 0.534000 0.475248 0.024000 0.019802
0 0.742000 0.474540 0.024000 0.021216
0 0.789000 0.509901 0.022000 0.021216
0 0.398000 0.547383 0.024000 0.019802
0 0.514000 0.548091 0.024000 0.021216
0 0.798000 0.546676 0.024000 0.021216
0 0.244000 0.659123 0.024000 0.019802
0 0.503000 0.659123 0.026000 0.022631
0 0.369000 0.695191 0.022000 0.018388
0 0.673000 0.696605 0.022000 0.018388
0 0.388000 0.732673 0.024000 0.019802
0 0.624000 0.733380 0.024000 0.021216
0 0.360000 0.770156 0.024000 0.018388
0 0.573000 0.807638 0.026000 0.019802
0 0.832000 0.807638 0.024000 0.019802
0 0.326000 0.879774 0.024000 0.019802
