0 0.409000 0.156000 0.058000 0.098667
0 0.654000 0.158667 0.060000 0.098667
0 0.223000 0.270667 0.038000 0.056000
0 0.405000 0.272000 0.038000 0.053333
0 0.513000 0.272000 0.034000 0.053333
0 0.623000 0.272000 0.038000 0.053333
0 0.875000 0.320000 0.034000 0.048000
0 0.511000 0.460000 0.038000 0.050667
0 0.913000 0.457333 0.038000 0.045333
0 0.622000 0.553333 0.040000 0.050667
0 0.875000 0.550667 0.038000 0.045333
0 0.441000 0.609333 0.034000 0.056000
0 0.188000 0.653333 0.036000 0.048000
0 0.332000 0.656000 0.032000 0.048000
0 0.550000 0.653333 0.032000 0.053333
0 0.694000 0.658667 0.036000 0.053333
