0 0.299000 0.141949 0.026000 0.021186
0 0.298000 0.180085 0.024000 0.021186
0 0.419000 0.213983 0.022000 0.018362
0 0.378000 0.289548 0.024000 0.019774
0 0.648000 0.326271 0.020000 0.022599
0 0.607000 0.401130 0.022000 0.019774
0 0.298000 0.437853 0.024000 0.019774
0 0.351000 0.474576 0.022000 0.016949
0 0.246000 0.512006 0.024000 0.021186
0 0.461000 0.510593 0.022000 0.018362
0 0.648000 0.511299 0.024000 0.019774
0 0.404000 0.548023 0.020000 0.019774
0 0.488000 0.548023 0.024000 0.019774
0 0.306000 0.586158 0.024000 0.022599
0 0.326000 0.661017 0.024000 0.022599
0 0.808000 0.696328 0.020000 0.019774
0 0.339000 0.771186 0.022000 0.019774
0 0.392000 0.771186 0.024000 0.019774
0 0.446000 0.770480 0.024000 0.018362
0 0.580000 0.771186 0.024000 0.019774
0 0.661000 0.770480 0.022000 0.018362
0 0.742000 0.772599 0.028000 0.022599
0 0.299000 0.807203 0.022000 0.018362
0 0.541000 0.807203 0.026000 0.021186
0 0.299000 0.882062 0.022000 0.021186
0 0.513000 0.881356 0.026000 0.019774
